dec| 00h| 01h| 02h| 03h| 04h| 05h| 06h| 07h| 08h| 09h| 10h| 11h| 12h| 13h| 14h| 15h| 16h| 17h| 18h| 19h| 20h| 21h| 22h| 23h|
 01|  55|  74|  91|  84|  87|  92| 157| 123|  39|  1 |??? |  1 |??? |??? |  42|  87|  94| 131| 118|  94| 146| 119|  94|  76|
 02|  66| 102| 100| 118| 127| 117| 145| 133| 141|  71| 123|  80|  90| 107|  85|  89|  65|  97|  74|  88| 131| 143| 113|  75|
 03|  78| 108| 109| 141| 110| 166| 252| 285| 221| 311| 273| 327| 220| 203| 167| 162| 199| 225| 193| 192| 289| 261| 154| 104|
 04|  93| 122| 138| 173| 172| 189| 327| 295| 253| 281| 265| 273| 261| 216| 190| 214| 203| 251| 174| 185| 232| 236| 140| 133|
 05| 109| 129| 157| 143| 185| 204| 332| 361| 304| 306| 297| 224| 236| 220| 168| 175| 145| 207| 144| 145| 130| 132| 174|  63|
 06|  68|  86| 114| 129| 163| 185| 295| 267| 303| 402| 192| 222| 234| 175| 189| 142| 133| 152| 127|  66| 105|  83|  63| 115|
 07| 195| 147| 111| 218| 101|  64| 116| 115| 108| 118|  83|  87| 105|  74|  47|  62|  44|  67|  46|  58|  82|  94|  55|  56|
 08|  60|  51|  68|  83|  89| 103| 122| 124| 153| 115| 134|  98| 141| 107|  89| 125|  48|  46|  58|  56| 142| 178| 161| 101|
 09|  73|  65|  62|  81|  63|  99|  89|  90| 105| 108|  91|  83|  68|  87|  73|  75|  88| 126| 108|  99| 108| 139|  96|  49|
 10| 102| 107|  63|  63|  70|  67|  72|  61|  60|  63|  47|  51|  31|  39|  33|  32|  59|  60|  45|  62|  86|  95|  84|  53|
 11| 119| 121| 196| 194| 151| 216| 215| 254| 228| 267| 300| 163| 234| 393| 279|  46|  37|  45|  51|  64|  94| 112| 128| 112|
 12| 118| 128| 136| 163| 131| 103| 173| 148| 148| 134|  78|  59|  55| 121| 124|  51|  66|  70|  58|  64|  97| 145| 100| 118|
 13| 164| 145| 190| 202| 219| 317| 289| 250| 208| 210| 150| 132|  61|  59|  55|  76|  78| 112| 120| 171| 220| 272| 142| 190|
 14| 120| 152| 243| 276| 318| 297| 216| 229| 187| 120| 143|  99|  78|  90|  59|  41|  86| 152| 132| 125| 154| 143| 124| 115|
 15|  96| 104| 149| 134| 145| 131| 111| 130|  94|  87| 102|  73|  80|  66|  50|  53|  54|  46|  46|  59|  78|  71|  55|  52|
 16|  77|  53|  81|  92|  87| 174| 102|  95| 110|  84|  83|  89|  83|  84|  63|  68|  74|  70|  67|  63| 122|  99|  68|  59|
 17|  53|  65|  69|  81|  82|  39|  56|  60|  65|  57|  53|  56|  30|  35|  25|  18|  18|  21|  20|  15|  22|  15|  18|  15|
 18|  33|  32|  36|  20|  30|  31|  33|  28|  80|  52|  36|  21|  35|  13|  17|  10|  8 |  5 |  7 |  12|  9 |  7 |  18|  11|
 19|  24|  26|  29|  34|  26|  18|  25|  23|  25|  33|  28|  23|  25|  24|  21|  5 |  7 |  6 |  10|  8 |  17|  24|  25|  25|
 20|  13|  39| 172| 173|  35|  15|  48|  30|  35|  31|  25|  29|  38|  20|  60|  43|  42|  47|  31|  12|  22|  14|  19|  27|
 21|  35|  65|  52|  44|  60|  37|  31|  57|  50|  31|  37|  14|  23|  24|  38|  64|  89|  91|  63|  66|  89|  51|  37|  51|
 22|  41|  62|  77|  60|  60|  62|  73|  55|  68|  84| 126|  69|  61|  56|  70|  62|  52|  51|  61|  79|  71|  63|  75|  81|
 23|  69|  56|  52|  72|  86|  70|  79|  96|  93| 110| 125| 218| 137| 445| 666|  87| 137|  65|  59| 278| 340| 270| 165|  61|
 24|  41|  52|  49|  72|  67|  93| 135| 173| 165| 115| 138|  88|  99|  78|  70|  67|  66|  53|  44|  55|  62|  60|  54|  57|
 25|  47|  70|  75|  75|  68|  84|  67|  57|  75| 137| 128| 107| 111| 118|  85|  63|  46|  58|  57|  52|  77|  53|  63|  51|
 26|  67|  73|  72|  82|  92|  89|  75|  79| 103| 114| 238| 234| 277| 323| 353| 199| 230| 187|  62|  56|  52|  62|  49|  41|
 27|  53| 107|  80|  66|  64|  71|  62|  74|  88|  79|  59|  80|  72|  69| 185|  56|  34|  95|  42|  49|  49|  45|  35|  51|
 28|  49| 209|  48|  65|  58|  66|  83|  86|  85| 132| 139| 107|  95|  70| 138|  64|  87|  79|  88|  68|  71|  68|  47|  74|
 29|  70|  76| 113| 102| 103|  98| 175| 146| 122| 169| 148| 107| 121| 105|  72|  98|  94| 108|  57| 114| 103| 105| 103|  86|
 30|  82|  67|  79|  75|  91|  71| 128| 107| 126| 138|  82|  82|  93|  69|  74|  75| 127| 123|  72| 101| 234|  69| 215| 437|
 31| 496| 390| 317| 381| 386| 257| 219| 128| 112|  81|  85|  80| 219|  54|  78| 101|  56|  38|  33|  39|  45|  81| 271| 109|
[Observer]Norman Lockyer_Observatory
[Country]United Kingdom 
[City]Sidmouth
[Longitude]003°1307 E
[Latitude ]050°4116 N
[Longitude GMAP]-3.21899950504303 
[Latitude GMAP]50.688298383408
[Frequencies]143.050 MHz
[Antenna]Quad Yagi
[Azimut Antenna]135
[Elevation Antenna]0
[Pre-Amplifier]None
[Receiver]ICOM IC-706 MKIIG
[Observing Method]HROFFT
[Remarks]winxp
[Soft FTP]Colorgramme RMOB Lab v 2.5
[E]lqlzb`Ilqdf|}azb`je|k'jfd
