dec| 00h| 01h| 02h| 03h| 04h| 05h| 06h| 07h| 08h| 09h| 10h| 11h| 12h| 13h| 14h| 15h| 16h| 17h| 18h| 19h| 20h| 21h| 22h| 23h|
 01|  66|  88| 112| 132|  96| 140| 206| 144|  44|  1 |  0 |  1 |  0 |  0 |  50| 108| 109| 146| 131| 109| 183| 139| 155| 101|
 02|  78| 117| 128| 180| 160| 137| 186| 162| 191|  83| 150|  93| 106| 128| 107| 104|  83| 116|  84|  96| 159| 178| 169|  91|
 03|  98| 177| 131| 178| 141| 199| 335| 436| 307| 433| 375| 500| 309| 247| 210| 230| 286| 289| 251| 243| 404| 377| 227| 114|
 04| 104| 129| 209| 231| 230| 249| 465| 424| 365| 375| 327| 385| 358| 295| 218| 272| 257| 342| 216| 236| 303| 317| 170| 158|
 05| 118| 152| 178| 183| 231| 250| 431| 446| 446| 412| 419| 282| 300| 286| 209| 208| 174| 251| 164| 167| 156| 159| 649|  84|
 06|  72| 111| 269| 181| 197| 232| 347| 326| 422| 551| 226| 292| 307| 229| 231| 168| 155| 444| 273|  71| 133|  94|  67| 808|
 07|1290| 595| 535| 920| 345|  79| 139| 134| 127| 153| 129| 106| 124|  83|  49|  93|  49|  71|  56|  61|  90| 106|  77|  64|
 08|  84|  61| 124|  99| 110| 113| 163| 151| 178| 150| 169| 159| 654| 128| 121| 816|  56|  49|  65|  64| 484|1636|1662| 443|
 09|  81| 147|  72| 101|  74| 137| 117| 100| 125| 136| 109| 114|  76|  97|  79|  85| 115| 149| 117| 108| 129| 163| 114|  64|
 10| 123| 129|  80|  76|  89|  76|  82|  74|  78|  85|  55|  54|  32|  41|  35|  33|  66|  68|  47|  68|  96| 107| 100|  64|
 11| 140| 144| 277| 255| 192| 293| 290| 371| 396| 390| 391| 204| 427| 520| 329|  48|  47|  47|  55|  73| 102| 135| 158| 138|
 12| 177| 194| 184| 231| 172| 141| 223| 198| 210| 286|  94|  96|  59| 150| 154|  58|  78|  84|  65|  79| 122| 184| 140| 160|
 13| 272| 172| 236| 285| 295| 561| 451| 358| 288| 347| 347| 157|  66|  76|  60|  87|  90| 174| 172| 220| 272| 385| 204| 287|
 14| 169| 220| 395| 488| 588| 575| 347| 442| 323| 187| 196| 134|  92| 106|  77|  44| 106| 173| 188| 184| 290| 247| 227| 178|
 15| 140| 145| 272| 219| 249| 206| 173| 218| 136| 113| 225|  85| 127|  86|  61|  57|  63|  49|  55|  69| 101|  98|  68|  54|
 16|  92|  67| 142| 111|  98| 201| 121| 113| 159|  98|  93| 105| 100| 107|  65| 119|  89|  82|  75|  71| 140| 149|  85|  68|
 17|  62|  84|  84| 109| 115|  42|  65|  90|  85|  84|  82|  74|  30|  40|  31|  30|  19|  21|  22|  15|  27|  18|  21|  22|
 18|  38|  37|  45|  25|  40|  54|  83|  31| 145|  85|  55|  27|  40|  13|  18|  10|  10|  5 |  9 |  16|  10|  8 |  20|  12|
 19|  34|  37|  34|  65|  41|  19|  27|  57|  29|  48|  36|  33|  35|  34|  28|  6 |  8 |  6 |  13|  8 |  18|  29|  27|  37|
 20|  17|  41| 236| 250|  40|  22|  55|  39|  42|  37|  33|  35|  44|  24|  72|  54|  45|  55|  34|  13|  25|  15|  20|  29|
 21|  39|  78|  60|  49|  71|  45|  34|  67|  64|  36| 113|  23|  31|  26|  50|  82|  98| 135|  75|  72| 103|  57|  88|  63|
 22|  54|  76| 108|  64|  72|  77|  89|  76|  86| 121| 250|  90|  67|  80|  87|  80|  57|  58|  75| 107|  89|  84| 102| 141|
 23| 111|  97|  74|  77| 109|  91| 110| 119| 110| 135| 148| 299| 175| 636|1199| 118| 166|  75|  73| 382| 604| 433| 199|  72|
 24|  55|  53|  52|  82|  76| 114| 170| 216| 195| 154| 172| 132| 121|  88|  88|  75|  82|  59|  53| 101|  68|  74|  59|  60|
 25|  50|  81|  84|  81|  79|  93|  84|  72|  84| 182| 196| 128| 124| 129|  94|  72|  52|  71|  63|  56|  86|  63|  71|  62|
 26|  84|  87|  79|  94| 105| 100|  81|  85| 114| 149| 450| 464| 427| 595| 580| 594| 521| 322|  66|  59|  61|  69|  58|  44|
 27|  67| 125|  95|  80|  75|  78|  85|  95| 115|  89|  82|  93|  92|  93| 252|  67|  44| 115|  51|  54|  58|  54|  43|  54|
 28|  73| 264|  51|  76|  64|  76|  99| 109| 127| 195| 188| 133| 120|  86| 165|  72| 102|  89|  99|  72|  75|  90|  58|  89|
 29| 130|  89| 144| 143| 129| 109| 230| 171| 163| 204| 181| 135| 134| 128|  77| 109| 106| 119|  60| 128| 114| 131| 164| 104|
 30| 100|  71|  99|  78| 102| 100| 150| 125| 153| 187|  94|  95| 109|  82|  85|  90| 149| 134|  81| 111| 303|  76|1008|2382|
 31|2325| 964| 574|1912|1070| 476| 342| 157| 137|  92| 104| 108| 301|  65|  93| 110|  64|  45|  37|  43|  49|  93| 312| 114|
[Observer]Lockyer_Observatory
[Country]United Kingdom 
[City]Sidmouth
[Longitude]003°1307
[Latitude]050°4116
[Frequencies]
[Antenna]Quad Yagi
[Azimut Antenna]135
[Elevation Antenna]0
[Pre-Amplifier]None
[Receiver]ICOM IC-706 MKIIG
[Observing Method]HROFFT10dB Length Datas
[Remarks]winxp
