jan| 00h| 01h| 02h| 03h| 04h| 05h| 06h| 07h| 08h| 09h| 10h| 11h| 12h| 13h| 14h| 15h| 16h| 17h| 18h| 19h| 20h| 21h| 22h| 23h|
 01|  34|  22|  51|  28|  32|  32|  42|  40|  37|  38|  37|  38|  42|  28|  26|  26|  30|  14|  22|  27|  24|  30|  22|  25|
 02|  23|  25|  45|  41|  59|  58|  40|  51|  52|  62|  50|  38|  42|  26|  42|  28|  31|  27|  24|  33|  26|  23|  16|  35|
 03|  26|  51|  44|  79| 101|  89|  87|  63|  90| 162| 111| 155| 127| 199| 119| 118|  99|  80|  57|  41|  31|  37|  58|  62|
 04|  85|  97| 103|  87| 116|  73|  66|  28|  32|  43|  36|  24|  24|  18|  17|  9 |  5 |  11|  14|  10|  10|  11|  15|  8 |
 05|  12|  16|  33|  42|  28|  53|  32|  16|  30|  33|  22|  18|  39|  31|  33|  12|  18|  9 |  22|  13|  16|  16|  6 |  12|
 06|  25|  8 |  34|  38|  25|  26|  17|  25|  12|  17|  20|  22|  26|  25|  12|  18|  22|  9 |  8 |  16|  9 |  14|  9 |  12|
 07|  12|  22|  18|  31|  27|  22|  23|  28|  32|  43|  24|  30|  45|  13|  28|  18|  12|  13|  9 |  10|  17|  27|  12|  17|
 08|  9 |  23|  19|  25|  31|  32|  20|  15|  24|  18|  17|  26|  23|  30|  22|  20|  19|  11|  14|  10|  7 |  16|  10|  14|
 09|  15|  18|  20|  34|  25|  20|  18|  17|  24|  9 |  16|  35|  23|  7 |  23|  8 |  16|  14|  19|  13|  20|  22|  13|  14|
 10|  18|  30|  24|  19|  20|  60|  21|  23|  30|  41|  20|  7 |  15|  27|  16|  18|  5 |  14|  11|  19|  16|  15|  77|  17|
 11|  22|  35|  26|  1 |  0 |  0 |  0 |  0 |  0 |  0 |  0 |  0 |  0 |  0 |  0 |  0 |  31|  15|  16|  17|  13|  6 |  4 |  6 |
 12|  8 |  24|  3 |  0 |  0 |  0 |  0 |  0 |  0 |  0 |  0 |  0 |  0 |  0 |  26|  12|  4 |  16|  16|  14|  22|  22|  24|  16|
 13|  26|  37|  62|  42|  38|  23|  17|  9 |  10|  3 |  0 |  0 |  0 |  0 |  0 |  0 |  0 |  0 |  0 |  0 |  1 |  0 |  0 |  0 |
 14|  0 |  0 |  1 |  0 |  0 |  0 |  0 |  0 |  0 |  0 |  0 |  0 |  0 |  0 |  0 |  0 |  0 |  0 |  0 |  2 |  0 |  7 |  0 |  1 |
 15|  0 |  0 |  1 |  10|  10|  6 |  13|  11|  43|  29|  21|  83|  6 |  8 |  0 |  0 |  0 |  0 |  0 |  0 |  6 |  14|  18|  18|
 16|  28|  32|  39|  29|  16|  9 |  0 |  1 |  0 |  0 |  0 |  0 |  0 |  0 |  0 |  0 |  0 |  0 |  0 |  1 |  0 |  0 |  0 |  0 |
 17|  0 |  1 |  1 |  0 |  1 |  3 |  2 |  1 |  0 |  0 |  1 |  0 |  3 |  6 |  2 |  17|  20|  14|  20|  2 |  23|  13|  1 |  7 |
 18|  12|  10|  17|  35|  35|  9 |  5 |  5 |  9 |  8 |  50|  12|  6 |  0 |  13|  16|  14|  17|  18|  14|  22|  14|  9 |  13|
 19|  24|  15|  38|  39|  28|  26|  32|  22|  23|  26|  14|  26|  31|  20|  11|  17|  16|  12|  21|  22|  20|  21|  14|  15|
 20|  25|  24|  29|  35|  38|  31|  23|  25|  32|  33|  47|  34|  33|  17|  16|  25|  14|  14|  17|  18|  16|  17|  13|  6 |
 21|  15|  19|  22|  31|  28|  53|  25|  35|  21|  25|  34|  41|  36|  17|  18|  11|  14|  16|  17|  17|  22|  9 |  47|  21|
 22|  22|  24|  26|  26|  21|  27|  18|  18|  20|  63|  17|  25|  25|  23|  17|  13|  9 |  15|  16|  21|  22|  13|  16|  12|
 23|  15|  23|  27|  23|  41|  15|  21|  27|  30|  13|  22|  29|  25|  37|  19|  9 |  12|  18|  21|  14|  16|  10|  14|  14|
 24|  14|  17|  21|  34|  19|  29|  16|  11|  26|  31|  27|  21|  33|  22|  15|  8 |  10|  5 |  6 |  15|  18|  15|  17|  14|
 25|  19|  24|  21|  22|  29|  36|  21|  32|  23| 103|  34| 171| 108|  78|  11|  19|  9 |  9 |  12|  8 |  46|  39|  5 |  23|
 26|  14|  20|  23|  27|  31|  15|  23|  31|  15|  19|  11|  9 |  23|  11|  0 |  15|  18|  12|  11|  10|  10|  10|  9 |  16|
 27|  17|  29|  25|  20|  25|  8 |  19|  51|  19|  25|  19|  12|  15|  24|  12|  5 |  5 |  11|  13|  15|  14|  17|  11|  10|
 28|  15|  11|  33|  22|  25|  33|  20|  16|  12|  17|  34|  17|  7 |  8 |  8 |  5 |  7 |  11|  15|  11|  12|  12|  48|  9 |
 29|  11|  12|  17|  26|  17|  14|  17|  17|  9 |  15|  22|  12|  22|  6 |  6 |  9 |  8 |  7 |  11|  6 |  13|  4 |  12|  11|
 30|  11|  18|  19|  15|  40|  9 |  22|  11|  22|  27|  22|  19|  28|  17|  12|  8 |  7 |  14|  11|  9 |  16|  15|  8 |  9 |
 31|  15|  10|  9 |  41|  21|  27|  15|  19|  19|  18|  20|  25|  20|  15|  15|  15|  12|  11|  10|  14|  19|  4 |  11|  9 |
[Observer]Lockyer_Observatory
[Country]United Kingdom 
[City]Sidmouth
[Longitude]003°1307
[Latitude]050°4116
[Frequencies]
[Antenna]Quad Yagi
[Azimut Antenna]135
[Elevation Antenna]0
[Pre-Amplifier]None
[Receiver]ICOM IC-706 MKIIG
[Observing Method]HROFFT20dB Length Datas
[Remarks]winxp
