nov| 00h| 01h| 02h| 03h| 04h| 05h| 06h| 07h| 08h| 09h| 10h| 11h| 12h| 13h| 14h| 15h| 16h| 17h| 18h| 19h| 20h| 21h| 22h| 23h|
 01|  5 |  8 |  5 |  6 |  3 |  3 |  10|  4 |  9 |  10|  3 |  7 |  6 |  2 |  4 |  2 |  3 |  3 |  6 |  6 |  4 |  4 |  3 |  3 |
 02|  4 |  7 |  5 |  8 |  10|  7 |  5 |  6 |  7 |  2 |  9 |  2 |  1 |  2 |  5 |  4 |  6 |  3 |  7 |  1 |  7 |  6 |  1 |  7 |
 03|  4 |  7 |  4 |  6 |  9 |  4 |  7 |  7 |  4 |  7 |  10|  6 |  4 |  2 |  0 |  0 |  1 |  2 |  0 |  8 |  7 |  5 |  4 |  5 |
 04|  6 |  7 |  5 |  5 |  9 |  7 |  6 |  11|  2 |  3 |  7 |  11|  4 |  9 |  3 |  5 |  5 |  7 |  5 |  6 |  3 |  8 |  7 |  7 |
 05|  4 |  2 |  4 |  1 |  4 |  7 |  3 |  1 |  3 |  4 |  5 |  3 |  3 |  3 |  0 |  1 |  4 |  3 |  4 |  9 |  6 |  6 |  4 |  3 |
 06|  2 |  0 |  4 |  3 |  5 |  3 |  4 |  1 |  4 |  2 |  2 |  5 |  5 |  0 |  4 |  3 |  3 |  6 |  6 |  5 |  7 |  3 |  3 |  2 |
 07|  3 |  4 |  5 |  6 |  4 |  5 |  10|  2 |  2 |  1 |  4 |  5 |  4 |  5 |  5 |  5 |  3 |  4 |  4 |  10|  4 |  3 |  2 |  1 |
 08|  1 |  1 |  4 |  6 |  5 |  8 |  5 |  7 |  3 |  8 |  9 |  6 |  3 |  5 |  4 |  3 |  5 |  1 |  8 |  7 |  7 |  4 |  3 |  3 |
 09|  2 |  3 |  6 |  7 |  5 |  4 |  8 |  8 |  8 |  6 |  3 |  3 |  3 |  9 |  3 |  8 |  4 |  2 |  8 |  7 |  10|  5 |  2 |  8 |
 10|  3 |  8 |  7 |  7 |  9 |  7 |  4 |  6 |  9 |  7 |  8 |  5 |  7 |  9 |  8 |  5 |  1 |  12|  6 |  7 |  8 |  2 |  6 |  2 |
 11|  10|  1 |  7 |  2 |  3 |  10|  7 |  10|  3 |  4 |  5 |  4 |  5 |  10|  3 |  8 |  3 |  3 |  2 |  2 |  6 |  4 |  1 |  2 |
 12|  7 |  5 |  9 |  5 |  4 |  5 |  7 |  10|  6 |  3 |  7 |  4 |  4 |  9 |  1 |  5 |  6 |  8 |  3 |  3 |  3 |  1 |  3 |  0 |
 13|  2 |  6 |  2 |  5 |  5 |  3 |  4 |  7 |  3 |  3 |  6 |  5 |  9 |  2 |  5 |  4 |  4 |  2 |  9 |  6 |  9 |  1 |  3 |  10|
 14|  4 |  7 |  4 |  7 |  4 |  6 |  4 |  6 |  6 |  7 |  2 |  11|  6 |  4 |  9 |  3 |  2 |  6 |  5 |  9 |  10|  3 |  3 |  4 |
 15|  4 |  4 |  5 |  7 |  3 |  6 |  10|  12|  10|  6 |  4 |  2 |  0 |  3 |  2 |  2 |  1 |  1 |  2 |  2 |  2 |  2 |  1 |  0 |
 16|  4 |  5 |  5 |  5 |  6 |  9 |  4 |  6 |  5 |  4 |  1 |  5 |  3 |  4 |  2 |  4 |  3 |  5 |  7 |  1 |  2 |  1 |  1 |  1 |
 17|  1 |  3 |  5 |  5 |  4 |  2 |  7 |  5 |  3 |  9 |  7 |  4 |  3 |  3 |  5 |  5 |  2 |  1 |  3 |  5 |  4 |  3 |  3 |  2 |
 18|  4 |  3 |  6 |  4 |  11|  3 |  4 |  8 |  9 |  9 |  9 |  4 |  12|  6 |  1 |  11|  2 |  3 |  4 |  4 |  4 |  4 |  2 |  0 |
 19|  2 |  7 |  10|  9 |  6 |  6 |  5 |  3 |  11|  8 |  3 |  7 |  7 |  2 |  2 |  4 |  3 |  4 |  3 |  5 |  3 |  4 |  4 |  2 |
 20|  5 |  6 |  6 |  7 |  8 |  3 |  7 |  4 |  3 |  7 |  4 |  2 |  2 |  3 |  2 |  5 |  1 |  2 |  6 |  6 |  4 |  6 |  2 |  3 |
 21|  4 |  3 |  5 |  8 |  7 |  8 |  5 |  12|  3 |  11|  4 |  4 |  6 |  5 |  4 |  4 |  3 |  1 |  4 |  5 |  6 |  3 |  2 |  5 |
 22|  2 |  4 |  1 |  7 |  4 |  9 |  2 |  8 |  5 |  6 |  7 |  2 |  6 |  3 |  6 |  4 |  4 |  4 |  4 |  5 |  5 |  5 |  3 |  3 |
 23|  5 |  2 |  5 |  9 |  4 |  4 |  3 |  3 |  5 |  5 |  7 |  2 |  5 |  2 |  4 |  2 |  1 |  6 |  3 |  7 |  0 |  4 |  2 |  0 |
 24|  4 |  2 |  1 |  6 |  7 |  5 |  6 |  5 |  3 |  6 |  4 |  5 |  1 |  1 |  3 |  2 |  5 |  2 |  3 |  2 |  7 |  1 |  3 |  1 |
 25|  1 |  2 |  8 |  5 |  9 |  6 |  2 |  4 |  4 |  3 |  3 |  5 |  4 |  5 |  1 |  5 |  1 |  5 |  2 |  3 |  4 |  7 |  7 |  2 |
 26|  2 |  4 |  5 |  7 |  7 |  7 |  5 |  6 |  6 |  2 |  5 |  7 |  1 |  4 |  1 |  3 |  6 |  2 |  5 |  7 |  7 |  7 |  5 |  3 |
 27|  2 |  8 |  9 |  6 |  5 |  7 |  4 |  5 |  5 |  2 |  5 |  2 |  3 |  9 |  4 |  2 |  2 |  0 |  0 |  3 |  6 |  2 |  6 |  3 |
 28|  1 |  0 |  4 |  5 |  6 |  7 |  7 |  7 |  5 |  3 |  4 |  3 |  2 |  8 |  8 |  2 |  4 |  4 |  2 |  4 |  6 |  6 |  4 |  2 |
 29|  1 |  0 |  7 |  1 |  2 |  5 |  6 |  8 |  3 |  6 |  10|  4 |  3 |  2 |  1 |  2 |  4 |  5 |  1 |  2 |  4 |  4 |  2 |  0 |
 30|  1 |  5 |  3 |  6 |  6 |  5 |  5 |  9 |  3 |  2 |  2 |  3 |  5 |  5 |  3 |  3 |  1 |  2 |  2 |  5 |  2 |  3 |  1 |  3 |
 31|??? |??? |??? |??? |??? |??? |??? |??? |??? |??? |??? |??? |??? |??? |??? |??? |??? |??? |??? |??? |??? |??? |??? |??? |
[Observer]Lockyer_Observatory
[Country]United Kingdom 
[City]Sidmouth
[Longitude]003°1307
[Latitude]050°4116
[Frequencies]
[Antenna]Quad Yagi
[Azimut Antenna]135
[Elevation Antenna]0
[Pre-Amplifier]None
[Receiver]ICOM IC-706 MKIIG
[Observing Method]HROFFT30dB Count Datas
[Remarks]winxp
