jun| 00h| 01h| 02h| 03h| 04h| 05h| 06h| 07h| 08h| 09h| 10h| 11h| 12h| 13h| 14h| 15h| 16h| 17h| 18h| 19h| 20h| 21h| 22h| 23h|
 01|  13|  13|  14|  18|  31|  32|  23|  18|  16|  8 |  24|  17|  26|  19|  22|  19|  22|  14|  9 |  13|  6 |  8 |  12|  10|
 02|  12|  12|  15|  21|  21|  33|  20|  20|  12|  23|  20|  13|  39|  23|  19|  22|  16|  10|  8 |  10|  12|  10|  26|  15|
 03|  15|  14|  16|  21|  27|  44|  39|  24|  28|  21|  35|  23|  22|  36|  24|  26|  12|  20|  12|  9 |  16|  9 |  8 |  14|
 04|  15|  21|  23|  25|  30|  39|  31|  28|  16|  28|  27|  37|  40|  28|  26|  27|  22|  23|  16|  11|  9 |  9 |  21|  15|
 05|  19|  19|  17|  26|  39|  42|  31|  19|  20|  26|  27|  24|  26|  29|  31|  23|  21|  15|  14|  12|  11|  14|  15|  21|
 06|  17|  19|  12|  27|  33|  39|  36|  18|  21|  38|  30|  37|  23|  44|  27|  21|  22|  17|  13|  8 |  8 |  11|  16|  18|
 07|  10|  19|  13|  50|  30|  39|  44|  28|  27|  38|  36|  34|  42|  38|  33|  16|  12|  9 |  16|  11|  8 |  16|  11|  17|
 08|  17|  19|  19|  22|  35|  35|  41|  27|  18|  28|  27|  42|  42|  34|  31|  28|  16|  8 |  10|  11|  11|  12|  17|  9 |
 09|  12|  9 |  18|  41|  47|  65|  37|  20|  33|  33|  31|  35|  40|  28|  37|  34|  21|  14|  8 |  12|  11|  15|  13|  4 |
 10|  17|  16|  19|  26|  46|  54|  40|  21|  16|  25|  29|  34|  32|  24|  26|  12|  19|  11|  13|  9 |  5 |  21|  14|  13|
 11|  16|  13|  24|  18|  38|  36|  42|  7 |  0 |  0 |  27|  52|  37|  63|  42|  18|  18|  19|  20|  12|  9 |  9 |  16|  16|
 12|  15|  17|  14|  44|  42|  36|  38|  19|  23|  19|  34|  43|  33|  32|  44|  35|  23|  12|  14|  10|  12|  13|  26|  17|
 13|  26|  22|  27|  44|  59|  65|  51|  38|  25|  37|  33|  35|  35|  33|  36|  38|  17|  13|  5 |  13|  14|  12|  12|  14|
 14|  15|  14|  19|  49|  53|  55|  48|  47|  26|  30|  49|  42|  35|  38|  22|  21|  12|  27|  14|  18|  14|  15|  14|  16|
 15|  15|  14|  25|  38|  34|  53|  49|  28|  26|  14|  22|  43|  34|  30|  40|  27|  17|  11|  10|  6 |  14|  17|  14|  18|
 16|  13|  20|  21|  32|  37|  36|  30|  45|  19|  22|  28|  21|  32|  35|  28|  30|  16|  13|  18|  10|  12|  11|  5 |  16|
 17|  17|  19|  25|  41|  41|  44|  49|  29|  36|  23|  27|  32|  39|  34|  33|  23|  19|  12|  13|  9 |  12|  11|  16|  11|
 18|  18|  24|  20|  34|  35|  36|  32|  18|  12|  18|  27|  23|  29|  23|  32|  17|  20|  15|  14|  8 |  8 |  13|  21|  5 |
 19|  23|  17|  30|  32|  35|  43|  40|  17|  19|  14|  25|  28|  22|  27|  20|  13|  24|  18|  11|  11|  7 |  18|  13|  16|
 20|  22|  22|  20|  24|  39|  38|  35|  18|  19|  20|  15|  18|  26|  34|  25|  23|  19|  17|  13|  13|  16|  16|  11|  23|
 21|  23|  17|  24|  33|  42|  29|  30|  21|  15|  25|  18|  29|  24|  36|  14|  25|  11|  9 |  10|  10|  15|  15|  22|  17|
 22|  19|  27|  13|  33|  38|  40|  24|  29|  17|  16|  35|  26|  21|  23|  19|  18|  20|  15|  11|  11|  15|  20|  22|  16|
 23|  23|  19|  36|  29|  36|  40|  31|  25|  19|  16|  29|  26|  26|  29|  20|  27|  14|  18|  16|  13|  16|  23|  17|  18|
 24|  17|  8 |  28|  30|  56|  48|  49|  19|  31|  19|  29|  20|  32|  32|  33|  26|  24|  17|  15|  13|  16|  15|  18|  20|
 25|  20|  19|  14|  23|  37|  33|  54|  27|  22|  19|  16|  34|  43|  33|  20|  32|  20|  14|  16|  12|  12|  18|  18|  14|
 26|  30|  28|  29|  28|  44|  39|  31|  32|  24|  24|  26|  40|  33|  31|  42|  33|  20|  18|  13|  14|  20|  19|  18|  30|
 27|  17|  31|  31|  36|  32|  39|  58|  30|  25|  27|  28|  36|  27|  27|  22|  20|  16|  17|  12|  10|  11|  11|  12|  14|
 28|  25|  20|  23|  39|  37|  32|  24|  27|  23|  18|  22|  20|  27|  29|  33|  22|  19|  16|  17|  9 |  17|  13|  18|  14|
 29|  19|  26|  25|  25|  36|  25|  22|  35|  17|  16|  18|  26|  27|  26|  18|  24|  18|  19|  13|  17|  19|  19|  20|  29|
 30|  19|  23|  30|  29|  35|  44|  50|  47|  19|  29|  35|  25|  37|  31|  25|  29|  23|  16|  8 |  15|  20|  12|  22|  20|
 31|??? |??? |??? |??? |??? |??? |??? |??? |??? |??? |??? |??? |??? |??? |??? |??? |??? |??? |??? |??? |??? |??? |??? |??? |
[Observer]Lockyer_Observatory
[Country]United Kingdom 
[City]Sidmouth
[Longitude]003°1307
[Latitude]050°4116
[Frequencies]
[Antenna]Quad Yagi
[Azimut Antenna]135
[Elevation Antenna]0
[Pre-Amplifier]None
[Receiver]ICOM IC-706 MKIIG
[Observing Method]HROFFT20dB Count Datas
[Remarks]winxp
