jan| 00h| 01h| 02h| 03h| 04h| 05h| 06h| 07h| 08h| 09h| 10h| 11h| 12h| 13h| 14h| 15h| 16h| 17h| 18h| 19h| 20h| 21h| 22h| 23h|
 01|  7 |  5 |  12|  7 |  6 |  8 |  10|  11|  9 |  7 |  4 |  4 |  15|  4 |  8 |  10|  4 |  5 |  5 |  6 |  7 |  5 |  2 |  6 |
 02|  4 |  5 |  8 |  9 |  11|  10|  7 |  12|  9 |  10|  9 |  9 |  8 |  7 |  10|  5 |  5 |  8 |  5 |  7 |  6 |  1 |  2 |  7 |
 03|  6 |  12|  10|  19|  14|  18|  14|  12|  10|  27|  22|  34|  25|  41|  30|  32|  30|  19|  11|  12|  7 |  7 |  15|  15|
 04|  17|  15|  22|  25|  19|  12|  8 |  3 |  5 |  7 |  8 |  4 |  5 |  3 |  2 |  3 |  1 |  3 |  4 |  4 |  0 |  3 |  5 |  3 |
 05|  1 |  3 |  7 |  9 |  2 |  11|  5 |  1 |  6 |  9 |  4 |  6 |  6 |  4 |  7 |  6 |  3 |  1 |  2 |  1 |  4 |  2 |  1 |  4 |
 06|  5 |  1 |  11|  10|  3 |  1 |  1 |  7 |  1 |  4 |  4 |  5 |  7 |  8 |  5 |  6 |  4 |  4 |  1 |  6 |  0 |  4 |  1 |  2 |
 07|  1 |  3 |  0 |  4 |  6 |  6 |  3 |  6 |  7 |  9 |  6 |  5 |  11|  6 |  5 |  6 |  5 |  2 |  0 |  1 |  6 |  7 |  1 |  3 |
 08|  0 |  5 |  2 |  4 |  8 |  4 |  1 |  3 |  3 |  3 |  2 |  3 |  4 |  6 |  3 |  5 |  1 |  3 |  2 |  2 |  1 |  3 |  3 |  2 |
 09|  4 |  3 |  4 |  7 |  8 |  5 |  2 |  5 |  1 |  1 |  0 |  3 |  4 |  2 |  9 |  3 |  5 |  4 |  6 |  3 |  1 |  7 |  3 |  2 |
 10|  2 |  4 |  3 |  6 |  8 |  6 |  2 |  8 |  9 |  7 |  4 |  0 |  4 |  5 |  2 |  5 |  0 |  1 |  4 |  4 |  5 |  2 |  2 |  3 |
 11|  3 |  1 |  2 |  0 |  0 |  0 |  0 |  0 |  0 |  0 |  0 |  0 |  0 |  0 |  0 |  0 |  6 |  3 |  2 |  0 |  0 |  0 |  1 |  0 |
 12|  1 |  2 |  0 |  0 |  0 |  0 |  0 |  0 |  0 |  0 |  0 |  0 |  0 |  0 |  2 |  0 |  0 |  4 |  3 |  2 |  4 |  4 |  2 |  2 |
 13|  2 |  4 |  4 |  2 |  5 |  1 |  3 |  2 |  0 |  0 |  0 |  0 |  0 |  0 |  0 |  0 |  0 |  0 |  0 |  0 |  0 |  0 |  0 |  0 |
 14|  0 |  0 |  0 |  0 |  0 |  0 |  0 |  0 |  0 |  0 |  0 |  0 |  0 |  0 |  0 |  0 |  0 |  0 |  0 |  0 |  0 |  0 |  0 |  0 |
 15|  0 |  0 |  0 |  1 |  2 |  0 |  3 |  1 |  5 |  2 |  2 |  6 |  0 |  0 |  0 |  0 |  0 |  0 |  0 |  0 |  1 |  0 |  1 |  1 |
 16|  3 |  3 |  4 |  2 |  4 |  0 |  0 |  0 |  0 |  0 |  0 |  0 |  0 |  0 |  0 |  0 |  0 |  0 |  0 |  0 |  0 |  0 |  0 |  0 |
 17|  0 |  0 |  0 |  0 |  0 |  0 |  0 |  0 |  0 |  0 |  0 |  0 |  0 |  0 |  0 |  3 |  2 |  1 |  1 |  0 |  3 |  2 |  0 |  1 |
 18|  1 |  0 |  1 |  2 |  5 |  2 |  0 |  0 |  0 |  0 |  0 |  0 |  0 |  0 |  4 |  0 |  1 |  3 |  3 |  6 |  5 |  2 |  1 |  4 |
 19|  5 |  3 |  4 |  7 |  3 |  4 |  9 |  5 |  8 |  5 |  2 |  6 |  6 |  2 |  3 |  1 |  1 |  4 |  6 |  5 |  2 |  1 |  2 |  5 |
 20|  2 |  4 |  8 |  8 |  5 |  8 |  2 |  5 |  7 |  6 |  6 |  7 |  5 |  3 |  4 |  3 |  1 |  1 |  3 |  3 |  4 |  3 |  3 |  1 |
 21|  2 |  2 |  4 |  9 |  7 |  8 |  4 |  7 |  5 |  4 |  0 |  11|  8 |  4 |  1 |  3 |  1 |  2 |  2 |  2 |  4 |  1 |  10|  5 |
 22|  0 |  3 |  7 |  4 |  6 |  1 |  6 |  3 |  4 |  12|  3 |  5 |  3 |  3 |  3 |  2 |  1 |  6 |  2 |  10|  6 |  1 |  4 |  2 |
 23|  4 |  4 |  2 |  3 |  10|  2 |  5 |  6 |  4 |  2 |  2 |  5 |  10|  8 |  5 |  3 |  2 |  3 |  5 |  4 |  2 |  2 |  0 |  4 |
 24|  2 |  2 |  1 |  9 |  4 |  8 |  3 |  1 |  1 |  6 |  4 |  5 |  9 |  3 |  3 |  2 |  2 |  1 |  1 |  3 |  4 |  1 |  2 |  2 |
 25|  5 |  8 |  1 |  4 |  5 |  3 |  4 |  9 |  3 |  14|  3 |  9 |  3 |  4 |  2 |  0 |  2 |  2 |  3 |  0 |  3 |  8 |  1 |  7 |
 26|  2 |  3 |  6 |  6 |  7 |  4 |  3 |  10|  3 |  3 |  2 |  2 |  5 |  2 |  0 |  6 |  1 |  4 |  3 |  1 |  2 |  4 |  1 |  1 |
 27|  2 |  3 |  7 |  5 |  4 |  2 |  3 |  5 |  5 |  6 |  2 |  1 |  2 |  1 |  1 |  2 |  2 |  4 |  3 |  1 |  4 |  1 |  1 |  2 |
 28|  3 |  1 |  6 |  3 |  9 |  5 |  7 |  3 |  4 |  2 |  7 |  4 |  1 |  2 |  2 |  0 |  1 |  4 |  1 |  3 |  2 |  4 |  11|  2 |
 29|  5 |  3 |  3 |  3 |  3 |  3 |  6 |  4 |  0 |  2 |  4 |  2 |  2 |  2 |  2 |  0 |  0 |  1 |  2 |  1 |  1 |  0 |  1 |  5 |
 30|  3 |  2 |  6 |  4 |  8 |  2 |  3 |  2 |  6 |  7 |  5 |  3 |  5 |  6 |  4 |  0 |  1 |  4 |  2 |  2 |  5 |  4 |  1 |  0 |
 31|  3 |  2 |  3 |  8 |  3 |  3 |  2 |  5 |  2 |  3 |  4 |  7 |  2 |  0 |  2 |  2 |  2 |  3 |  3 |  1 |  3 |  0 |  3 |  1 |
[Observer]Lockyer_Observatory
[Country]United Kingdom 
[City]Sidmouth
[Longitude]003°1307
[Latitude]050°4116
[Frequencies]
[Antenna]Quad Yagi
[Azimut Antenna]135
[Elevation Antenna]0
[Pre-Amplifier]None
[Receiver]ICOM IC-706 MKIIG
[Observing Method]HROFFT30dB Count Datas
[Remarks]winxp
