nov| 00h| 01h| 02h| 03h| 04h| 05h| 06h| 07h| 08h| 09h| 10h| 11h| 12h| 13h| 14h| 15h| 16h| 17h| 18h| 19h| 20h| 21h| 22h| 23h|
 01|  23|  34|  20|  15|  20|  22|  43|  41|  39|  33|  24|  25|  28|  25|  21|  14|  21|  18|  44|  24|  22|  19|  7 |  23|
 02|  15|  26|  32|  30|  31|  34|  36|  31|  30|  33|  38|  29|  30|  18|  26|  18|  32|  21|  28|  15|  26|  24|  16|  34|
 03|  20|  35|  28|  27|  25|  29|  34|  42|  36|  43|  46|  33|  34|  19|  0 |  0 |  3 |  18|  22|  30|  31|  24|  13|  25|
 04|  37|  35|  42|  28|  38|  33|  39|  55|  14|  29|  25|  55|  22|  30|  23|  29|  30|  40|  29|  26|  22|  22|  34|  30|
 05|  21|  10|  17|  24|  33|  38|  23|  17|  34|  34|  31|  19|  14|  23|  10|  19|  18|  20|  18|  20|  23|  32|  17|  14|
 06|  17|  12|  23|  18|  33|  31|  28|  21|  45|  23|  17|  25|  22|  10|  18|  22|  18|  13|  22|  24|  29|  17|  15|  11|
 07|  10|  24|  32|  27|  20|  19|  36|  15|  23|  24|  15|  24|  23|  31|  24|  25|  19|  19|  23|  38|  22|  14|  14|  11|
 08|  13|  10|  13|  18|  35|  37|  23|  17|  27|  47|  28|  20|  18|  26|  24|  16|  23|  14|  26|  31|  32|  20|  15|  7 |
 09|  18|  27|  19|  29|  34|  22|  36|  38|  37|  29|  33|  19|  39|  45|  20|  30|  20|  18|  25|  28|  34|  22|  18|  20|
 10|  24|  46|  43|  29|  34|  30|  27|  39|  33|  35|  35|  32|  38|  41|  36|  31|  13|  64|  24|  33|  26|  19|  27|  24|
 11|  34|  12|  26|  32|  36|  33|  28|  32|  28|  25|  24|  28|  30|  36|  22|  23|  11|  15|  15|  16|  30|  19|  31|  15|
 12|  32|  31|  49|  23|  42|  35|  53|  50|  35|  24|  37|  21|  23|  41|  22|  22|  29|  34|  23|  21|  14|  18|  16|  10|
 13|  9 |  39|  17|  29|  26|  22|  24|  39|  28|  15|  22|  25|  25|  19|  12|  16|  18|  20|  21|  28|  38|  23|  12|  37|
 14|  23|  48|  17|  35|  49|  33|  20|  46|  36|  45|  21|  32|  29|  23|  31|  11|  27|  22|  25|  36|  40|  12|  19|  29|
 15|  19|  23|  41|  47|  68|  25|  40|  63|  59|  35|  27|  54|  27|  25|  9 |  5 |  7 |  7 |  8 |  11|  12|  5 |  7 |  12|
 16|  22|  33|  26|  20|  25|  41|  21|  25|  21|  25|  18|  23|  21|  20|  15|  19|  17|  16|  22|  12|  20|  14|  9 |  10|
 17|  9 |  14|  21|  20|  17|  25|  30|  31|  27|  69|  17|  15|  18|  23|  19|  19|  11|  15|  19|  20|  17|  16|  14|  13|
 18|  16|  30|  20|  46|  53|  35|  46|  28|  71|  25|  38|  22|  41|  38|  15|  26|  14|  13|  33|  26|  20|  27|  23|  12|
 19|  28|  47|  73|  35|  42|  34|  21|  37|  42|  34|  25|  31|  30|  17|  24|  20|  17|  19|  20|  20|  15|  23|  12|  17|
 20|  24|  34|  30|  41|  60|  24|  37|  35|  26|  34|  31|  24|  9 |  31|  15|  23|  10|  11|  30|  22|  23|  19|  16|  22|
 21|  10|  24|  21|  44|  23|  28|  39|  60|  31|  68|  35|  22|  35|  20|  20|  18|  19|  15|  18|  29| 115|  21|  14|  16|
 22|  20|  18|  22|  26|  20|  28|  16|  28|  20|  18|  24|  16|  25|  20|  14|  18|  13|  12|  14|  16|  16|  23|  18|  13|
 23|  23|  12|  31|  30|  27|  31|  22|  20|  27|  17|  22|  10|  28|  14|  18|  13|  6 |  12|  10|  24|  14|  14|  10|  11|
 24|  16|  17|  14|  35|  37|  31|  67|  23|  20|  25|  17|  16|  19|  22|  15|  10|  18|  19|  12|  18|  18|  11|  11|  15|
 25|  10|  19|  27|  23|  30|  32|  15|  47|  24|  14|  22|  29|  26|  27|  13|  22|  11|  18|  16|  14|  18|  22|  22|  19|
 26|  19|  24|  20|  34|  21|  35|  20|  31|  47|  20|  14|  22|  12|  36|  16|  16|  26|  17|  19|  28|  21|  17|  16|  14|
 27|  15|  32|  29|  38|  27|  21|  28|  44|  36|  23|  22|  20|  17|  28|  17|  12|  11|  7 |  17|  22|  30|  14|  21|  22|
 28|  11|  12|  30|  26|  27|  31|  25|  31|  20|  17|  24|  12|  19|  26|  39|  13|  18|  13|  23|  16|  19|  24|  12|  12|
 29|  14|  8 |  25|  14|  22|  24|  22|  38|  31|  29|  41|  30|  18|  11|  21|  12|  14|  13|  15|  16|  30|  23|  14|  7 |
 30|  5 |  13|  21|  22|  22|  31|  36|  31|  16|  21|  13|  11|  22|  16|  10|  5 |  10|  9 |  16|  18|  20|  17|  5 |  14|
 31|??? |??? |??? |??? |??? |??? |??? |??? |??? |??? |??? |??? |??? |??? |??? |??? |??? |??? |??? |??? |??? |??? |??? |??? |
[Observer]Lockyer_Observatory
[Country]United Kingdom 
[City]Sidmouth
[Longitude]003°1307
[Latitude]050°4116
[Frequencies]
[Antenna]Quad Yagi
[Azimut Antenna]135
[Elevation Antenna]0
[Pre-Amplifier]None
[Receiver]ICOM IC-706 MKIIG
[Observing Method]HROFFT20dB Length Datas
[Remarks]winxp
