jul| 00h| 01h| 02h| 03h| 04h| 05h| 06h| 07h| 08h| 09h| 10h| 11h| 12h| 13h| 14h| 15h| 16h| 17h| 18h| 19h| 20h| 21h| 22h| 23h|
 01|  7 |  3 |  5 |  10|  8 |  12|  11|  2 |  0 |  0 |  5 |  4 |  6 |  0 |  9 |  12|  5 |  3 |  3 |  3 |  3 |  7 |  5 |  5 |
 02|  7 |  4 |  6 |  6 |  13|  16|  8 |  6 |  10|  7 |  4 |  6 |  8 |  8 |  12|  6 |  9 |  7 |  4 |  2 |  3 |  1 |  7 |  4 |
 03|  9 |  5 |  3 |  5 |  7 |  15|  21|  7 |  6 |  10|  4 |  5 |  3 |  3 |  10|  4 |  2 |  7 |  2 |  2 |  5 |  1 |  2 |  3 |
 04|  8 |  9 |  11|  8 |  8 |  8 |  10|  10|  4 |  1 |  3 |  10|  7 |  2 |  2 |  8 |  2 |  5 |  3 |  1 |  3 |  5 |  4 |  5 |
 05|  6 |  4 |  3 |  12|  11|  6 |  3 |  6 |  4 |  4 |  5 |  0 |  0 |  0 |  7 |  2 |  5 |  6 |  0 |  0 |  1 |  0 |  0 |  0 |
 06|??? |??? |??? |??? |??? |??? |??? |??? |??? |??? |??? |??? |??? |??? |??? |??? |??? |??? |??? |??? |??? |??? |??? |??? |
 07|??? |??? |??? |??? |??? |??? |??? |??? |??? |??? |??? |??? |??? |??? |??? |??? |??? |??? |??? |??? |??? |??? |??? |??? |
 08|??? |??? |??? |??? |??? |??? |??? |??? |??? |??? |??? |??? |??? |??? |??? |??? |??? |??? |??? |??? |??? |??? |??? |??? |
 09|  0 |  0 |  0 |  0 |  0 |  0 |  0 |  0 |  0 |  0 |  0 |  0 |  0 |  0 |  0 |  0 |  0 |  0 |  0 |  0 |  0 |  0 |  0 |  0 |
 10|??? |??? |??? |??? |??? |??? |??? |??? |??? |??? |??? |??? |??? |??? |??? |??? |??? |??? |??? |??? |??? |??? |??? |??? |
 11|  0 |  0 |  0 |  0 |  0 |  0 |  0 |  0 |  0 |  0 |  0 |  0 |  0 |  3 |  3 |  1 |  8 |  2 |  1 |  1 |  4 |  3 |  0 |  2 |
 12|  2 |  1 |  5 |  2 |  7 |  4 |  2 |  2 |  7 |  1 |  3 |  2 |  1 |  2 |  2 |  2 |  1 |  0 |  3 |  0 |  0 |  1 |  4 |  2 |
 13|  2 |  2 |  3 |  5 |  1 |  2 |  5 |  1 |  2 |  2 |  3 |  2 |  1 |  0 |  2 |  3 |  0 |  0 |  1 |  1 |  3 |  3 |  2 |  0 |
 14|  3 |  4 |  4 |  1 |  8 |  9 |  2 |  6 |  3 |  2 |  1 |  3 |  6 |  0 |  5 |  4 |  1 |  0 |  3 |  3 |  2 |  2 |  4 |  5 |
 15|  5 |  2 |  3 |  4 |  0 |  3 |  5 |  0 |  2 |  5 |  2 |  1 |  2 |  3 |  5 |  1 |  3 |  1 |  2 |  1 |  1 |  4 |  0 |  1 |
 16|  5 |  3 |  4 |  1 |  3 |  6 |  1 |  2 |  2 |  1 |  2 |  5 |  0 |  4 |  1 |  2 |  0 |  3 |  1 |  1 |  1 |  1 |  2 |  3 |
 17|  8 |  2 |  2 |  5 |  3 |  9 |  5 |  2 |  2 |  1 |  1 |  2 |  2 |  0 |  0 |  1 |  0 |  1 |  2 |  3 |  1 |  0 |  0 |  0 |
 18|  0 |  0 |  0 |  0 |  0 |  0 |  0 |  0 |  0 |  0 |  0 |  1 |  6 |  8 |  5 |  3 |  4 |  2 |  1 |  2 |  3 |  2 |  1 |  7 |
 19|  7 |  5 |  8 |  4 |  2 |  5 |  9 |  8 |  4 |  4 |  7 |  2 |  0 |  5 |  2 |  3 |  5 |  4 |  2 |  4 |  3 |  2 |  6 |  0 |
 20|  5 |  2 |  7 |  7 |  8 |  9 |  6 |  4 |  3 |  4 |  2 |  6 |  0 |  2 |  2 |  4 |  1 |  3 |  2 |  0 |  2 |  3 |  4 |  3 |
 21|  8 |  4 |  12|  2 |  8 |  12|  10|  4 |  5 |  3 |  10|  4 |  2 |  6 |  4 |  4 |  2 |  1 |  5 |  2 |  5 |  7 |  3 |  6 |
 22|  2 |  4 |  2 |  12|  7 |  7 |  8 |  10|  4 |  6 |  12|  6 |  11|  9 |  4 |  5 |  3 |  7 |  3 |  4 |  1 |  5 |  3 |  11|
 23|  4 |  10|  15|  7 |  8 |  17|  6 |  10|  4 |  7 |  2 |  3 |  5 |  2 |  1 |  2 |  1 |  3 |  1 |  4 |  3 |  1 |  2 |  6 |
 24|  5 |  4 |  5 |  5 |  7 |  5 |  6 |  4 |  4 |  4 |  2 |  4 |  3 |  5 |  3 |  6 |  1 |  0 |  4 |  1 |  1 |  4 |  4 |  5 |
 25|  6 |  3 |  8 |  7 |  8 |  7 |  7 |  1 |  6 |  3 |  2 |  3 |  1 |  5 |  2 |  2 |  4 |  3 |  1 |  4 |  2 |  5 |  3 |  5 |
 26|  4 |  4 |  9 |  3 |  7 |  11|  11|  0 |  5 |  2 |  6 |  5 |  1 |  4 |  3 |  1 |  3 |  3 |  6 |  2 |  2 |  3 |  2 |  2 |
 27|  8 |  7 |  8 |  6 |  3 |  5 |  6 |  7 |  1 |  6 |  1 |  1 |  2 |  2 |  4 |  0 |  4 |  0 |  3 |  3 |  1 |  3 |  4 |  8 |
 28|  3 |  9 |  13|  9 |  10|  7 |  6 |  9 |  7 |  2 |  2 |  2 |  3 |  3 |  3 |  1 |  4 |  5 |  4 |  2 |  2 |  1 |  2 |  6 |
 29|  11|  5 |  8 |  11|  3 |  11|  4 |  5 |  1 |  2 |  6 |  4 |  3 |  6 |  2 |  2 |  2 |  8 |  3 |  2 |  5 |  5 |  7 |  9 |
 30|  7 |  10|  2 |  2 |  9 |  8 |  5 |  4 |  3 |  2 |  2 |  1 |  2 |  2 |  5 |  1 |  5 |  1 |  1 |  2 |  4 |  0 |  2 |  8 |
 31|  6 |  12|  10|  7 |  8 |  7 |  4 |  6 |  7 |  4 |  2 |  3 |  3 |  2 |  4 |  4 |  3 |  4 |  1 |  1 |  3 |  3 |  5 |  2 |
[Observer]Lockyer_Observatory
[Country]United Kingdom 
[City]Sidmouth
[Longitude]003°1307
[Latitude]050°4116
[Frequencies]
[Antenna]Quad Yagi
[Azimut Antenna]135
[Elevation Antenna]0
[Pre-Amplifier]None
[Receiver]ICOM IC-706 MKIIG
[Observing Method]HROFFT30dB Count Datas
[Remarks]winxp
