may| 00h| 01h| 02h| 03h| 04h| 05h| 06h| 07h| 08h| 09h| 10h| 11h| 12h| 13h| 14h| 15h| 16h| 17h| 18h| 19h| 20h| 21h| 22h| 23h|
 01|  76|  64|  62|  69|  88| 100| 128| 107| 117| 109| 145| 104| 115| 104|  82| 102|  41|  50|  39|  56|  66|  47|  45|  59|
 02|  80|  62|  71|  71|  94| 131| 114| 116| 116|  79| 121| 115|  84| 119|  86|  88| 129|  60|  58|  42|  39|  35|  60|  55|
 03|  59|  54|  55|  69| 105|  92| 106|  96| 144| 111|  96| 130|  94|  72|  64|  68|  44|  38|  68|  70|  48|  36|  66|  68|
 04|  68|  84|  74|  74| 137| 158| 152|  98| 125| 115|  93|  93| 125|  95|  66|  90|  88|  70| 189| 206|  95|  84|  57|  55|
 05|  56|  71|  74|  72| 102|  86|  98| 104|  85| 103| 108| 112|  86|  74|  69|  42|  39|  32|  21|  39|  30|  56|  74|  58|
 06|  52|  75|  74|  82| 101| 101| 109| 106| 103| 100| 115| 104| 104|  89|  52|  49|  55|  39|  49|  51| 139| 106|  67|  50|
 07|  76|  73|  78| 124| 161| 119| 127| 112| 115| 104| 100| 121| 118|  94|  68|  70|  49|  49|  46|  62|  53|  60|  67|  58|
 08|  56|  74|  65|  98| 104| 135| 123|  97| 128| 138| 143| 124| 110| 102|  75|  99|  51|  62|  52| 109|  81|  67|  65|  71|
 09|  78|  63|  89| 244| 124| 153| 189| 112| 140| 108| 108| 106| 113|  96|  81|  65|  71|  62|  58| 119| 123|  78|  82|  86|
 10|  52|  73|  60|  89| 133| 137| 149| 137| 150| 148| 120| 123| 130| 117|  87|  70|  75|  62| 106|  87|  66|  65|  86|  86|
 11|  85|  79|  92| 110| 133| 158| 165| 167| 117| 113| 139| 183| 155| 143| 109| 107|  81|  55|  61|  64|  82|  87|  88|  70|
 12| 101|  97|  99| 133| 136| 200| 186| 176| 155| 166| 192| 158| 177| 124| 107|  89|  77|  56|  65|  93|  86| 104| 226|  64|
 13|  81|  99|  89| 100| 121| 186| 153| 135| 129| 115| 122| 148| 149|  87| 111|  94|  62|  43|  40|  92| 595| 105|  79| 255|
 14| 716| 134| 105| 105| 181| 233| 188| 132| 177| 135| 126| 131| 136|  77|  66|  62|  56|  47| 103|  39|  69| 116|  75|  80|
 15| 290|  92|  90|  77| 370| 305| 115|??? |??? |??? |??? |??? |??? |??? |??? |  33|  54|  50| 104|  55|  86|  50|  73|  54|
 16|  71|  58|  70|  82| 107| 138| 187| 105| 114|  85| 103| 105| 100|  88|  98|  78|  60|  50|  56|  60|  61|  49|  58|  71|
 17|  75|  57|  66|  75|  85| 105| 113| 101|  91|  85|  94| 111| 107|  55|  80|  61|  51|  44|  40|  62|  54|  44|  60| 155|
 18|  87|  68| 661| 113|  94| 296| 109|  88| 102|  84| 104| 102| 117|  93|  87|  58|  52| 107|  36|  51|  51|  45|  54|  68|
 19|  48|  68|  61|  69|  86| 267| 190|  69|  2 |  1 |  68|  89|  99| 101|  74| 200| 143| 182|  54| 182|  53|  75|  55|  63|
 20|  67|  72|  83|  73| 104| 161| 266| 290| 190| 314| 112| 128| 115| 116|  94| 100|  65|  53|  52|  77|  71|  53|  70|  69|
 21|  71|  60|  82|  88| 172| 377| 113|  70|  62| 104| 112| 116|  99|  57|  63|  66|  60|  68|  65|  75|  50|  63|  47| 111|
 22|  57|  65|  78|  73|  99| 115| 108| 130|  89|  69| 107| 150| 103|  50|  54|  78| 325| 199|  41|  57|  64|  50|  52|  66|
 23|  65|  75|  87| 108| 156| 134| 122|  89|  89| 181| 113| 150| 111|  77|  76|  68|  61|  46|  55|  78|  71|  56|  67|  72|
 24| 256| 541| 322|  28|  48|  62|  71|  70|  69| 101|  64|  54| 109| 195| 126| 175| 110| 136|  97| 101|  97|  64|  81|  66|
 25|  69|  76|  85|  87| 139| 149| 162| 113| 119| 116| 122| 153| 122| 137| 102|  93|  73|  46|  55|  73|  73|  66|  79| 235|
 26| 290|  82|  89| 109| 121| 150| 197| 170| 167| 166| 130| 139| 113| 104| 106| 104| 269| 369| 118| 218|  75|  74|  59|  88|
 27|  73| 107| 107| 109| 152| 170| 163| 111| 175| 202| 174| 474| 463| 591| 350| 392| 285|  62|  41| 109|  95|  88|  74|  83|
 28|  81|  70|  89| 115| 158| 168| 174| 183| 157| 130| 131| 180| 169| 124|  92| 118|  79|  75|  62|  97|  93| 110|  71|  77|
 29|  74|  76| 109| 101| 148| 217| 163| 175| 138| 163| 183| 161| 156| 146| 110| 103|  63|  71|  64| 129|  97|  50|  79|  78|
 30|  76|  92| 462| 130| 150| 319| 352| 486| 121| 117| 103| 147| 105| 214|  83| 100| 129| 104|  77|  83|  85|  94|  71|  80|
 31|  82|  98|  58|  91|  78| 130| 159|  70|  66|  56|  78|  94|  94|  81|  81|  72|  61|  56|  76|  73|  73|  65|  84| 188|
[Observer]Norman Lockyer_Observatory
[Country]United Kingdom 
[City]Sidmouth
[Longitude]003°1307 E
[Latitude ]050°4116 N
[Longitude GMAP]-3.21899950504303 
[Latitude GMAP]50.688298383408
[Frequencies]143.050 MHz
[Antenna]Quad Yagi
[Azimut Antenna]135
[Elevation Antenna]0
[Pre-Amplifier]None
[Receiver]ICOM IC-706 MKIIG
[Observing Method]HROFFT
[Remarks]winxp
[Soft FTP]Colorgramme RMOB Lab v 2.5
[E]lqlzb`Ilqdf|}azb`je|k'jfd
