dec| 00h| 01h| 02h| 03h| 04h| 05h| 06h| 07h| 08h| 09h| 10h| 11h| 12h| 13h| 14h| 15h| 16h| 17h| 18h| 19h| 20h| 21h| 22h| 23h|
 01|  3 |  9 |  7 |  28|  5 |  10|  3 |  5 |  4 |  0 |  0 |  0 |  0 |  0 |  3 |  4 |  3 |  3 |  4 |  1 |  1 |  2 |  4 |  3 |
 02|  6 |  2 |  11|  23|  4 |  0 |  8 |  5 |  11|  1 |  8 |  4 |  7 |  3 |  7 |  2 |  2 |  3 |  2 |  4 |  3 |  5 |  4 |  4 |
 03|  1 |  25|  5 |  7 |  6 |  12|  8 |  29|  12|  6 |  6 |  8 |  7 |  5 |  1 |  3 |  3 |  1 |  3 |  5 |  2 |  5 |  9 |  2 |
 04|  0 |  0 |  18|  11|  16|  3 |  7 |  4 |  27|  8 |  8 |  14|  10|  10|  2 |  6 |  7 |  10|  10|  8 |  2 |  6 |  5 |  2 |
 05|  5 |  7 |  11|  8 |  8 |  7 |  11|  9 |  9 |  5 |  12|  3 |  4 |  6 |  12|  7 |  2 |  2 |  4 |  6 |  10|  4 |  1 |  5 |
 06|  3 |  6 |  3 |  20|  11|  8 |  8 |  15|  11|  4 |  1 |  8 |  5 |  13|  4 |  2 |  4 |  5 |  2 |  2 |  7 |  7 |  1 |  4 |
 07|  3 |  5 |  7 |  5 |  9 |  3 |  7 |  5 |  7 |  13|  17|  4 |  2 |  3 |  4 |  3 |  2 |  2 |  2 |  2 |  7 |  6 |  0 |  5 |
 08|  1 |  4 |  5 |  4 |  5 |  4 |  15|  15|  7 |  7 |  3 |  2 |  9 |  6 |  2 |  6 |  2 |  2 |  3 |  5 |  6 |  5 |  2 |  1 |
 09|  5 |  25|  3 |  4 |  5 |  14|  5 |  5 |  7 |  4 |  9 |  3 |  3 |  3 |  3 |  1 |  4 |  4 |  4 |  5 |  5 |  7 |  5 |  6 |
 10|  6 |  1 |  5 |  4 |  6 |  2 |  8 |  5 |  2 |  7 |  1 |  0 |  1 |  2 |  1 |  1 |  3 |  4 |  1 |  2 |  7 |  4 |  11|  3 |
 11|  1 |  2 |  1 |  5 |  5 |  5 |  6 |  7 |  8 |  5 |  5 |  0 |  5 |  0 |  3 |  2 |  4 |  2 |  3 |  4 |  0 |  8 |  9 |  6 |
 12|  3 |  17|  4 |  10|  3 |  8 |  6 |  9 |  3 |  19|  2 |  1 |  0 |  2 |  4 |  3 |  4 |  8 |  4 |  1 |  23|  33|  17|  12|
 13|  4 |  2 |  4 |  11|  13|  26|  22|  27|  20|  10|  2 |  2 |  2 |  2 |  1 |  5 |  2 |  8 |  9 |  19|  32|  54|  38|  7 |
 14|  7 |  4 |  12|  28|  57|  72|  48|  71|  35|  22|  10|  9 |  4 |  1 |  8 |  1 |  7 |  4 |  19|  23|  44|  63|  50|  11|
 15|  4 |  2 |  19|  18|  32|  20|  13|  24|  6 |  10|  39|  3 |  4 |  5 |  6 |  5 |  2 |  0 |  3 |  5 |  10|  12|  3 |  1 |
 16|  6 |  6 |  13|  9 |  5 |  4 |  3 |  12|  9 |  4 |  11|  5 |  1 |  2 |  2 |  20|  3 |  3 |  0 |  8 |  3 |  4 |  3 |  3 |
 17|  1 |  8 |  4 |  4 |  7 |  2 |  5 |  0 |  4 |  3 |  6 |  3 |  1 |  1 |  1 |  0 |  0 |  0 |  1 |  1 |  3 |  1 |  1 |  1 |
 18|  1 |  3 |  5 |  0 |  2 |  0 |  29|  0 |  2 |  0 |  6 |  2 |  0 |  0 |  0 |  0 |  1 |  0 |  2 |  0 |  0 |  0 |  0 |  0 |
 19|  4 |  6 |  3 |  1 |  6 |  1 |  0 |  17|  0 |  3 |  0 |  3 |  0 |  0 |  2 |  0 |  0 |  0 |  2 |  0 |  1 |  0 |  1 |  4 |
 20|  2 |  0 |  0 |  6 |  4 |  7 |  0 |  3 |  0 |  2 |  4 |  2 |  0 |  2 |  1 |  0 |  0 |  2 |  0 |  0 |  0 |  0 |  0 |  0 |
 21|  0 |  2 |  0 |  1 |  5 |  3 |  1 |  0 |  1 |  1 |  11|  3 |  3 |  1 |  1 |  2 |  1 |  3 |  1 |  3 |  2 |  1 |  30|  2 |
 22|  10|  3 |  4 |  1 |  3 |  9 |  5 |  7 |  7 |  8 |  62|  6 |  1 |  8 |  1 |  5 |  1 |  7 |  3 |  4 |  5 |  2 |  2 |  15|
 23|  14|  21|  8 |  2 |  5 |  8 |  11|  4 |  1 |  6 |  4 |  5 |  3 |  3 |  3 |  5 |  1 |  1 |  7 |  6 |  2 |  1 |  4 |  2 |
 24|  4 |  1 |  0 |  3 |  2 |  5 |  2 |  8 |  2 |  2 |  2 |  9 |  1 |  4 |  7 |  0 |  2 |  2 |  2 |  3 |  1 |  1 |  1 |  6 |
 25|  2 |  5 |  4 |  3 |  1 |  1 |  2 |  4 |  6 |  7 |  6 |  7 |  2 |  1 |  1 |  2 |  1 |  3 |  2 |  3 |  1 |  0 |  3 |  5 |
 26|  8 |  4 |  2 |  3 |  7 |  3 |  4 |  4 |  4 |  9 |  4 |  2 |  5 |  2 |  7 |  3 |  6 |  5 |  3 |  0 |  1 |  4 |  0 |  4 |
 27|  6 |  4 |  4 |  2 |  3 |  3 |  2 |  7 |  11|  7 |  3 |  5 |  3 |  11|  0 |  8 |  1 |  3 |  4 |  0 |  8 |  0 |  3 |  1 |
 28|  15|  1 |  2 |  1 |  6 |  1 |  5 |  6 |  8 |  7 |  3 |  3 |  3 |  9 |  1 |  1 |  3 |  1 |  4 |  2 |  5 |  2 |  2 |  6 |
 29|  19|  7 |  18|  6 |  4 |  5 |  1 |  3 |  5 |  3 |  1 |  7 |  2 |  3 |  1 |  1 |  3 |  1 |  0 |  4 |  2 |  2 |  1 |  4 |
 30|  4 |  3 |  2 |  5 |  6 |  18|  11|  7 |  6 |  4 |  5 |  2 |  1 |  3 |  4 |  14|  4 |  1 |  2 |  1 |  5 |  6 |  3 |  1 |
 31|  6 |  2 |  8 |  3 |  9 |  8 |  6 |  3 |  3 |  1 |  10|  7 |  6 |  4 |  1 |  2 |  4 |  2 |  1 |  0 |  4 |  3 |  1 |  3 |
[Observer]Lockyer_Observatory
[Country]United Kingdom 
[City]Sidmouth
[Longitude]003°1307
[Latitude]050°4116
[Frequencies]
[Antenna]Quad Yagi
[Azimut Antenna]135
[Elevation Antenna]0
[Pre-Amplifier]None
[Receiver]ICOM IC-706 MKIIG
[Observing Method]HROFFT30dB Length Datas
[Remarks]winxp
