may| 00h| 01h| 02h| 03h| 04h| 05h| 06h| 07h| 08h| 09h| 10h| 11h| 12h| 13h| 14h| 15h| 16h| 17h| 18h| 19h| 20h| 21h| 22h| 23h|
 01|  17|  14|  15|  20|  20|  22|  28|  20|  22|  14|  21|  25|  23|  15|  17|  12|  5 |  9 |  11|  9 |  7 |  7 |  9 |  19|
 02|  19|  21|  13|  13|  21|  54|  20|  27|  39|  18|  42|  23|  12|  25|  7 |  25|  13|  15|  10|  9 |  4 |  5 |  11|  13|
 03|  19|  15|  9 |  36|  24|  25|  35|  11|  23|  22|  16|  11|  20|  15|  19|  15|  13|  6 |  7 |  6 |  11|  8 |  12|  19|
 04|  17|  16|  14|  15|  27|  34|  65|  21|  23|  22|  33|  39|  35|  19|  15|  10|  11|  4 |  11|  6 |  9 |  10|  7 |  14|
 05|  10|  10|  21|  11|  24|  24|  68|  59|  33|  28|  85|  30|  16|  14|  12|  15|  10|  8 |  4 |  8 |  9 |  8 |  25|  13|
 06|  14|  12|  23|  28|  60|  65|  28|  54|  22|  24|  32| 114|  17|  30|  15|  10|  11|  9 |  54|  7 |  8 |  7 |  11|  16|
 07|  17|  19|  16|  24|  39|  19|  88|  27|  58|  61|  54|  39|  23|  21|  16|  16|  17|  7 |  13|  7 |  10|  6 |  14|  12|
 08|  7 |  20|  19|  30|  22|  34|  32|  32|  25|  43|  66|  31|  21|  20|  19|  20|  19|  15|  10|  7 |  14|  9 |  13|  12|
 09|  27|  17|  23|  42|  39|  44|  57|  38|  30|  58|  30|  21|  31|  37|  25|  19|  10|  21|  13|  11|  14|  12|  27|  18|
 10|  11|  20|  13|  13|  23|  29|  79|  22|  34|  23|  27|  33|  33|  33|  21|  7 |  16|  12|  11|  8 |  6 |  17|  18|  10|
 11|  25|  21|  12|  24|  31|  38|  39|  36|  29|  26|  25|  34|  26|  29|  30|  21|  16|  15|  15|  9 |  3 |  17|  11|  26|
 12|  13|  14|  24|  28|  35|  40|  49|  32|  33|  37|  34|  23|  28|  37|  18|  13|  9 |  11|  7 |  19|  10|  21|  16|  15|
 13|  16|  24|  12|  23|  30|  33|  34|  18|  24|  24|  73|  27|  26|  14|  10|  11|  10|  13|  19|  13|  9 |  12|  20|  24|
 14|  17|  14|  22|  30|  35|  34|  55|  26|  32|  28|  33|  30|  30|  18|  18|  8 |  16|  9 |  8 |  9 |  7 |  12|  15|  17|
 15|  22|  24|  23|  21|  27|  25|  29|  0 |  0 |  0 |  0 |  0 |  0 |  0 |  0 |  8 |  9 |  12|  6 |  2 |  8 |  8 |  17|  4 |
 16|  14|  16|  9 |  23|  26|  36|  25|  19|  22|  31|  19|  16|  21|  16|  30|  15|  7 |  13|  11|  5 |  12|  10|  11|  28|
 17|  14|  15|  17|  24|  14|  38|  29|  26|  18|  22|  38|  17|  21|  19|  19|  10|  10|  11|  12|  4 |  7 |  8 |  8 |  13|
 18|  11|  12|  22|  20|  25|  22|  26|  20|  23|  19|  30|  43|  26|  13|  22|  17|  8 |  15|  9 |  6 |  3 |  8 |  16|  23|
 19|  14|  17|  14|  13|  21|  32|  26|  14|  0 |  0 |  17|  34|  13|  37|  17|  9 |  15|  8 |  9 |  6 |  8 |  10|  11|  23|
 20|  16|  13|  15|  16|  28|  41|  24|  28|  15|  24|  31|  50|  28|  32|  27|  22|  17|  10|  9 |  12|  11|  8 |  15|  18|
 21|  17|  16|  12|  15|  16|  31|  42|  19|  6 |  27|  16|  18|  18|  18|  22|  24|  12|  13|  12|  15|  10|  12|  8 |  17|
 22|  15|  12|  18|  14|  13|  29|  20|  11|  23|  23|  14|  19|  25|  17|  13|  27|  13|  14|  12|  11|  13|  6 |  13|  17|
 23|  11|  24|  19|  23|  29|  26|  24|  11|  20|  26|  25|  32|  12|  23|  23|  13|  8 |  10|  7 |  10|  15|  4 |  18|  14|
 24|  15|  29|  15|  9 |  15|  11|  16|  26|  37|  22|  9 |  8 |  19|  55|  27|  27|  19|  47|  10|  13|  22|  9 |  17|  16|
 25|  16|  26|  11|  13|  31|  38|  28|  17|  28|  12|  14|  23|  44|  29|  28|  18|  16|  8 |  9 |  10|  14|  5 |  14|  20|
 26|  23|  19|  22|  17|  24|  25|  39|  31|  26|  42|  18|  22|  22|  35|  30|  18|  6 |  10|  14|  11|  14|  9 |  15|  10|
 27|  8 |  21|  17|  10|  30|  41|  28|  22|  18|  15|  34|  27|  27|  26|  28|  15|  26|  11|  9 |  15|  12|  19|  12|  24|
 28|  15|  18|  19|  22|  30|  32|  31|  26|  37|  16|  20|  36|  23|  18|  24|  19|  12|  28|  18|  6 |  12|  17|  23|  13|
 29|  21|  23|  11|  19|  42|  37|  31|  31|  24|  21|  39|  32|  22|  35|  26|  33|  19|  7 |  8 |  19|  17|  11|  10|  24|
 30|  20|  11|  23|  24|  36|  37|  36|  22|  17|  34|  15|  19|  32|  23|  15|  17|  29|  15|  10|  41|  18|  17|  98|  10|
 31|  14|  13|  15|  28|  26|  21|  27|  17|  18|  8 |  38|  14|  12|  17|  14|  21|  13|  11|  10|  5 |  6 |  21|  14|  16|
[Observer]Lockyer_Observatory
[Country]United Kingdom 
[City]Sidmouth
[Longitude]003°1307
[Latitude]050°4116
[Frequencies]
[Antenna]Quad Yagi
[Azimut Antenna]135
[Elevation Antenna]0
[Pre-Amplifier]None
[Receiver]ICOM IC-706 MKIIG
[Observing Method]HROFFT20dB Length Datas
[Remarks]winxp
