apr| 00h| 01h| 02h| 03h| 04h| 05h| 06h| 07h| 08h| 09h| 10h| 11h| 12h| 13h| 14h| 15h| 16h| 17h| 18h| 19h| 20h| 21h| 22h| 23h|
 01|  0 |  0 |  0 |  0 |  0 |  0 |  0 |  0 |  0 |  0 |  0 |  0 |  0 |  8 |  13|  12|  11|  5 |  3 |  8 |  4 |  11|  7 |  8 |
 02|  14|  8 |  13|  5 |  10|  18|  18|  12|  12|  16|  12|  9 |  12|  8 |  3 |  7 |  7 |  5 |  12|  5 |  7 |  5 |  12|  7 |
 03|  6 |  5 |  10|  14|  14|  15|  15|  7 |  10|  9 |  16|  13|  13|  13|  7 |  15|  7 |  8 |  9 |  13|  11|  9 |  8 |  16|
 04|  18|  17|  13|  13|  11|  15|  12|  16|  12|  14|  21|  10|  12|  8 |  10|  4 |  8 |  6 |  6 |  9 |  1 |  9 |  6 |  8 |
 05|  19|  21|  14|  15|  14|  11|  18|  18|  9 |  11|  9 |  18|  9 |  17|  9 |  8 |  12|  13|  7 |  5 |  5 |  9 |  3 |  10|
 06|  11|  12|  14|  14|  21|  13|  9 |  21|  17|  9 |  24|  11|  11|  12|  10|  6 |  8 |  7 |  10|  8 |  11|  14|  18|  19|
 07|  16|  21|  21|  25|  19|  20|  17|  23|  15|  19|  11|  13|  16|  12|  14|  9 |  8 |  16|  13|  9 |  8 |  11|  12|  13|
 08|  15|  26|  19|  21|  19|  32|  20|  15|  14|  12|  10|  20|  18|  9 |  14|  7 |  10|  12|  24|  13|  3 |  13|  17|  14|
 09|  25|  27|  18|  21|  20|  21|  34|  17|  16|  15|  13|  8 |  18|  11|  19|  13|  8 |  16|  7 |  6 |  10|  13|  17|  15|
 10|  19|  19|  24|  19|  14|  14|  28|  18|  19|  11|  20|  22|  22|  17|  15|  10|  11|  9 |  11|  11|  9 |  17|  21|  22|
 11|  28|  30|  16|  19|  21|  25|  24|  18|  13|  28|  15|  12|  17|  18|  17|  16|  12|  13|  12|  6 |  12|  15|  15|  17|
 12|  19|  19|  16|  19|  27|  26|  21|  31|  10|  16|  13|  13|  18|  16|  14|  8 |  13|  9 |  7 |  9 |  9 |  9 |  15|  14|
 13|  19|  25|  19|  19|  24|  21|  20|  21|  23|  15|  17|  19|  15|  15|  14|  14|  9 |  15|  7 |  9 |  7 |  11|  11|  18|
 14|  16|  24|  12|  12|  22|  20|  20|  25|  19|  14|  15|  20|  15|  16|  14|  16|  8 |  12|  8 |  6 |  5 |  12|  14|  19|
 15|  19|  25|  17|  17|  15|  24|  27|  15|  21|  21|  11|  28|  18|  16|  15|  10|  10|  20|  7 |  2 |  13|  12|  14|  19|
 16|  20|  29|  16|  23|  20|  19|  23|  21|  26|  28|  22|  30|  24|  28|  20|  10|  8 |  10|  17|  13|  19|  16|  14|  16|
 17|  19|  27|  27|  29|  13|  33|  26|  21|  28|  21|  25|  27|  29|  29|  22|  4 |  17|  10|  7 |  20|  6 |  10|  22|  19|
 18|  16|  21|  27|  24|  17|  40|  21|  31|  22|  14|  28|  16|  19|  17|  20|  17|  7 |  6 |  8 |  13|  9 |  12|  17|  16|
 19|  12|  17|  11|  24|  20|  22|  28|  13|  20|  29|  19|  19|  17|  24|  15|  10|  7 |  15|  8 |  12|  11|  11|  21|  21|
 20|  19|  20|  20|  29|  24|  31|  23|  22|  13|  16|  23|  19|  19|  19|  10|  8 |  5 |  8 |  5 |  11|  10|  7 |  12|  14|
 21|  13|  20|  14|  15|  11|  14|  19|  20|  10|  22|  11|  18|  18|  8 |  11|  7 |  7 |  8 |  6 |  5 |  9 |  11|  7 |  11|
 22|  12|  12|  25|  10|  22|  29|  18|  25|  22|  22|  19|  19|  7 |  7 |  10|  4 |  8 |  5 |  6 |  6 |  9 |  12|  12|  10|
 23|  16|  11|  11|  24|  19|  21|  24|  21|  19|  17|  17|  23|  13|  12|  13|  9 |  7 |  19|  10|  6 |  8 |  13|  4 |  12|
 24|  7 |  19|  10|  5 |  14|  13|  19|  10|  17|  13|  10|  14|  18|  12|  11|  11|  6 |  8 |  5 |  10|  10|  5 |  6 |  5 |
 25|  9 |  17|  8 |  9 |  12|  15|  12|  12|  15|  21|  16|  14|  17|  13|  7 |  5 |  5 |  5 |  5 |  4 |  7 |  8 |  9 |  11|
 26|  7 |  17|  14|  12|  10|  16|  13|  13|  16|  8 |  18|  4 |  15|  13|  9 |  10|  12|  9 |  4 |  10|  10|  9 |  8 |  11|
 27|  18|  18|  16|  16|  9 |  21|  13|  10|  19|  20|  17|  7 |  20|  12|  10|  18|  6 |  13|  3 |  5 |  6 |  9 |  5 |  4 |
 28|  13|  14|  16|  13|  12|  9 |  19|  11|  10|  14|  15|  14|  14|  14|  10|  10|  1 |  7 |  6 |  11|  13|  8 |  13|  8 |
 29|  21|  10|  8 |  15|  17|  16|  20|  11|  14|  9 |  20|  20|  15|  17|  11|  8 |  4 |  8 |  4 |  11|  9 |  10|  6 |  16|
 30|  16|  14|  13|  12|  15|  24|  19|  16|  26|  15|  16|  13|  14|  14|  7 |  6 |  11|  7 |  2 |  13|  11|  11|  10|  13|
 31|??? |??? |??? |??? |??? |??? |??? |??? |??? |??? |??? |??? |??? |??? |??? |??? |??? |??? |??? |??? |??? |??? |??? |??? |
[Observer]Lockyer_Observatory
[Country]United Kingdom 
[City]Sidmouth
[Longitude]003°1307
[Latitude]050°4116
[Frequencies]
[Antenna]Quad Yagi
[Azimut Antenna]135
[Elevation Antenna]0
[Pre-Amplifier]None
[Receiver]ICOM IC-706 MKIIG
[Observing Method]HROFFT20dB Count Datas
[Remarks]winxp
