apr| 00h| 01h| 02h| 03h| 04h| 05h| 06h| 07h| 08h| 09h| 10h| 11h| 12h| 13h| 14h| 15h| 16h| 17h| 18h| 19h| 20h| 21h| 22h| 23h|
 01|  0 |  0 |  0 |  0 |  0 |  0 |  0 |  0 |  0 |  0 |  0 |  0 |  0 |  67|  64|  57|  50|  33|  36|  77|  37|  57|  45|  57|
 02|  64|  79|  76|  53|  54| 110| 118|  92|  69|  65|  73|  58|  53|  51|  40|  37|  25|  20|  30|  30|  39|  35|  59|  47|
 03|  47|  48|  67|  57|  51|  83|  84| 103|  79|  80|  86|  71|  97|  89| 112| 124|  43|  44|  56|  84| 101|  47|  44|  61|
 04|  68|  80|  90|  50|  49| 102| 122|  74|  72|  93| 115|  66|  62|  51|  65|  49|  54|  53|  47|  57|  42|  62|  48|  50|
 05|  75|  70|  76|  62|  64| 100| 136| 133|  86|  72| 119| 166|  76|  58|  73|  58|  68|  42|  44|  29|  39|  49|  42|  57|
 06|  58|  96|  87|  56|  79|  75|  95| 127| 117|  64| 136|  97|  70| 117|  63|  73| 123|  98|  77| 130|  83|  91|  65|  89|
 07| 130| 109| 120| 161| 172| 135| 245| 235| 140| 131| 148| 153| 150| 174| 161| 168|  58|  78|  92| 136| 102| 100|  69| 104|
 08| 116| 104| 184| 219| 160| 250| 189| 215| 112| 153| 197| 295| 252| 139| 141| 171| 121|  78| 211| 128| 162| 176| 113|  89|
 09| 125| 130| 176| 180| 172| 351| 402| 225| 366| 221| 270| 203| 281| 162| 160| 211| 111| 127|  87| 213| 120| 158|  94|  75|
 10| 110| 117| 148| 150| 158| 290| 438| 341| 286| 254| 216| 252| 199| 119|  78| 217| 154| 103| 114| 255| 124| 214| 144| 125|
 11| 138| 122| 218| 118| 187| 422| 542| 402| 397| 354| 235| 172| 210| 149| 160| 161| 141|  69|  91| 132|  94|  85|  97|  91|
 12| 122| 137| 102| 101| 123| 152| 201| 223| 141| 170| 186| 190| 163| 115| 163| 104| 125|  98|  99| 230| 167| 108|  78| 164|
 13| 103| 124| 119| 100| 135| 266| 190| 274| 252| 160| 135| 159|  98| 132| 116| 150| 117|  88|  73| 192| 436| 178| 106|  88|
 14| 119| 118| 104| 111| 178| 198| 288| 265| 218| 147| 168| 161| 116| 151|  94|  82|  53| 155|  66| 156| 109| 137| 145| 167|
 15|  94| 107| 126| 105| 161| 225| 226| 159| 227| 221| 188| 186| 227| 423|1294| 230| 127| 341| 132| 368| 308| 233| 146| 141|
 16| 157| 163| 169| 146| 247| 305| 408| 304| 579| 705| 613| 501| 452| 574| 436| 568| 591| 503| 334| 792| 444| 292| 193| 113|
 17| 143| 149| 184| 231| 244| 645| 833| 415| 637| 571| 557| 638| 932| 302| 234| 311| 263| 208| 140| 319| 290| 172| 174| 153|
 18| 133| 119| 131| 187| 217| 353| 417| 522| 306| 367| 361| 269| 326| 488| 299| 323| 294| 226| 730| 641| 269| 165| 110| 115|
 19| 403| 450| 119| 148| 146| 507| 439| 440| 374| 360| 715| 467| 250| 389| 316| 363| 183| 197| 495| 784| 259| 157| 212| 126|
 20| 121| 136| 221| 250| 335| 587| 591| 530| 298| 673| 493|1428| 453| 172| 148| 130| 108|  61|  42| 100|  72|  49|  69|  73|
 21|  96|  78|  95| 105| 114| 129| 177| 155| 146| 132| 140| 180| 108|  77| 123|  64|  57|  34|  43|  37|  52|  53|  47|  71|
 22|  67|  67| 115|  79| 153| 197| 135| 136| 126| 140| 136| 130|  59|  73|  62|  48|  34|  39|  46|  42|  44| 103|  61|  80|
 23|  98|  69|  68|  87| 123| 109| 155| 118| 110|  99|  81| 132|  76|  82|  69|  41|  44| 284|  38|  48|  39|  50|  40|  67|
 24|  58|  84|  87|  73| 161| 107| 160| 104| 107| 148| 125| 143| 101|  73|  73|  78|  31|  41|  33|  59|  68|  47|  36|  36|
 25|  45|  64|  48|  79|  97|  71| 116|  78|  63|  84|  68|  83|  90|  62|  47|  79|  51|  40|  56|  29|  51|  34|  45|  52|
 26|  76|  75| 153| 104| 131| 111| 172|  72| 109|  74| 114|  80|  88|  79|  66|  47|  54|  87|  62| 110|  57|  47|  69|  55|
 27|  87| 109| 101|  94| 141| 186| 120| 118| 133| 120| 140|  69| 111|  98|  85|  82|  46|  48|  40|  50|  52|  57|  45|  58|
 28|  82|  89|  81|  91| 206| 130| 169| 140| 109| 137| 105| 159|  90|  86|  97|  82|  43|  45|  77|  77| 111|  78|  81|  59|
 29|  76|  70|  88|  70| 146| 144| 119|  87| 150|  70| 118| 134| 120|  82|  66|  73|  46|  44|  29|  41| 134|  55|  41| 194|
 30|  75|  74|  72| 111| 177| 186| 175| 150| 265| 185| 207| 185| 140|  93|  60|  82|  56|  64|  30|  87|  97| 132|  51|  71|
 31|??? |??? |??? |??? |??? |??? |??? |??? |??? |??? |??? |??? |??? |??? |??? |??? |??? |??? |??? |??? |??? |??? |??? |??? |
[Observer]Lockyer_Observatory
[Country]United Kingdom 
[City]Sidmouth
[Longitude]003°1307
[Latitude]050°4116
[Frequencies]
[Antenna]Quad Yagi
[Azimut Antenna]135
[Elevation Antenna]0
[Pre-Amplifier]None
[Receiver]ICOM IC-706 MKIIG
[Observing Method]HROFFT10dB Length Datas
[Remarks]winxp
