nov| 00h| 01h| 02h| 03h| 04h| 05h| 06h| 07h| 08h| 09h| 10h| 11h| 12h| 13h| 14h| 15h| 16h| 17h| 18h| 19h| 20h| 21h| 22h| 23h|
 01|  5 |  13|  5 |  7 |  3 |  3 |  12|  9 |  10|  11|  7 |  8 |  7 |  3 |  4 |  3 |  3 |  4 |  9 |  6 |  4 |  4 |  3 |  3 |
 02|  4 |  8 |  5 |  8 |  12|  7 |  9 |  6 |  8 |  3 |  13|  3 |  2 |  2 |  6 |  4 |  6 |  3 |  8 |  1 |  9 |  6 |  1 |  9 |
 03|  5 |  11|  4 |  9 |  14|  4 |  9 |  12|  5 |  15|  10|  11|  5 |  2 |  0 |  0 |  1 |  2 |  0 |  10|  11|  6 |  4 |  8 |
 04|  10|  10|  5 |  5 |  10|  8 |  12|  11|  2 |  3 |  10|  15|  4 |  15|  3 |  6 |  8 |  13|  6 |  8 |  4 |  9 |  13|  13|
 05|  6 |  2 |  5 |  1 |  9 |  12|  3 |  1 |  3 |  8 |  9 |  3 |  3 |  6 |  0 |  1 |  7 |  4 |  4 |  11|  6 |  9 |  5 |  3 |
 06|  3 |  0 |  5 |  4 |  6 |  4 |  10|  1 |  5 |  2 |  2 |  5 |  5 |  0 |  6 |  3 |  3 |  6 |  6 |  5 |  7 |  3 |  4 |  2 |
 07|  3 |  4 |  7 |  9 |  4 |  5 |  12|  3 |  2 |  2 |  6 |  6 |  5 |  6 |  6 |  9 |  4 |  4 |  5 |  27|  4 |  3 |  3 |  3 |
 08|  1 |  2 |  4 |  7 |  6 |  10|  5 |  7 |  3 |  21|  10|  6 |  3 |  5 |  4 |  3 |  6 |  1 |  9 |  14|  9 |  7 |  5 |  3 |
 09|  2 |  3 |  6 |  7 |  8 |  5 |  11|  9 |  10|  7 |  3 |  4 |  5 |  19|  3 |  9 |  4 |  4 |  8 |  7 |  13|  5 |  3 |  10|
 10|  3 |  8 |  21|  7 |  15|  9 |  5 |  6 |  10|  8 |  11|  6 |  12|  14|  10|  7 |  1 |  43|  8 |  9 |  8 |  5 |  10|  3 |
 11|  12|  1 |  7 |  9 |  3 |  12|  7 |  11|  3 |  8 |  6 |  4 |  8 |  17|  5 |  8 |  4 |  3 |  2 |  2 |  6 |  5 |  1 |  3 |
 12|  8 |  6 |  14|  5 |  11|  5 |  7 |  16|  10|  4 |  10|  5 |  4 |  9 |  3 |  5 |  13|  8 |  3 |  4 |  3 |  1 |  5 |  0 |
 13|  3 |  6 |  2 |  6 |  9 |  3 |  6 |  10|  4 |  3 |  6 |  6 |  10|  2 |  5 |  4 |  4 |  3 |  10|  7 |  13|  1 |  3 |  11|
 14|  5 |  13|  5 |  9 |  9 |  9 |  4 |  13|  6 |  10|  2 |  12|  9 |  4 |  9 |  3 |  3 |  6 |  7 |  13|  14|  3 |  4 |  5 |
 15|  5 |  6 |  6 |  8 |  30|  9 |  14|  32|  12|  8 |  6 |  4 |  0 |  4 |  2 |  2 |  1 |  1 |  2 |  2 |  5 |  2 |  2 |  0 |
 16|  4 |  5 |  7 |  11|  7 |  12|  6 |  7 |  7 |  5 |  1 |  5 |  3 |  4 |  3 |  7 |  3 |  6 |  10|  1 |  4 |  1 |  1 |  1 |
 17|  1 |  4 |  6 |  5 |  5 |  2 |  7 |  7 |  4 |  46|  7 |  4 |  3 |  3 |  7 |  6 |  2 |  1 |  3 |  9 |  4 |  4 |  3 |  2 |
 18|  5 |  3 |  9 |  17|  17|  6 |  9 |  10|  42|  10|  10|  4 |  16|  12|  1 |  14|  3 |  4 |  4 |  5 |  4 |  7 |  2 |  0 |
 19|  5 |  19|  52|  9 |  11|  7 |  5 |  3 |  19|  9 |  3 |  7 |  10|  2 |  3 |  4 |  3 |  4 |  3 |  5 |  3 |  4 |  4 |  2 |
 20|  7 |  7 |  9 |  8 |  11|  3 |  10|  4 |  4 |  8 |  15|  3 |  2 |  6 |  2 |  8 |  2 |  2 |  8 |  6 |  5 |  7 |  3 |  4 |
 21|  4 |  3 |  6 |  8 |  7 |  10|  8 |  23|  3 |  26|  9 |  5 |  13|  8 |  5 |  4 |  4 |  1 |  4 |  5 |  93|  5 |  2 |  7 |
 22|  5 |  4 |  1 |  8 |  5 |  11|  2 |  10|  5 |  6 |  7 |  2 |  8 |  3 |  7 |  9 |  4 |  6 |  5 |  7 |  7 |  5 |  3 |  4 |
 23|  5 |  2 |  6 |  12|  4 |  5 |  3 |  3 |  7 |  8 |  7 |  2 |  7 |  2 |  4 |  2 |  1 |  7 |  4 |  7 |  0 |  4 |  2 |  0 |
 24|  5 |  2 |  1 |  9 |  7 |  6 |  39|  6 |  3 |  7 |  4 |  5 |  1 |  1 |  3 |  2 |  5 |  2 |  3 |  2 |  7 |  1 |  4 |  2 |
 25|  1 |  2 |  10|  5 |  9 |  6 |  2 |  6 |  4 |  4 |  3 |  9 |  7 |  5 |  1 |  5 |  1 |  5 |  4 |  3 |  4 |  7 |  8 |  3 |
 26|  2 |  5 |  7 |  10|  10|  9 |  5 |  6 |  10|  2 |  6 |  9 |  1 |  13|  1 |  3 |  7 |  2 |  5 |  8 |  9 |  9 |  6 |  3 |
 27|  2 |  11|  10|  7 |  6 |  8 |  4 |  7 |  9 |  3 |  6 |  2 |  3 |  14|  6 |  2 |  2 |  0 |  0 |  3 |  6 |  3 |  8 |  3 |
 28|  1 |  0 |  5 |  5 |  6 |  9 |  9 |  7 |  6 |  3 |  7 |  3 |  2 |  12|  10|  2 |  4 |  5 |  3 |  4 |  6 |  7 |  4 |  2 |
 29|  1 |  0 |  7 |  1 |  4 |  5 |  6 |  10|  4 |  7 |  14|  5 |  3 |  2 |  1 |  2 |  7 |  6 |  1 |  2 |  4 |  5 |  2 |  0 |
 30|  1 |  5 |  3 |  8 |  9 |  8 |  8 |  14|  3 |  2 |  2 |  3 |  6 |  6 |  3 |  3 |  1 |  2 |  2 |  6 |  3 |  3 |  1 |  7 |
 31|??? |??? |??? |??? |??? |??? |??? |??? |??? |??? |??? |??? |??? |??? |??? |??? |??? |??? |??? |??? |??? |??? |??? |??? |
[Observer]Lockyer_Observatory
[Country]United Kingdom 
[City]Sidmouth
[Longitude]003°1307
[Latitude]050°4116
[Frequencies]
[Antenna]Quad Yagi
[Azimut Antenna]135
[Elevation Antenna]0
[Pre-Amplifier]None
[Receiver]ICOM IC-706 MKIIG
[Observing Method]HROFFT30dB Length Datas
[Remarks]winxp
