feb| 00h| 01h| 02h| 03h| 04h| 05h| 06h| 07h| 08h| 09h| 10h| 11h| 12h| 13h| 14h| 15h| 16h| 17h| 18h| 19h| 20h| 21h| 22h| 23h|
 01|  12|  14|  8 |  14|  13|  8 |  9 |  8 |  14|  8 |  10|  16|  5 |  10|  8 |  11|  1 |  6 |  5 |  7 |  12|  15|  5 |  9 |
 02|  8 |  15|  17|  14|  12|  9 |  20|  10|  20|  5 |  11|  6 |  6 |  8 |  2 |  6 |  5 |  4 |  7 |  11|  9 |  6 |  7 |  12|
 03|  9 |  5 |  8 |  10|  27|  12|  7 |  14|  9 |  6 |  15|  10|  11|  6 |  6 |  5 |  6 |  13|  9 |  11|  6 |  11|  8 |  2 |
 04|  13|  15|  5 |  20|  14|  9 |  8 |  12|  20|  7 |  10|  18|  16|  9 |  14|  9 |  5 |  9 |  0 |  0 |  0 |  0 |  0 |  0 |
 05|  0 |  0 |  0 |  0 |  0 |  0 |  0 |  0 |  0 |  0 |  0 |  0 |  0 |  0 |  0 |  0 |  0 |  0 |  0 |  0 |  0 |  0 |  0 |  0 |
 06|??? |??? |??? |??? |??? |??? |??? |??? |??? |??? |??? |??? |??? |??? |??? |??? |??? |??? |??? |??? |??? |??? |??? |??? |
 07|??? |??? |??? |??? |??? |??? |??? |??? |??? |??? |??? |??? |??? |??? |??? |??? |??? |??? |??? |??? |??? |??? |??? |??? |
 08|  0 |  17|  18|  25|  21|  13|  13|  15|  9 |  14|  14|  16|  13|  11|  10|  9 |  14|  18|  8 |  13|  16|  16|  13|  17|
 09|  8 |  21|  17|  18|  19|  21|  18|  28|  29|  16|  16|  17|  26|  21|  12|  17|  12|  9 |  7 |  9 |  14|  15|  13|  9 |
 10|  12|  10|  16|  18|  22|  15|  14|  12|  45|  24|  12|  19|  7 |  18|  14|  10|  8 |  7 |  8 |  9 |  15|  8 |  8 |  5 |
 11|  15|  17|  18|  14|  15|  12|  12|  29|  18|  33|  21|  22|  10|  19|  14|  4 |  4 |  5 |  15|  10|  16|  22|  14|  9 |
 12|  14|  22|  20|  19|  16|  29|  12|  15|  15|  11|  40|  22|  19|  12|  16|  29|  9 |  9 |  17|  14|  10|  11|  9 |  8 |
 13|  12|  11|  18|  8 |  12|  13|  18|  25|  25|  26|  9 |  22|  18|  22|  15|  23|  4 |  13|  16|  8 |  21|  15|  16|  16|
 14|  14|  18|  16|  34|  31|  15|  12|  19|  15|  37|  19|  21|  10|  18|  19|  7 |  21|  6 |  12|  12|  9 |  9 |  13|  15|
 15|  11|  21|  14|  21|  20|  13|  22|  18|  8 |  17|  22|  37|  19|  20|  15|  5 |  5 |  18|  19|  15|  17|  6 |  10|  10|
 16|  15|  23|  21|  14|  15|  18|  27|  21|  50|  0 |  0 |  18|  17|  10|  14|  10|  14|  8 |  8 |  11|  15|  8 |  13|  10|
 17|  14|  6 |  25|  16|  20|  24|  21|  30|  8 |  14|  12|  13|  16|  8 |  16|  16|  5 |  16|  10|  15|  11|  8 |  5 |  12|
 18|  12|  12|  17|  17|  15|  30|  11|  15|  16|  13|  13|  11|  9 |  12|  7 |  13|  6 |  9 |  9 |  20|  12|  11|  35|  9 |
 19|  8 |  14|  22|  14|  18|  22|  30|  13|  17|  13|  20|  19|  26|  12|  10|  8 |  8 |  8 |  6 |  5 |  9 |  15|  5 |  12|
 20|  7 |  12|  12|  18|  13|  17|  14|  12|  14|  13|  8 |  13|  14|  21|  13|  15|  10|  9 |  9 |  5 |  11|  7 |  11|  13|
 21|  18|  23|  14|  11|  28|  11|  7 |  6 |  33|  19|  16|  12|  15|  9 |  12|  11|  11|  13|  9 |  10|  11|  11|  10|  12|
 22|  25|  14|  17|  14|  16|  15|  16|  24|  20|  19|  10|  16|  7 |  14|  4 |  10|  6 |  10|  10|  11|  13|  10|  21|  9 |
 23|  16|  16|  18|  16|  14|  19|  20|  24|  31|  18|  52|  23|  25|  19|  16|  15|  11|  7 |  8 |  16|  13|  16|  12|  15|
 24|  12|  18|  20|  16|  17|  18|  15|  21|  26|  13|  28|  22|  16|  12|  16|  6 |  12|  14|  9 |  6 |  13|  13|  9 |  21|
 25|  21|  11|  30|  11|  36|  30|  25|  13|  23|  32|  28|  23|  23|  13|  20|  7 |  2 |  13|  13|  46|  14|  21|  25|  17|
 26|  19|  14|  25|  18|  19|  18|  22|  26|  21|  19|  21|  25|  20|  15|  10|  14|  10|  8 |  19|  12|  12|  11|  11|  34|
 27|  18|  20|  15|  15|  20|  13|  21|  18|  21|  25|  16|  10|  19|  12|  15|  13|  10|  19|  9 |  18|  12|  10|  16|  14|
 28|  12|  21|  17|  20|  20|  30|  23|  28|  26|  35|  22|  17|  18|  27|  7 |  21|  15|  9 |  7 |  13|  14|  15|  9 |  20|
 29|??? |??? |??? |??? |??? |??? |??? |??? |??? |??? |??? |??? |??? |??? |??? |??? |??? |??? |??? |??? |??? |??? |??? |??? |
 30|??? |??? |??? |??? |??? |??? |??? |??? |??? |??? |??? |??? |??? |??? |??? |??? |??? |??? |??? |??? |??? |??? |??? |??? |
 31|??? |??? |??? |??? |??? |??? |??? |??? |??? |??? |??? |??? |??? |??? |??? |??? |??? |??? |??? |??? |??? |??? |??? |??? |
[Observer]Lockyer_Observatory
[Country]United Kingdom 
[City]Sidmouth
[Longitude]003°1307
[Latitude]050°4116
[Frequencies]
[Antenna]Quad Yagi
[Azimut Antenna]135
[Elevation Antenna]0
[Pre-Amplifier]None
[Receiver]ICOM IC-706 MKIIG
[Observing Method]HROFFT20dB Length Datas
[Remarks]winxp
