jul| 00h| 01h| 02h| 03h| 04h| 05h| 06h| 07h| 08h| 09h| 10h| 11h| 12h| 13h| 14h| 15h| 16h| 17h| 18h| 19h| 20h| 21h| 22h| 23h|
 01|  14|  3 |  9 |  10|  11|  15|  16|  2 |  0 |  0 |  5 |  5 |  14|  0 |  12|  15|  7 |  4 |  3 |  3 |  8 |  8 |  6 |  6 |
 02|  13|  4 |  6 |  8 |  15|  26|  10|  7 |  36|  8 |  5 |  7 |  9 |  10|  13|  6 |  12|  10|  7 |  2 |  3 |  2 |  10|  4 |
 03|  10|  7 |  3 |  6 |  8 |  17|  43|  9 |  6 |  12|  8 |  6 |  3 |  3 |  15|  10|  3 |  9 |  2 |  2 |  6 |  1 |  2 |  4 |
 04|  11|  10|  15|  18|  14|  10|  23|  15|  5 |  1 |  3 |  13|  8 |  2 |  2 |  9 |  2 |  13|  3 |  1 |  4 |  5 |  5 |  5 |
 05|  7 |  4 |  3 |  17|  17|  7 |  7 |  11|  9 |  6 |  8 |  0 |  0 |  0 |  8 |  3 |  5 |  11|  0 |  0 |  1 |  0 |  0 |  0 |
 06|??? |??? |??? |??? |??? |??? |??? |??? |??? |??? |??? |??? |??? |??? |??? |??? |??? |??? |??? |??? |??? |??? |??? |??? |
 07|??? |??? |??? |??? |??? |??? |??? |??? |??? |??? |??? |??? |??? |??? |??? |??? |??? |??? |??? |??? |??? |??? |??? |??? |
 08|??? |??? |??? |??? |??? |??? |??? |??? |??? |??? |??? |??? |??? |??? |??? |??? |??? |??? |??? |??? |??? |??? |??? |??? |
 09|  0 |  0 |  0 |  0 |  0 |  0 |  0 |  0 |  0 |  0 |  0 |  0 |  0 |  0 |  0 |  0 |  0 |  0 |  0 |  0 |  0 |  0 |  0 |  0 |
 10|??? |??? |??? |??? |??? |??? |??? |??? |??? |??? |??? |??? |??? |??? |??? |??? |??? |??? |??? |??? |??? |??? |??? |??? |
 11|  0 |  0 |  0 |  0 |  0 |  0 |  0 |  0 |  0 |  0 |  0 |  0 |  0 |  3 |  6 |  1 |  14|  2 |  1 |  1 |  5 |  4 |  0 |  4 |
 12|  2 |  1 |  7 |  2 |  9 |  5 |  3 |  2 |  8 |  1 |  3 |  3 |  1 |  2 |  2 |  2 |  1 |  0 |  3 |  0 |  0 |  2 |  4 |  3 |
 13|  2 |  2 |  3 |  5 |  1 |  2 |  5 |  1 |  3 |  2 |  3 |  3 |  1 |  0 |  2 |  3 |  0 |  0 |  2 |  2 |  5 |  3 |  2 |  0 |
 14|  4 |  4 |  4 |  1 |  12|  15|  2 |  7 |  3 |  2 |  1 |  3 |  7 |  0 |  5 |  5 |  1 |  0 |  3 |  5 |  9 |  2 |  4 |  6 |
 15|  6 |  19|  9 |  4 |  0 |  5 |  6 |  0 |  2 |  10|  2 |  1 |  2 |  3 |  8 |  1 |  5 |  1 |  2 |  2 |  1 |  5 |  0 |  1 |
 16|  6 |  3 |  4 |  1 |  3 |  6 |  2 |  2 |  2 |  2 |  3 |  9 |  0 |  5 |  1 |  2 |  0 |  3 |  1 |  1 |  1 |  2 |  2 |  4 |
 17|  9 |  2 |  5 |  9 |  3 |  27|  8 |  2 |  2 |  1 |  1 |  2 |  2 |  0 |  0 |  1 |  0 |  1 |  3 |  3 |  1 |  0 |  0 |  0 |
 18|  0 |  0 |  0 |  0 |  0 |  0 |  0 |  0 |  0 |  0 |  0 |  2 |  12|  9 |  5 |  4 |  4 |  2 |  1 |  2 |  3 |  2 |  1 |  8 |
 19|  10|  8 |  12|  5 |  2 |  5 |  11|  10|  5 |  4 |  7 |  3 |  0 |  6 |  3 |  3 |  6 |  7 |  2 |  5 |  3 |  4 |  7 |  0 |
 20|  8 |  4 |  8 |  9 |  15|  10|  6 |  4 |  4 |  5 |  2 |  6 |  0 |  2 |  4 |  4 |  3 |  6 |  2 |  0 |  2 |  4 |  4 |  4 |
 21|  10|  4 |  15|  2 |  9 |  17|  11|  5 |  6 |  4 |  10|  5 |  3 |  6 |  5 |  4 |  2 |  1 |  5 |  2 |  5 |  9 |  3 |  9 |
 22|  2 |  5 |  2 |  15|  12|  8 |  13|  18|  6 |  6 |  15|  7 |  16|  11|  4 |  6 |  4 |  8 |  3 |  4 |  1 |  7 |  3 |  11|
 23|  4 |  14|  16|  7 |  14|  27|  6 |  11|  5 |  10|  4 |  3 |  5 |  2 |  2 |  5 |  2 |  3 |  1 |  5 |  3 |  1 |  2 |  6 |
 24|  6 |  4 |  9 |  6 |  12|  8 |  8 |  4 |  5 |  4 |  2 |  4 |  3 |  5 |  5 |  6 |  1 |  0 |  19|  1 |  1 |  4 |  7 |  5 |
 25|  9 |  4 |  10|  10|  8 |  10|  9 |  1 |  7 |  4 |  3 |  3 |  1 |  5 |  2 |  2 |  4 |  3 |  1 |  4 |  2 |  6 |  4 |  5 |
 26|  6 |  4 |  9 |  3 |  11|  23|  14|  0 |  8 |  2 |  12|  9 |  1 |  4 |  3 |  1 |  3 |  10|  7 |  2 |  3 |  6 |  3 |  2 |
 27|  12|  7 |  10|  6 |  3 |  7 |  7 |  9 |  3 |  12|  1 |  1 |  2 |  4 |  5 |  0 |  7 |  0 |  3 |  3 |  3 |  4 |  4 |  9 |
 28|  3 |  12|  29|  11|  13|  8 |  7 |  21|  11|  2 |  3 |  2 |  4 |  3 |  6 |  1 |  28|  7 |  5 |  2 |  2 |  1 |  3 |  13|
 29|  14|  7 |  9 |  18|  4 |  13|  5 |  6 |  1 |  2 |  11|  5 |  3 |  8 |  2 |  2 |  2 |  11|  3 |  2 |  6 |  6 |  8 |  10|
 30|  7 |  11|  2 |  2 |  14|  12|  7 |  4 |  3 |  2 |  3 |  1 |  2 |  2 |  8 |  1 |  19|  1 |  1 |  2 |  4 |  0 |  2 |  10|
 31|  6 |  21|  13|  7 |  10|  7 |  5 |  7 |  9 |  4 |  3 |  8 |  4 |  4 |  5 |  6 |  4 |  5 |  1 |  1 |  3 |  3 |  5 |  2 |
[Observer]Lockyer_Observatory
[Country]United Kingdom 
[City]Sidmouth
[Longitude]003°1307
[Latitude]050°4116
[Frequencies]
[Antenna]Quad Yagi
[Azimut Antenna]135
[Elevation Antenna]0
[Pre-Amplifier]None
[Receiver]ICOM IC-706 MKIIG
[Observing Method]HROFFT30dB Length Datas
[Remarks]winxp
