nov| 00h| 01h| 02h| 03h| 04h| 05h| 06h| 07h| 08h| 09h| 10h| 11h| 12h| 13h| 14h| 15h| 16h| 17h| 18h| 19h| 20h| 21h| 22h| 23h|
 01|  20|  23|  19|  12|  20|  20|  31|  32|  29|  28|  17|  22|  24|  22|  19|  13|  18|  16|  32|  21|  20|  18|  7 |  22|
 02|  14|  23|  29|  28|  27|  29|  28|  26|  24|  25|  31|  21|  25|  17|  24|  18|  27|  18|  26|  14|  22|  21|  14|  29|
 03|  16|  23|  27|  20|  19|  27|  30|  33|  28|  29|  39|  25|  31|  19|  0 |  0 |  3 |  15|  20|  27|  22|  21|  13|  21|
 04|  27|  25|  34|  26|  33|  31|  31|  50|  14|  23|  17|  34|  22|  21|  19|  24|  25|  28|  26|  21|  21|  19|  18|  20|
 05|  15|  10|  15|  21|  14|  24|  18|  15|  27|  20|  24|  17|  14|  20|  10|  17|  15|  17|  16|  18|  22|  25|  15|  12|
 06|  15|  11|  18|  16|  25|  28|  21|  19|  34|  22|  15|  20|  21|  9 |  15|  20|  15|  12|  14|  21|  24|  15|  14|  11|
 07|  7 |  19|  21|  23|  18|  18|  27|  12|  22|  20|  13|  22|  19|  25|  21|  19|  15|  16|  21|  17|  21|  13|  11|  9 |
 08|  12|  8 |  13|  16|  28|  33|  19|  15|  25|  26|  26|  16|  14|  19|  16|  15|  20|  12|  23|  20|  28|  16|  12|  6 |
 09|  17|  23|  18|  27|  27|  18|  30|  31|  27|  25|  27|  15|  33|  24|  20|  25|  17|  16|  20|  26|  28|  20|  13|  17|
 10|  18|  34|  22|  23|  23|  27|  24|  34|  26|  28|  24|  27|  30|  21|  31|  26|  11|  25|  20|  24|  22|  15|  18|  13|
 11|  30|  12|  24|  23|  27|  25|  27|  27|  27|  18|  22|  24|  24|  24|  18|  22|  9 |  15|  14|  16|  27|  15|  13|  11|
 12|  27|  26|  36|  20|  23|  33|  44|  39|  29|  21|  22|  19|  22|  32|  19|  19|  18|  29|  21|  18|  14|  16|  10|  9 |
 13|  8 |  27|  14|  25|  20|  19|  20|  24|  24|  15|  21|  21|  22|  18|  9 |  14|  16|  17|  20|  24|  29|  22|  12|  26|
 14|  18|  30|  16|  29|  37|  28|  17|  23|  28|  25|  17|  27|  19|  23|  24|  11|  25|  18|  21|  28|  29|  10|  13|  22|
 15|  13|  18|  30|  38|  29|  21|  28|  28|  33|  24|  22|  37|  24|  19|  8 |  4 |  6 |  6 |  7 |  10|  8 |  5 |  6 |  12|
 16|  20|  20|  21|  12|  19|  27|  18|  22|  18|  21|  16|  19|  20|  17|  13|  13|  13|  14|  14|  10|  16|  13|  9 |  10|
 17|  9 |  12|  19|  19|  15|  21|  26|  21|  21|  13|  15|  15|  14|  18|  15|  16|  11|  14|  17|  14|  15|  15|  14|  13|
 18|  14|  24|  16|  26|  31|  23|  25|  23|  22|  20|  29|  19|  25|  28|  14|  20|  13|  11|  31|  22|  20|  23|  20|  11|
 19|  21|  23|  18|  20|  31|  30|  17|  29|  29|  28|  22|  27|  22|  14|  22|  20|  17|  17|  18|  20|  14|  20|  9 |  17|
 20|  21|  27|  22|  33|  33|  24|  29|  28|  23|  25|  16|  22|  9 |  23|  15|  17|  9 |  11|  26|  18|  21|  16|  15|  19|
 21|  10|  21|  20|  35|  21|  25|  22|  24|  29|  31|  24|  18|  24|  17|  16|  17|  16|  15|  17|  23|  27|  16|  13|  14|
 22|  16|  13|  19|  21|  19|  22|  16|  22|  19|  16|  23|  15|  16|  18|  12|  11|  12|  9 |  11|  13|  14|  18|  16|  10|
 23|  20|  11|  25|  24|  23|  27|  19|  19|  21|  13|  16|  10|  23|  13|  16|  11|  5 |  10|  9 |  21|  14|  13|  9 |  10|
 24|  15|  14|  13|  26|  23|  30|  22|  19|  20|  22|  15|  14|  16|  21|  15|  9 |  14|  16|  11|  15|  18|  11|  10|  10|
 25|  10|  19|  25|  21|  27|  28|  15|  31|  23|  12|  20|  24|  20|  22|  11|  20|  11|  16|  11|  13|  18|  21|  14|  18|
 26|  18|  22|  15|  23|  17|  31|  17|  30|  29|  18|  12|  19|  10|  17|  15|  14|  20|  14|  15|  26|  17|  15|  15|  13|
 27|  14|  23|  22|  33|  24|  17|  26|  30|  26|  22|  17|  19|  17|  18|  13|  12|  10|  7 |  16|  19|  28|  11|  15|  20|
 28|  10|  11|  24|  20|  24|  26|  21|  27|  17|  17|  18|  12|  18|  20|  29|  13|  17|  10|  21|  15|  18|  23|  12|  12|
 29|  14|  8 |  21|  13|  18|  22|  18|  19|  22|  21|  30|  16|  17|  11|  20|  12|  8 |  12|  14|  15|  26|  17|  11|  7 |
 30|  5 |  13|  20|  18|  16|  16|  23|  22|  16|  18|  12|  10|  16|  14|  10|  5 |  10|  9 |  14|  16|  19|  15|  5 |  10|
 31|??? |??? |??? |??? |??? |??? |??? |??? |??? |??? |??? |??? |??? |??? |??? |??? |??? |??? |??? |??? |??? |??? |??? |??? |
[Observer]Lockyer_Observatory
[Country]United Kingdom 
[City]Sidmouth
[Longitude]003°1307
[Latitude]050°4116
[Frequencies]
[Antenna]Quad Yagi
[Azimut Antenna]135
[Elevation Antenna]0
[Pre-Amplifier]None
[Receiver]ICOM IC-706 MKIIG
[Observing Method]HROFFT20dB Count Datas
[Remarks]winxp
