jan| 00h| 01h| 02h| 03h| 04h| 05h| 06h| 07h| 08h| 09h| 10h| 11h| 12h| 13h| 14h| 15h| 16h| 17h| 18h| 19h| 20h| 21h| 22h| 23h|
 01|  9 |  5 |  14|  7 |  10|  10|  18|  17|  12|  14|  6 |  6 |  23|  11|  10|  11|  13|  5 |  5 |  7 |  7 |  6 |  2 |  10|
 02|  5 |  6 |  13|  10|  14|  12|  11|  12|  15|  12|  9 |  15|  9 |  8 |  16|  6 |  6 |  9 |  6 |  8 |  6 |  1 |  2 |  11|
 03|  7 |  12|  15|  23|  28|  26|  19|  18|  18|  43|  34|  55|  46| 108|  53|  52|  40|  45|  16|  15|  9 |  10|  17|  28|
 04|  30|  24|  43|  44|  57|  25|  15|  5 |  12|  13|  12|  8 |  8 |  3 |  3 |  3 |  1 |  4 |  5 |  4 |  0 |  4 |  7 |  4 |
 05|  1 |  3 |  12|  17|  5 |  15|  9 |  2 |  6 |  11|  7 |  7 |  13|  7 |  12|  7 |  3 |  1 |  5 |  1 |  4 |  3 |  1 |  6 |
 06|  8 |  1 |  15|  15|  8 |  1 |  1 |  8 |  2 |  4 |  6 |  8 |  8 |  9 |  5 |  7 |  16|  4 |  1 |  6 |  0 |  6 |  1 |  3 |
 07|  1 |  4 |  0 |  5 |  7 |  7 |  4 |  6 |  7 |  15|  6 |  5 |  17|  6 |  8 |  6 |  5 |  2 |  0 |  1 |  6 |  14|  1 |  3 |
 08|  0 |  7 |  2 |  8 |  9 |  9 |  2 |  3 |  3 |  3 |  3 |  4 |  5 |  8 |  4 |  6 |  1 |  3 |  2 |  2 |  1 |  5 |  3 |  3 |
 09|  4 |  3 |  5 |  15|  9 |  6 |  3 |  5 |  1 |  1 |  0 |  7 |  5 |  2 |  9 |  4 |  6 |  4 |  9 |  3 |  1 |  9 |  4 |  2 |
 10|  2 |  7 |  4 |  6 |  8 |  28|  2 |  12|  10|  21|  6 |  0 |  5 |  9 |  2 |  8 |  0 |  1 |  4 |  5 |  5 |  2 |  9 |  3 |
 11|  3 |  2 |  2 |  0 |  0 |  0 |  0 |  0 |  0 |  0 |  0 |  0 |  0 |  0 |  0 |  0 |  11|  5 |  2 |  0 |  0 |  0 |  1 |  0 |
 12|  1 |  4 |  0 |  0 |  0 |  0 |  0 |  0 |  0 |  0 |  0 |  0 |  0 |  0 |  2 |  0 |  0 |  5 |  3 |  2 |  4 |  4 |  2 |  2 |
 13|  2 |  4 |  15|  3 |  8 |  1 |  3 |  2 |  0 |  0 |  0 |  0 |  0 |  0 |  0 |  0 |  0 |  0 |  0 |  0 |  0 |  0 |  0 |  0 |
 14|  0 |  0 |  0 |  0 |  0 |  0 |  0 |  0 |  0 |  0 |  0 |  0 |  0 |  0 |  0 |  0 |  0 |  0 |  0 |  0 |  0 |  0 |  0 |  0 |
 15|  0 |  0 |  0 |  1 |  2 |  0 |  3 |  1 |  5 |  2 |  2 |  43|  0 |  0 |  0 |  0 |  0 |  0 |  0 |  0 |  1 |  0 |  1 |  1 |
 16|  3 |  3 |  4 |  3 |  4 |  0 |  0 |  0 |  0 |  0 |  0 |  0 |  0 |  0 |  0 |  0 |  0 |  0 |  0 |  0 |  0 |  0 |  0 |  0 |
 17|  0 |  0 |  0 |  0 |  0 |  0 |  0 |  0 |  0 |  0 |  0 |  0 |  0 |  0 |  0 |  5 |  2 |  2 |  1 |  0 |  3 |  2 |  0 |  1 |
 18|  1 |  0 |  1 |  2 |  5 |  2 |  0 |  0 |  0 |  0 |  0 |  0 |  0 |  0 |  4 |  0 |  1 |  5 |  5 |  6 |  7 |  2 |  2 |  5 |
 19|  5 |  3 |  6 |  9 |  3 |  8 |  13|  6 |  9 |  6 |  2 |  9 |  15|  3 |  4 |  1 |  2 |  8 |  9 |  5 |  2 |  1 |  2 |  5 |
 20|  2 |  4 |  11|  13|  6 |  9 |  3 |  7 |  9 |  8 |  8 |  8 |  5 |  4 |  5 |  4 |  3 |  1 |  3 |  5 |  7 |  3 |  3 |  1 |
 21|  2 |  2 |  7 |  9 |  7 |  18|  4 |  10|  9 |  5 |  0 |  19|  10|  4 |  1 |  4 |  1 |  2 |  3 |  2 |  4 |  1 |  28|  8 |
 22|  0 |  4 |  7 |  6 |  7 |  3 |  9 |  4 |  5 |  19|  3 |  7 |  5 |  4 |  4 |  2 |  1 |  7 |  2 |  10|  6 |  2 |  4 |  2 |
 23|  5 |  4 |  2 |  3 |  11|  2 |  7 |  7 |  6 |  2 |  2 |  7 |  12|  11|  7 |  3 |  2 |  3 |  6 |  4 |  2 |  2 |  0 |  4 |
 24|  2 |  5 |  1 |  9 |  4 |  9 |  3 |  1 |  6 |  8 |  8 |  6 |  11|  3 |  3 |  2 |  2 |  1 |  1 |  4 |  4 |  1 |  2 |  3 |
 25|  6 |  9 |  1 |  4 |  6 |  3 |  6 |  12|  3 |  19|  4 |  9 |  4 |  4 |  2 |  0 |  2 |  2 |  3 |  0 |  16|  35|  1 |  7 |
 26|  2 |  3 |  7 |  7 |  8 |  8 |  4 |  13|  3 |  4 |  2 |  2 |  8 |  2 |  0 |  7 |  9 |  4 |  3 |  1 |  3 |  4 |  1 |  2 |
 27|  3 |  3 |  13|  6 |  5 |  2 |  4 |  39|  10|  6 |  2 |  3 |  2 |  6 |  1 |  2 |  2 |  5 |  3 |  1 |  5 |  2 |  1 |  2 |
 28|  3 |  1 |  9 |  4 |  11|  5 |  9 |  3 |  6 |  2 |  14|  5 |  1 |  2 |  2 |  0 |  1 |  4 |  1 |  3 |  2 |  4 |  16|  2 |
 29|  5 |  3 |  3 |  4 |  4 |  4 |  7 |  4 |  0 |  2 |  6 |  2 |  3 |  2 |  2 |  0 |  0 |  1 |  2 |  1 |  1 |  0 |  2 |  5 |
 30|  3 |  2 |  6 |  4 |  16|  2 |  3 |  2 |  7 |  12|  6 |  3 |  5 |  6 |  4 |  0 |  1 |  5 |  2 |  2 |  6 |  4 |  2 |  0 |
 31|  4 |  3 |  3 |  18|  3 |  4 |  2 |  6 |  2 |  4 |  4 |  7 |  2 |  0 |  2 |  3 |  2 |  3 |  3 |  1 |  8 |  0 |  6 |  2 |
[Observer]Lockyer_Observatory
[Country]United Kingdom 
[City]Sidmouth
[Longitude]003°1307
[Latitude]050°4116
[Frequencies]
[Antenna]Quad Yagi
[Azimut Antenna]135
[Elevation Antenna]0
[Pre-Amplifier]None
[Receiver]ICOM IC-706 MKIIG
[Observing Method]HROFFT30dB Length Datas
[Remarks]winxp
