nov| 00h| 01h| 02h| 03h| 04h| 05h| 06h| 07h| 08h| 09h| 10h| 11h| 12h| 13h| 14h| 15h| 16h| 17h| 18h| 19h| 20h| 21h| 22h| 23h|
 01|  94| 116| 119| 150| 181| 248| 396| 498| 497| 300| 228| 282| 411| 315| 308| 230| 244| 367| 335| 218| 394| 269| 137| 120|
 02|  86| 154| 139| 197| 236| 204| 382| 551| 429| 380| 281| 340| 234| 275| 172| 220| 567| 383|1473| 306| 360| 246| 301| 244|
 03| 244| 295| 329| 371| 282|1028|1522| 666| 525| 379| 488| 575| 490| 316|  38|  30|  69| 293| 525| 249| 358| 301| 195| 234|
 04| 210| 283| 258| 377| 344| 358| 455| 584| 372| 382| 257| 509| 478| 671| 423| 496| 479| 465| 418| 192|  98|  95| 171|  91|
 05|  97|  62|  82| 155| 141| 139| 175| 159| 193| 176| 134| 123| 105| 147| 100| 129|  89|  76| 100|  85| 145| 196|  90|  89|
 06|  74|  86| 120| 102| 136| 123| 153| 138| 206| 125| 128| 120| 128| 119|  89| 110| 158| 107| 101| 116| 182| 106| 124|  83|
 07|  73|  89| 100| 139| 147| 173| 206| 146| 151| 167| 177| 147| 193| 143|  96| 125| 149| 130| 115| 109|  80|  88|  90|  37|
 08|  50|  52|  80| 111| 158| 174| 260| 257| 242| 226| 273| 329| 212| 227| 124| 158| 166| 200| 129| 184| 210| 194|  85|  97|
 09|  94| 143| 176| 239|1512| 284| 448| 460| 367| 301| 294| 293| 264| 235| 197| 231| 215| 208| 249| 225| 283| 338| 103|  86|
 10| 133| 162| 171| 204| 237| 194| 299| 331| 276| 314| 384| 367| 439| 352| 190| 246| 253| 283| 223| 314| 358| 300| 242| 245|
 11| 225| 264| 250| 192| 218| 224| 225| 367| 473| 306| 322| 164| 242| 412| 220| 124| 142| 160| 132| 183| 230| 154| 155| 125|
 12| 155| 131| 138| 213|2288|1627| 691|3194| 824| 346| 282| 230| 358| 235| 185| 284| 279| 220| 200| 260| 115| 198| 138|  65|
 13|  86| 110| 155| 131| 124| 154| 231| 348| 186| 211| 312| 276| 415| 257| 162| 206| 201| 220| 196| 190| 231| 149|  91| 151|
 14| 116| 147| 120| 159| 209| 174| 340| 422| 415| 412| 247| 240| 315| 224| 188| 186| 205| 268| 177| 147| 547| 142| 151|  96|
 15|  92| 115| 169| 169| 303| 295| 324| 388| 330| 853|2775| 432| 591| 301|  44|  55|  35|  42|  33|  39|  49|  24|  47|  83|
 16|  83| 124|  99| 111| 173| 515|1951| 870| 200| 203| 203| 195| 184| 142| 152| 132| 129| 131| 147| 147| 138| 150|  75|  70|
 17|  57|  72|  89| 121| 150| 214| 187| 199| 387| 327| 185| 405| 204| 201| 114| 277| 117| 298| 287| 219| 165| 172| 152| 101|
 18|  84| 139| 143| 177| 161| 160| 279| 213| 364| 261| 249| 173| 250| 181| 156| 164| 170| 206| 133| 164| 209| 216| 212| 100|
 19| 105| 128| 156| 183| 169| 232| 230| 358| 281| 261| 277| 205| 229| 198| 149| 425| 232| 659| 546| 559| 587| 582| 454| 447|
 20| 433| 386| 325| 452| 407| 228| 331| 373| 252| 251| 313| 245| 166| 184| 128| 192| 188| 120| 214| 148| 210| 217| 112| 118|
 21|  76|  99| 112| 168| 174| 234| 263| 499| 484| 692| 635| 524| 332| 235| 423| 439| 459| 353| 254| 258| 236| 178| 105| 101|
 22|  82| 117|  96| 127| 143| 245| 237| 182| 205| 201| 255| 220| 195| 164| 159| 150| 137| 146| 115| 174| 209| 193|  87|  74|
 23|  86|  66| 102| 129| 136| 169| 226| 216| 288| 223| 189| 143| 134| 158|  82| 138| 170| 127| 122| 119| 129| 113|  78|  82|
 24|  78|  69|  80| 133| 157| 141| 274| 205| 262| 279| 297| 228| 207| 201| 115| 198| 157| 206| 121| 170| 268| 150| 131| 168|
 25|  69|  84|  99|1701| 642| 135| 168| 240| 407| 760| 785| 676| 736| 624| 354| 935| 469| 744| 533| 547| 555| 472| 326| 382|
 26| 768| 300| 225| 311| 235| 260| 248| 275| 294| 232| 220| 217| 215| 208| 136| 108| 152| 179| 138| 125| 150| 121| 202| 182|
 27|  69| 118| 131| 193| 134| 242| 258| 319| 393| 449| 409| 316| 502| 536| 672| 629| 575| 442| 175| 156| 204| 126| 118|  87|
 28|  57|  79| 100| 129| 130| 155| 171| 221| 244| 235| 250| 188| 269| 209| 240| 371| 340| 178| 154| 105| 132| 158| 330|  66|
 29|  65|  67|  90| 108| 108| 180| 159| 151| 144| 183| 183| 147| 171| 115| 119| 188| 217| 124| 112|  98| 151| 101|  68|  63|
 30|  66| 112| 170| 230| 199| 205| 275| 368| 215| 240| 227| 165| 123| 162| 120| 130| 318| 140| 121| 109| 123| 144|  64|  64|
 31|??? |??? |??? |??? |??? |??? |??? |??? |??? |??? |??? |??? |??? |??? |??? |??? |??? |??? |??? |??? |??? |??? |??? |??? |
[Observer]Lockyer_Observatory
[Country]United Kingdom 
[City]Sidmouth
[Longitude]003°1307
[Latitude]050°4116
[Frequencies]
[Antenna]Quad Yagi
[Azimut Antenna]135
[Elevation Antenna]0
[Pre-Amplifier]None
[Receiver]ICOM IC-706 MKIIG
[Observing Method]HROFFT10dB Length Datas
[Remarks]winxp
