may| 00h| 01h| 02h| 03h| 04h| 05h| 06h| 07h| 08h| 09h| 10h| 11h| 12h| 13h| 14h| 15h| 16h| 17h| 18h| 19h| 20h| 21h| 22h| 23h|
 01|  2 |  3 |  4 |  2 |  5 |  3 |  5 |  4 |  4 |  3 |  4 |  4 |  3 |  2 |  4 |  1 |  0 |  4 |  2 |  1 |  0 |  0 |  2 |  3 |
 02|  4 |  4 |  3 |  2 |  1 |  7 |  3 |  4 |  7 |  2 |  3 |  3 |  0 |  5 |  1 |  4 |  2 |  3 |  1 |  0 |  2 |  1 |  2 |  3 |
 03|  3 |  2 |  2 |  10|  6 |  6 |  5 |  4 |  5 |  1 |  5 |  2 |  6 |  5 |  4 |  6 |  3 |  2 |  2 |  1 |  1 |  0 |  4 |  5 |
 04|  3 |  2 |  3 |  4 |  7 |  8 |  13|  4 |  6 |  5 |  6 |  6 |  6 |  4 |  2 |  0 |  3 |  2 |  1 |  0 |  2 |  2 |  2 |  3 |
 05|  2 |  1 |  6 |  1 |  4 |  1 |  10|  10|  5 |  7 |  15|  5 |  2 |  2 |  1 |  1 |  2 |  0 |  0 |  1 |  1 |  0 |  6 |  2 |
 06|  2 |  2 |  4 |  4 |  10|  12|  4 |  7 |  4 |  4 |  4 |  8 |  3 |  10|  3 |  4 |  3 |  2 |  2 |  3 |  1 |  0 |  3 |  3 |
 07|  4 |  1 |  6 |  4 |  5 |  1 |  7 |  4 |  10|  9 |  6 |  4 |  3 |  5 |  4 |  4 |  3 |  0 |  4 |  2 |  3 |  0 |  2 |  1 |
 08|  0 |  4 |  5 |  2 |  7 |  8 |  4 |  4 |  2 |  3 |  11|  4 |  3 |  2 |  2 |  2 |  5 |  1 |  2 |  0 |  4 |  1 |  1 |  3 |
 09|  4 |  7 |  3 |  9 |  5 |  14|  9 |  8 |  2 |  6 |  3 |  3 |  7 |  7 |  3 |  3 |  1 |  3 |  3 |  4 |  2 |  3 |  5 |  2 |
 10|  3 |  4 |  3 |  3 |  3 |  4 |  12|  4 |  8 |  2 |  4 |  5 |  3 |  5 |  1 |  1 |  4 |  1 |  3 |  1 |  1 |  2 |  8 |  4 |
 11|  2 |  4 |  2 |  2 |  3 |  5 |  7 |  4 |  8 |  2 |  4 |  7 |  2 |  4 |  6 |  7 |  2 |  2 |  2 |  3 |  0 |  2 |  3 |  3 |
 12|  4 |  0 |  6 |  5 |  7 |  8 |  13|  7 |  8 |  11|  5 |  3 |  5 |  11|  3 |  2 |  2 |  2 |  1 |  7 |  1 |  3 |  1 |  0 |
 13|  3 |  6 |  4 |  3 |  2 |  4 |  5 |  0 |  4 |  3 |  8 |  2 |  3 |  1 |  1 |  3 |  3 |  2 |  3 |  3 |  3 |  1 |  5 |  4 |
 14|  1 |  3 |  4 |  6 |  11|  5 |  9 |  4 |  10|  6 |  6 |  4 |  5 |  6 |  3 |  3 |  5 |  1 |  2 |  1 |  1 |  2 |  3 |  4 |
 15|  4 |  5 |  6 |  4 |  2 |  3 |  7 |  0 |  0 |  0 |  0 |  0 |  0 |  0 |  0 |  1 |  1 |  4 |  1 |  0 |  3 |  2 |  3 |  1 |
 16|  1 |  0 |  2 |  3 |  5 |  5 |  6 |  3 |  5 |  6 |  2 |  5 |  4 |  4 |  5 |  2 |  3 |  2 |  3 |  1 |  0 |  1 |  4 |  4 |
 17|  3 |  3 |  1 |  4 |  3 |  9 |  5 |  2 |  3 |  3 |  7 |  5 |  5 |  3 |  5 |  1 |  2 |  0 |  2 |  1 |  1 |  0 |  1 |  2 |
 18|  4 |  4 |  4 |  4 |  5 |  5 |  4 |  3 |  5 |  4 |  6 |  10|  5 |  1 |  4 |  4 |  3 |  3 |  2 |  3 |  0 |  1 |  4 |  8 |
 19|  1 |  3 |  2 |  4 |  4 |  5 |  4 |  2 |  0 |  0 |  3 |  6 |  2 |  7 |  4 |  1 |  1 |  1 |  2 |  2 |  0 |  4 |  0 |  7 |
 20|  1 |  1 |  2 |  1 |  6 |  9 |  4 |  4 |  3 |  3 |  3 |  10|  6 |  8 |  5 |  4 |  2 |  0 |  0 |  3 |  1 |  2 |  1 |  5 |
 21|  3 |  3 |  3 |  3 |  1 |  4 |  5 |  2 |  1 |  4 |  1 |  1 |  4 |  3 |  4 |  3 |  1 |  4 |  1 |  2 |  3 |  2 |  0 |  6 |
 22|  1 |  1 |  5 |  4 |  1 |  7 |  0 |  2 |  2 |  4 |  1 |  2 |  4 |  4 |  2 |  7 |  1 |  2 |  1 |  1 |  2 |  3 |  3 |  2 |
 23|  0 |  3 |  4 |  3 |  4 |  9 |  2 |  3 |  2 |  3 |  5 |  3 |  4 |  3 |  4 |  1 |  1 |  1 |  1 |  1 |  1 |  1 |  3 |  2 |
 24|  3 |  5 |  2 |  3 |  2 |  3 |  3 |  2 |  5 |  5 |  1 |  1 |  2 |  7 |  6 |  7 |  4 |  6 |  3 |  5 |  6 |  1 |  3 |  2 |
 25|  3 |  2 |  1 |  3 |  6 |  4 |  5 |  3 |  5 |  2 |  1 |  6 |  8 |  7 |  2 |  3 |  4 |  1 |  1 |  4 |  3 |  0 |  3 |  4 |
 26|  5 |  6 |  3 |  6 |  4 |  6 |  6 |  5 |  3 |  6 |  1 |  4 |  2 |  6 |  5 |  3 |  0 |  1 |  7 |  0 |  2 |  1 |  0 |  0 |
 27|  0 |  4 |  0 |  0 |  8 |  6 |  7 |  3 |  3 |  2 |  4 |  2 |  9 |  5 |  8 |  3 |  8 |  6 |  0 |  3 |  6 |  4 |  2 |  5 |
 28|  3 |  7 |  2 |  0 |  6 |  4 |  2 |  3 |  6 |  2 |  3 |  9 |  3 |  2 |  2 |  4 |  2 |  6 |  4 |  1 |  2 |  3 |  5 |  0 |
 29|  7 |  4 |  0 |  2 |  10|  6 |  9 |  4 |  5 |  7 |  8 |  6 |  3 |  6 |  4 |  7 |  6 |  2 |  2 |  4 |  4 |  1 |  3 |  5 |
 30|  4 |  4 |  0 |  4 |  6 |  10|  9 |  2 |  1 |  8 |  2 |  3 |  3 |  4 |  2 |  4 |  6 |  1 |  0 |  4 |  6 |  2 |  6 |  2 |
 31|  3 |  2 |  3 |  2 |  3 |  5 |  5 |  5 |  3 |  1 |  8 |  1 |  3 |  3 |  5 |  1 |  3 |  1 |  1 |  1 |  1 |  5 |  2 |  2 |
[Observer]Lockyer_Observatory
[Country]United Kingdom 
[City]Sidmouth
[Longitude]003°1307
[Latitude]050°4116
[Frequencies]
[Antenna]Quad Yagi
[Azimut Antenna]135
[Elevation Antenna]0
[Pre-Amplifier]None
[Receiver]ICOM IC-706 MKIIG
[Observing Method]HROFFT30dB Count Datas
[Remarks]winxp
