feb| 00h| 01h| 02h| 03h| 04h| 05h| 06h| 07h| 08h| 09h| 10h| 11h| 12h| 13h| 14h| 15h| 16h| 17h| 18h| 19h| 20h| 21h| 22h| 23h|
 01|  2 |  4 |  0 |  4 |  3 |  4 |  5 |  3 |  2 |  1 |  4 |  5 |  2 |  2 |  0 |  2 |  0 |  2 |  1 |  1 |  3 |  4 |  0 |  1 |
 02|  4 |  5 |  3 |  2 |  3 |  4 |  7 |  2 |  8 |  1 |  3 |  1 |  0 |  1 |  1 |  1 |  2 |  1 |  2 |  3 |  3 |  1 |  2 |  7 |
 03|  3 |  0 |  2 |  1 |  12|  4 |  2 |  1 |  2 |  1 |  1 |  4 |  0 |  1 |  2 |  1 |  1 |  3 |  2 |  4 |  1 |  5 |  1 |  0 |
 04|  4 |  1 |  1 |  7 |  1 |  1 |  1 |  3 |  5 |  5 |  1 |  6 |  6 |  1 |  4 |  0 |  1 |  1 |  0 |  0 |  0 |  0 |  0 |  0 |
 05|  0 |  0 |  0 |  0 |  0 |  0 |  0 |  0 |  0 |  0 |  0 |  0 |  0 |  0 |  0 |  0 |  0 |  0 |  0 |  0 |  0 |  0 |  0 |  0 |
 06|??? |??? |??? |??? |??? |??? |??? |??? |??? |??? |??? |??? |??? |??? |??? |??? |??? |??? |??? |??? |??? |??? |??? |??? |
 07|??? |??? |??? |??? |??? |??? |??? |??? |??? |??? |??? |??? |??? |??? |??? |??? |??? |??? |??? |??? |??? |??? |??? |??? |
 08|  0 |  6 |  4 |  10|  7 |  0 |  3 |  5 |  0 |  6 |  5 |  4 |  4 |  4 |  3 |  4 |  5 |  5 |  2 |  1 |  4 |  4 |  1 |  2 |
 09|  2 |  5 |  4 |  5 |  6 |  8 |  1 |  4 |  6 |  0 |  3 |  7 |  6 |  6 |  2 |  6 |  3 |  2 |  1 |  3 |  4 |  3 |  5 |  5 |
 10|  3 |  3 |  5 |  2 |  8 |  2 |  1 |  4 |  26|  6 |  3 |  6 |  1 |  7 |  4 |  2 |  2 |  2 |  1 |  1 |  2 |  3 |  2 |  0 |
 11|  4 |  4 |  3 |  6 |  5 |  4 |  0 |  4 |  3 |  14|  5 |  5 |  2 |  5 |  3 |  1 |  1 |  2 |  5 |  2 |  3 |  3 |  1 |  2 |
 12|  4 |  3 |  4 |  3 |  7 |  4 |  2 |  5 |  3 |  6 |  17|  6 |  2 |  2 |  3 |  14|  2 |  1 |  5 |  2 |  0 |  1 |  1 |  2 |
 13|  0 |  2 |  1 |  0 |  2 |  1 |  5 |  2 |  4 |  4 |  1 |  2 |  5 |  10|  1 |  13|  0 |  4 |  9 |  1 |  4 |  4 |  1 |  6 |
 14|  1 |  1 |  1 |  7 |  11|  6 |  4 |  3 |  6 |  12|  2 |  10|  3 |  5 |  4 |  1 |  3 |  3 |  2 |  2 |  2 |  1 |  3 |  0 |
 15|  1 |  6 |  5 |  5 |  7 |  4 |  4 |  3 |  4 |  5 |  5 |  21|  5 |  4 |  6 |  2 |  3 |  3 |  8 |  3 |  3 |  0 |  0 |  1 |
 16|  3 |  4 |  4 |  2 |  1 |  2 |  4 |  5 |  30|  0 |  0 |  3 |  5 |  0 |  2 |  5 |  1 |  1 |  0 |  2 |  2 |  2 |  4 |  3 |
 17|  3 |  1 |  4 |  3 |  5 |  5 |  7 |  9 |  2 |  1 |  4 |  1 |  3 |  2 |  6 |  5 |  1 |  4 |  1 |  3 |  5 |  1 |  1 |  4 |
 18|  1 |  6 |  5 |  7 |  6 |  9 |  2 |  2 |  4 |  4 |  5 |  3 |  0 |  3 |  3 |  1 |  0 |  3 |  2 |  10|  3 |  1 |  9 |  1 |
 19|  1 |  1 |  6 |  1 |  6 |  5 |  13|  3 |  3 |  4 |  5 |  2 |  13|  2 |  1 |  1 |  0 |  1 |  1 |  2 |  3 |  3 |  0 |  3 |
 20|  1 |  3 |  1 |  5 |  1 |  3 |  4 |  1 |  6 |  4 |  3 |  1 |  1 |  4 |  3 |  3 |  3 |  3 |  0 |  2 |  4 |  2 |  4 |  2 |
 21|  1 |  4 |  2 |  5 |  5 |  1 |  0 |  3 |  6 |  3 |  3 |  2 |  6 |  0 |  4 |  4 |  1 |  2 |  3 |  1 |  3 |  2 |  1 |  4 |
 22|  8 |  3 |  4 |  1 |  3 |  3 |  2 |  5 |  5 |  3 |  2 |  4 |  1 |  5 |  2 |  1 |  2 |  0 |  2 |  2 |  4 |  4 |  3 |  1 |
 23|  7 |  2 |  7 |  1 |  7 |  9 |  2 |  5 |  10|  3 |  25|  4 |  2 |  7 |  2 |  2 |  3 |  1 |  2 |  6 |  1 |  4 |  4 |  3 |
 24|  2 |  4 |  6 |  5 |  4 |  2 |  4 |  7 |  4 |  2 |  7 |  2 |  0 |  1 |  3 |  2 |  4 |  6 |  4 |  1 |  3 |  2 |  4 |  6 |
 25|  2 |  1 |  4 |  5 |  18|  6 |  5 |  4 |  5 |  19|  7 |  3 |  6 |  4 |  10|  3 |  2 |  2 |  1 |  5 |  2 |  6 |  5 |  1 |
 26|  3 |  2 |  5 |  5 |  7 |  1 |  4 |  8 |  5 |  3 |  5 |  4 |  6 |  6 |  1 |  1 |  4 |  3 |  8 |  4 |  3 |  3 |  1 |  12|
 27|  6 |  4 |  3 |  7 |  3 |  2 |  3 |  4 |  3 |  5 |  5 |  2 |  3 |  4 |  4 |  4 |  2 |  5 |  2 |  8 |  4 |  1 |  3 |  3 |
 28|  2 |  7 |  3 |  3 |  6 |  5 |  5 |  9 |  2 |  12|  6 |  3 |  7 |  7 |  3 |  5 |  4 |  0 |  1 |  3 |  5 |  4 |  5 |  1 |
 29|??? |??? |??? |??? |??? |??? |??? |??? |??? |??? |??? |??? |??? |??? |??? |??? |??? |??? |??? |??? |??? |??? |??? |??? |
 30|??? |??? |??? |??? |??? |??? |??? |??? |??? |??? |??? |??? |??? |??? |??? |??? |??? |??? |??? |??? |??? |??? |??? |??? |
 31|??? |??? |??? |??? |??? |??? |??? |??? |??? |??? |??? |??? |??? |??? |??? |??? |??? |??? |??? |??? |??? |??? |??? |??? |
[Observer]Lockyer_Observatory
[Country]United Kingdom 
[City]Sidmouth
[Longitude]003°1307
[Latitude]050°4116
[Frequencies]
[Antenna]Quad Yagi
[Azimut Antenna]135
[Elevation Antenna]0
[Pre-Amplifier]None
[Receiver]ICOM IC-706 MKIIG
[Observing Method]HROFFT30dB Length Datas
[Remarks]winxp
