dec| 00h| 01h| 02h| 03h| 04h| 05h| 06h| 07h| 08h| 09h| 10h| 11h| 12h| 13h| 14h| 15h| 16h| 17h| 18h| 19h| 20h| 21h| 22h| 23h|
 01|  10|  18|  25|  21|  17|  18|  11|  23|  10|  0 |  0 |  0 |  0 |  0 |  8 |  10|  13|  10|  23|  12|  20|  16|  16|  10|
 02|  12|  13|  34|  22|  17|  15|  16|  20|  16|  11|  14|  17|  20|  15|  10|  8 |  7 |  13|  13|  19|  21|  21|  22|  17|
 03|  17|  25|  25|  20|  30|  37|  26|  26|  24|  19|  18|  26|  15|  12|  10|  9 |  12|  15|  20|  19|  15|  23|  14|  16|
 04|  13|  10|  32|  48|  45|  28|  38|  27|  32|  22|  30|  30|  25|  20|  11|  28|  13|  21|  20|  18|  18|  23|  14|  21|
 05|  28|  26|  28|  23|  30|  35|  34|  26|  29|  22|  31|  21|  19|  18|  31|  22|  11|  15|  12|  18|  17|  21|  12|  16|
 06|  13|  17|  15|  32|  34|  24|  31|  35|  25|  27|  18|  25|  21|  24|  20|  15|  14|  11|  11|  8 |  20|  16|  11|  10|
 07|  13|  13|  19|  14|  23|  17|  24|  19|  18|  18|  25|  17|  12|  10|  13|  15|  8 |  11|  9 |  6 |  16|  17|  12|  16|
 08|  14|  18|  17|  16|  28|  19|  23|  20|  27|  13|  11|  16|  19|  13|  8 |  11|  8 |  7 |  18|  14|  17|  17|  13|  14|
 09|  9 |  21|  18|  20|  18|  17|  13|  17|  23|  19|  12|  15|  15|  12|  7 |  9 |  12|  13|  13|  18|  14|  20|  12|  15|
 10|  22|  15|  10|  19|  15|  11|  25|  14|  16|  12|  8 |  6 |  6 |  5 |  7 |  7 |  5 |  8 |  9 |  7 |  15|  19|  16|  9 |
 11|  11|  5 |  10|  17|  9 |  13|  22|  17|  22|  18|  19|  7 |  15|  12|  9 |  8 |  8 |  9 |  13|  11|  19|  31|  27|  18|
 12|  12|  10|  17|  18|  18|  22|  22|  18|  15|  15|  12|  12|  8 |  9 |  8 |  6 |  6 |  11|  15|  14|  33|  44|  36|  28|
 13|  15|  13|  21|  28|  42|  51|  46|  40|  31|  23|  17|  8 |  11|  10|  8 |  10|  10|  15|  26|  49|  75| 102|  46|  48|
 14|  21|  30|  68| 117| 145| 123|  83|  74|  53|  34|  30|  17|  8 |  12|  11|  7 |  14|  13|  28|  36|  66|  57|  59|  38|
 15|  30|  23|  59|  39|  49|  43|  32|  36|  18|  22|  27|  15|  16|  17|  12|  9 |  8 |  6 |  12|  13|  16|  19|  14|  12|
 16|  22|  11|  23|  21|  17|  18|  20|  20|  19|  12|  20|  11|  8 |  9 |  13|  8 |  9 |  11|  6 |  17|  19|  21|  9 |  10|
 17|  10|  17|  18|  18|  21|  7 |  9 |  12|  13|  12|  11|  9 |  2 |  7 |  3 |  1 |  4 |  3 |  10|  1 |  5 |  2 |  2 |  7 |
 18|  5 |  8 |  8 |  3 |  8 |  9 |  8 |  8 |  3 |  5 |  8 |  5 |  7 |  1 |  0 |  0 |  3 |  2 |  4 |  1 |  2 |  0 |  8 |  1 |
 19|  5 |  7 |  7 |  13|  12|  1 |  3 |  5 |  3 |  5 |  6 |  6 |  1 |  6 |  6 |  2 |  2 |  1 |  3 |  1 |  3 |  3 |  3 |  9 |
 20|  7 |  3 |  3 |  5 |  6 |  6 |  6 |  7 |  6 |  3 |  7 |  5 |  4 |  3 |  3 |  5 |  4 |  4 |  3 |  0 |  3 |  2 |  3 |  3 |
 21|  4 |  5 |  6 |  3 |  8 |  8 |  4 |  6 |  9 |  3 |  15|  3 |  6 |  6 |  3 |  9 |  2 |  6 |  7 |  11|  13|  10|  8 |  12|
 22|  8 |  10|  12|  11|  13|  14|  20|  16|  17|  15|  25|  14|  6 |  9 |  10|  10|  3 |  15|  19|  10|  12|  14|  7 |  32|
 23|  23|  20|  13|  10|  16|  20|  19|  17|  12|  16|  14|  16|  12|  18|  34|  9 |  7 |  10|  18|  14|  6 |  11|  8 |  6 |
 24|  9 |  10|  6 |  12|  18|  15|  13|  22|  11|  10|  16|  20|  15|  11|  10|  12|  4 |  7 |  11|  17|  15|  5 |  5 |  17|
 25|  13|  16|  16|  11|  16|  15|  15|  19|  20|  21|  17|  20|  11|  13|  13|  14|  7 |  8 |  8 |  12|  13|  4 |  13|  12|
 26|  11|  16|  12|  22|  20|  14|  15|  14|  14|  20|  24|  9 |  11|  15|  15|  12|  12|  16|  13|  10|  6 |  11|  12|  14|
 27|  7 |  8 |  14|  17|  15|  14|  19|  17|  30|  14|  16|  13|  9 |  11|  12|  13|  6 |  8 |  13|  5 |  18|  8 |  5 |  7 |
 28|  13|  9 |  8 |  12|  11|  14|  20|  14|  15|  19|  20|  13|  13|  19|  9 |  7 |  12|  4 |  17|  12|  8 |  9 |  6 |  15|
 29|  9 |  18|  21|  22|  17|  18|  16|  18|  20|  18|  20|  24|  9 |  14|  11|  13|  10|  9 |  7 |  12|  12|  5 |  18|  11|
 30|  22|  16|  19|  14|  20|  17|  20|  18|  17|  20|  10|  9 |  18|  11|  9 |  16|  11|  12|  9 |  9 |  11|  14| 107| 272|
 31| 242|  39|  13| 124|  21|  15|  25|  16|  10|  11|  17|  16|  10|  12|  11|  11|  10|  8 |  4 |  6 |  10|  11|  11|  5 |
[Observer]Lockyer_Observatory
[Country]United Kingdom 
[City]Sidmouth
[Longitude]003°1307
[Latitude]050°4116
[Frequencies]
[Antenna]Quad Yagi
[Azimut Antenna]135
[Elevation Antenna]0
[Pre-Amplifier]None
[Receiver]ICOM IC-706 MKIIG
[Observing Method]HROFFT20dB Count Datas
[Remarks]winxp
