aug| 00h| 01h| 02h| 03h| 04h| 05h| 06h| 07h| 08h| 09h| 10h| 11h| 12h| 13h| 14h| 15h| 16h| 17h| 18h| 19h| 20h| 21h| 22h| 23h|
 01|  29|  14|  58|  35|  45|  30|  35|  50|  37|  19|  10|  12|  15|  12|  12|  12|  37|  32|  19|  49|  23|  17|  25|  26|
 02|  54|  48|  62|  55|  30|  68|  28|  55|  26|  15|  16|  25|  20|  24|  22|  24|  15|  20|  14|  16|  11|  20|  12|  30|
 03|  33|  55|  28|  43|  76|  51|  32|  43|  32|  28|  14|  10|  12|  23|  18|  20|  12|  27|  13|  8 |  25|  14|  13|  9 |
 04|  41|  46|  89|  54|  59| 126|  48|  27|  48|  47|  15|  23|  12|  17|  13|  8 |  8 |  0 |  0 |  0 |  0 |  0 |  0 |  0 |
 05|??? |??? |??? |??? |??? |??? |??? |??? |??? |??? |??? |??? |??? |??? |??? |??? |??? |??? |??? |??? |??? |??? |??? |??? |
 06|  0 |  0 |  0 |  0 |  0 |  0 |  0 |  0 |  0 |  25|  24|  18|  35|  14|  10|  16|  23|  14|  10|  11|  21|  19|  12|  23|
 07|  23|  41|  57|  54|  92|  62|  33|  99|  44|  56|  30|  16|  46|  44|  30|  19|  16|  20|  26|  8 |  20|  11|  20|  18|
 08|  13|  36|  33|  60|  40|  58|  39|  79|  60|  62|  35|  61|  23|  21|  28|  35|  32|  20|  21|  19|  21|  36|  12|  81|
 09|  38|  50|  71|  54|  48| 106|  73|  73|  40|  50|  31|  77|  44|  15|  24|  19|  25|  18|  15|  22|  15|  13|  24|  29|
 10|  23| 141|  47|  75|  89| 169| 119| 102| 142|  95|  78| 126|  69|  46|  38|  40|  39|  57|  64|  55|  78|  85|  49|  68|
 11|  97|  63| 110| 185| 243| 275| 230| 151|  97|  46|  50|  49|  68|  43|  43|  64|  45|  41|  37|  25|  34|  62|  36|  95|
 12| 136| 144| 150|  98| 263| 219| 207| 257| 127| 190| 224| 126|  92| 167| 115|  99|  51|  77|  52| 113| 116| 113|  42|  75|
 13| 140| 125| 229| 174| 337| 343| 324| 257|  99|  69| 138|  77| 102|  60|  54|  66|  75|  52|  28|  61|  55|  35|  26|  52|
 14|  54| 117|  81| 135| 158| 198| 184| 149| 130| 140|  87|  62|  38|  19|  25|  37|  58|  45|  49|  31|  38|  29|  36|  60|
 15|  53|  65|  52| 103|  84| 107| 105|  52| 139|  49|  45|  41|  33|  36|  25|  45|  27|  26|  44|  38|  26|  32|  29|  26|
 16|  38|  35|  78|  59|  68|  56|  54|  12|  35|  41|  45|  55|  29|  20|  42|  39|  34|  38|  33|  25|  20|  26|  22|  34|
 17|  57|  53|  48|  82|  82|  70|  59|  57|  49|  37|  34|  57|  39|  44|  31|  45|  48|  42|  30|  35|  32|  28|  29|  38|
 18|  39|  39|  39|  42|  43|  38|  47|  47|  36|  44|  41|  22|  36|  37|  35|  40|  48|  40|  33|  28|  43|  28|  25|  25|
 19|  32|  47|  37|  69|  69|  49|  45|  41|  65|  68|  29|  34|  42|  41|  38|  57|  43|  55|  54|  16|  40|  50|  43|  24|
 20|  30|  43|  35|  49|  52|  42|  81|  26|  20|  23|  43|  33|  30|  30|  31|  38|  53|  28|  38|  49|  35|  42|  53|  48|
 21|  43|  27|  58|  57|  60|  72|  70|  56|  58|  32|  32|  34|  47|  32|  47|  41|  40|  68|  41|  50|  43|  32|  33|  35|
 22|  28|  32|  26|  57|  46|  47|  51|  37|  42|  50|  19|  50|  28|  36|  26|  42|  37|  38|  44|  40|  30|  41|  34|  40|
 23|  43|  38|  36|  31|  45|  48|  44|  46|  39|  37|  31|  73|  29|  23|  44|  50|  33|  40|  42|  31|  43|  38|  28|  43|
 24|  31|  40|  47|  80|  52|  69|  74|  54|  51|  43|  54|  29|  35|  32|  31|  25|  36|  32|  33|  32|  18|  31|  25|  35|
 25|  31|  44|  26|  39|  43|  55|  54|  48|  67|  41|  27|  31|  46|  32|  29|  46|  34|  32|  28|  35|  41|  22|  21|  36|
 26|  17|  0 |  0 |  0 |  0 |  0 |  0 |  17|  46|  21|  24|  41|  37|  25|  19|  23|  28|  24|  33|  44|  40|  29|  16|  48|
 27|  34|  52|  38|  22|  36|  29|  47|  39|  34|  8 |  0 |  0 |  0 |  0 |  0 |  0 |  0 |  0 |  0 |  0 |  0 |  0 |  0 |  0 |
 28|??? |??? |??? |??? |??? |??? |??? |??? |??? |??? |??? |??? |??? |??? |??? |??? |??? |??? |??? |??? |??? |??? |??? |??? |
 29|  0 |  0 |  0 |  0 |  0 |  0 |  0 |  0 |  0 |  0 |  0 |  21|  21|  37|  30|  21|  37|  30|  15|  15|  23|  26|  14|  29|
 30|  28|  41|  35|  36|  38|  44|  36|  32|  42|  32|  27|  25|  19|  23|  15|  19|  29|  22|  30|  29|  28|  24|  19|  30|
 31|  30|  34|  45|  24|  96| 486|  64|  28|  40|  32|  27|  28|  53|  34|  25|  19|  16|  18|  21|  22|  21|  30|  18|  29|
[Observer]Lockyer_Observatory
[Country]United Kingdom 
[City]Sidmouth
[Longitude]003°1307
[Latitude]050°4116
[Frequencies]
[Antenna]Quad Yagi
[Azimut Antenna]135
[Elevation Antenna]0
[Pre-Amplifier]None
[Receiver]ICOM IC-706 MKIIG
[Observing Method]HROFFT20dB Length Datas
[Remarks]winxp
