oct| 00h| 01h| 02h| 03h| 04h| 05h| 06h| 07h| 08h| 09h| 10h| 11h| 12h| 13h| 14h| 15h| 16h| 17h| 18h| 19h| 20h| 21h| 22h| 23h|
 01| 130| 109| 114| 131| 150| 204| 228| 211| 230| 238| 204| 227| 156| 171| 180| 167| 179| 126| 127| 190| 130| 147|  95| 106|
 02| 125| 118| 111| 148| 199| 251| 264| 230| 283| 258| 214| 227| 246| 170| 163| 193| 160| 161| 149| 220| 211| 148| 100| 106|
 03| 108| 118| 136| 169| 194| 273| 251| 206| 304| 251| 296| 266| 265| 244| 175| 223| 201| 173| 168| 243| 182| 108|  57|  82|
 04| 102|  91|  86|  98| 121| 232| 235| 156| 153| 281| 238| 201| 153| 122| 104| 130| 134| 129| 206| 231| 172| 101|  73|  70|
 05| 115|  94| 180| 197| 243| 383| 356| 382| 290| 318| 376| 280| 497| 288| 447| 281| 246| 175| 154| 343| 244| 144| 109| 133|
 06| 114| 165| 185| 169| 256| 282| 405| 375| 391| 435| 358| 342| 331| 260| 280| 296| 206| 215| 283| 351| 371| 137| 104| 183|
 07| 201| 218| 268| 208| 278| 296| 462| 305| 385| 360| 312| 327| 262| 271| 249| 321| 253| 224| 204| 277| 288| 214|  97| 222|
 08| 140|  82| 263| 286| 520| 385| 526| 305| 358| 375| 469| 362| 342| 334| 347| 355| 302| 340| 317| 469| 388| 361| 187| 227|
 09| 183| 201| 244| 211| 247| 390| 350| 305| 283| 304| 424| 415| 395| 342| 252| 351| 290| 241| 178| 245| 202| 132| 101| 126|
 10| 110| 125| 136| 148| 189| 213| 305| 309| 289| 298| 255| 288| 274| 261| 240| 216| 226| 172| 167| 205| 254| 164| 146| 100|
 11| 133| 111| 169| 206| 272| 324| 416| 429| 295| 300| 343| 327| 263| 278| 242| 265| 205| 165| 194| 231| 254| 176|  94| 157|
 12| 103| 139| 177| 179| 217| 332| 336| 453| 414| 325| 375| 335| 303| 311| 275| 365| 350| 152| 407| 495| 593| 244| 283| 235|
 13| 226| 233| 210| 237| 274| 467| 478| 485| 433| 476| 572| 545| 601| 634| 623| 584| 446| 481| 376| 411| 312| 294| 184| 212|
 14| 210| 187| 225| 264| 250| 267| 345| 268| 335| 282| 265| 262| 224| 197| 203| 179| 183| 139| 395| 811| 719| 233| 121| 574|
 15| 209| 743| 850| 432| 217| 248| 392| 295| 313| 323| 345| 310| 433| 465| 296| 322| 302| 303| 263| 404| 284| 215| 151| 174|
 16| 191| 226| 205| 198| 330| 354| 448| 421| 385| 296| 325| 251| 440| 255| 261| 349| 267| 191| 311| 386| 277| 183| 131| 124|
 17| 149| 137| 159| 182| 217| 286| 370| 337| 306| 272| 252| 323| 298| 281| 245| 294| 220| 234| 231| 308| 232| 125|  96| 100|
 18| 105| 130| 110| 156| 152| 285| 299| 219| 328| 241| 233| 238| 230| 229| 199| 215| 131| 163| 147| 286| 233| 128| 119| 105|
 19| 107| 107| 115| 155| 205| 334| 339| 322| 276| 220| 253| 226| 165| 210| 211| 220| 172| 187| 164| 219| 171| 110| 128|  75|
 20| 108| 116| 118| 149| 150| 226| 238| 229| 238| 206| 212| 255|  58| 120| 201| 198| 228| 169| 195| 225| 226| 153| 116| 178|
 21| 108| 114| 178| 132| 154| 230| 346| 296| 187|  16| 225| 237|  33|  3 |  4 | 138| 206| 298| 351| 357| 505| 684| 566| 222|
 22| 235| 259| 250| 297| 353| 381| 461| 366| 407| 440| 375| 348| 178| 367| 349| 344| 327| 356| 287| 369| 338| 280| 214| 246|
 23| 249| 274| 293| 277| 261| 351| 381| 390| 354| 465| 444| 451| 318| 381| 363| 295| 354| 394| 418| 614| 603| 392| 353| 340|
 24| 335| 347| 337| 368| 372| 348| 467| 491| 401| 369| 424| 355| 345| 331| 229| 349| 327| 294| 291| 266| 250| 136| 128| 102|
 25| 105|  94| 132| 151| 195| 242| 308| 325| 236| 270| 259| 313| 250| 172| 200| 200| 237| 168| 178| 358| 272| 156| 118| 180|
 26| 230| 242| 171| 307| 402| 385| 324| 420| 394| 422| 422| 378| 345| 568| 370| 380| 420| 348| 380| 385| 397| 255| 303| 480|
 27| 368| 146| 348| 390| 270| 221| 284| 372| 218| 348| 448| 261| 259| 284| 185| 203| 246| 211| 221| 255| 323| 352| 232| 181|
 28| 205| 610| 460| 529| 634| 243| 120|  6 |  46|  7 |  12| 142| 307| 326| 400| 422| 221| 195| 169| 191| 311| 203| 166|  97|
 29| 114| 105| 131| 148| 172| 210| 311| 269| 287| 289| 257| 337| 272| 281| 234| 228| 288| 223| 367| 243| 251| 659| 452| 507|
 30| 139| 148| 211| 373| 124| 422| 353| 233| 265| 330| 425| 398| 260| 198| 188| 148| 200| 146| 156| 130| 202| 149| 121| 121|
 31|  76|  83| 116| 117| 139| 163| 208| 215| 299| 595| 566| 268| 589| 233| 175| 205| 280| 236| 178| 144| 184| 147| 126| 110|
[Observer]Lockyer_Observatory
[Country]United Kingdom 
[City]Sidmouth
[Longitude]003°1307
[Latitude]050°4116
[Frequencies]
[Antenna]Quad Yagi
[Azimut Antenna]135
[Elevation Antenna]0
[Pre-Amplifier]None
[Receiver]ICOM IC-706 MKIIG
[Observing Method]HROFFT10dB Count Datas
[Remarks]winxp
