jul| 00h| 01h| 02h| 03h| 04h| 05h| 06h| 07h| 08h| 09h| 10h| 11h| 12h| 13h| 14h| 15h| 16h| 17h| 18h| 19h| 20h| 21h| 22h| 23h|
 01|  48|  24|  40|  37|  53|  63|  50|  10|  0 |  0 |  29|  34|  44|  25|  34|  34|  28|  26|  24|  17|  24|  19|  34|  40|
 02|  34|  34|  40|  34|  54|  71|  52|  38|  64|  31|  38|  49|  35|  32|  63|  31|  36|  28|  19|  13|  17|  20|  51|  26|
 03|  37|  36|  45|  29|  29|  69| 101|  41|  28|  40|  39|  39|  43|  33|  45|  30|  27|  34|  16|  15|  25|  15|  24|  28|
 04|  27|  52|  47|  41|  57|  39|  57|  72|  33|  28|  36|  41|  32|  21|  25|  31|  18|  28|  14|  13|  15|  20|  19|  26|
 05|  27|  24|  25|  53|  48|  56|  40|  45|  49|  36|  28|  0 |  0 |  0 |  27|  20|  19|  21|  4 |  0 |  4 |  3 |  0 |  0 |
 06|??? |??? |??? |??? |??? |??? |??? |??? |??? |??? |??? |??? |??? |??? |??? |??? |??? |??? |??? |??? |??? |??? |??? |??? |
 07|??? |??? |??? |??? |??? |??? |??? |??? |??? |??? |??? |??? |??? |??? |??? |??? |??? |??? |??? |??? |??? |??? |??? |??? |
 08|??? |??? |??? |??? |??? |??? |??? |??? |??? |??? |??? |??? |??? |??? |??? |??? |??? |??? |??? |??? |??? |??? |??? |??? |
 09|  0 |  0 |  0 |  0 |  0 |  0 |  0 |  0 |  3 |  0 |  0 |  0 |  0 |  0 |  0 |  0 |  0 |  0 |  0 |  0 |  0 |  0 |  0 |  0 |
 10|??? |??? |??? |??? |??? |??? |??? |??? |??? |??? |??? |??? |??? |??? |??? |??? |??? |??? |??? |??? |??? |??? |??? |??? |
 11|  0 |  0 |  0 |  0 |  0 |  0 |  0 |  0 |  0 |  0 |  0 |  0 |  0 |  8 |  22|  15|  25|  17|  21|  10|  21|  21|  20|  28|
 12|  22|  27|  27|  21|  47|  35|  22|  19|  26|  21|  30|  25|  15|  20|  11|  19|  14|  16|  14|  12|  11|  13|  24|  22|
 13|  24|  26|  19|  38|  33|  31|  27|  24|  33|  17|  27|  23|  17|  12|  21|  20|  19|  13|  6 |  15|  13|  10|  15|  11|
 14|  27|  29|  28|  28|  41|  47|  43|  27|  21|  25|  17|  18|  22|  20|  17|  26|  20|  6 |  19|  21|  28|  19|  18|  16|
 15|  23|  40|  29|  21|  20|  36|  46|  15|  18|  32|  17|  28|  15|  18|  23|  12|  21|  14|  10|  11|  21|  29|  15|  17|
 16|  27|  20|  26|  21|  43|  37|  16|  25|  20|  13|  16|  26|  8 |  24|  22|  17|  9 |  17|  11|  10|  13|  16|  23|  22|
 17|  38|  29|  20|  29|  23|  59|  29|  18|  19|  10|  16|  19|  14|  20|  12|  14|  8 |  19|  10|  16|  5 |  0 |  0 |  0 |
 18|  0 |  0 |  0 |  0 |  0 |  0 |  0 |  0 |  0 |  0 |  0 |  12|  33|  33|  28|  21|  17|  19|  13|  18|  13|  17|  16|  32|
 19|  43|  40|  43|  33|  36|  29|  51|  45|  28|  24|  34|  28|  26|  18|  17|  18|  27|  20|  12|  18|  23|  17|  24|  23|
 20|  33|  32|  32|  39|  38|  37|  31|  25|  28|  24|  32|  24|  14|  25|  18|  11|  15|  20|  8 |  15|  13|  16|  30|  29|
 21|  50|  27|  46|  23|  47|  62|  39|  31|  31|  29|  28|  22|  17|  19|  22|  32|  16|  12|  14|  10|  23|  29|  25|  36|
 22|  23|  39|  36|  54|  51|  40|  43|  54|  26|  30|  35|  33|  48|  35|  22|  33|  20|  21|  21|  14|  26|  32|  24|  38|
 23|  27|  53|  60|  40|  41|  67|  42|  38|  28|  36|  22|  32|  28|  16|  21|  15|  8 |  13|  11|  17|  14|  20|  12|  25|
 24|  37|  37|  38|  27|  51|  50|  28|  32|  20|  17|  15|  16|  23|  12|  16|  24|  14|  12|  30|  10|  14|  19|  18|  26|
 25|  49|  32|  39|  44|  37|  28|  28|  18|  23|  11|  15|  21|  13|  22|  10|  10|  9 |  16|  11|  18|  14|  22|  15|  27|
 26|  33|  27|  38|  30|  49|  54|  34|  20|  44|  15|  36|  19|  8 |  19|  14|  5 |  12|  20|  25|  14|  7 |  22|  17|  25|
 27|  45|  27|  40|  29|  25|  49|  29|  57|  14|  30|  14|  7 |  8 |  18|  13|  10|  20|  14|  13|  14|  16|  18|  20|  35|
 28|  31|  46|  77|  64|  70|  42|  41|  54|  35|  18|  25|  21|  22|  19|  17|  13|  48|  28|  19|  19|  14|  26|  20|  33|
 29|  53|  38|  41|  46|  28|  46|  23|  32|  8 |  20|  31|  17|  22|  20|  14|  13|  12|  24|  17|  13|  15|  17|  19|  32|
 30|  28|  35|  22|  37|  42|  37|  34|  15|  21|  12|  26|  11|  12|  20|  27|  11|  35|  11|  3 |  15|  27|  16|  18|  28|
 31|  40|  61|  41|  33|  40|  38|  29|  23|  30|  18|  12|  27|  18|  14|  25|  14|  16|  17|  10|  9 |  19|  19|  17|  21|
[Observer]Lockyer_Observatory
[Country]United Kingdom 
[City]Sidmouth
[Longitude]003°1307
[Latitude]050°4116
[Frequencies]
[Antenna]Quad Yagi
[Azimut Antenna]135
[Elevation Antenna]0
[Pre-Amplifier]None
[Receiver]ICOM IC-706 MKIIG
[Observing Method]HROFFT20dB Length Datas
[Remarks]winxp
