oct| 00h| 01h| 02h| 03h| 04h| 05h| 06h| 07h| 08h| 09h| 10h| 11h| 12h| 13h| 14h| 15h| 16h| 17h| 18h| 19h| 20h| 21h| 22h| 23h|
 01| 157| 136| 126| 147| 179| 264| 308| 318| 306| 375| 273| 334| 238| 218| 253| 216| 224| 141| 150| 249| 162| 239| 126| 127|
 02| 164| 128| 149| 177| 277| 334| 390| 314| 365| 341| 272| 319| 340| 211| 216| 241| 188| 187| 184| 294| 323| 227| 124| 119|
 03| 133| 126| 169| 216| 262| 405| 370| 310| 517| 392| 489| 409| 448| 382| 282| 314| 272| 237| 205| 399| 336| 182|  73|  90|
 04| 111|  98|  96| 120| 154| 341| 338| 246| 174| 439| 335| 277| 229| 138| 122| 164| 163| 154| 270| 292| 256| 126|  81|  75|
 05| 140| 106| 222| 237| 357| 586| 587| 647|1689| 521|1437|1348| 828|1673| 863| 391| 362| 242| 191| 557| 343| 229| 182| 152|
 06| 146| 213| 281| 193| 374| 387| 619| 632| 639| 676| 557| 583| 552| 334| 497| 473| 265| 283| 383| 518| 527| 202| 124| 200|
 07| 230| 240| 436| 258| 462| 433| 830|1989|1321| 498| 396| 462| 356| 356| 293| 719|1604|1305| 253| 386| 357|1602|2902| 513|
 08| 163|2549|3016|2912| 973|1200| 893|2183|2144| 634| 973|2071|1841| 584|1958| 491| 678| 444| 459| 739| 933| 741| 311| 297|
 09| 240| 265| 328| 288| 317| 568| 558| 421| 430|1916|1593|1180|1237| 459| 343| 461| 383| 330| 227| 346| 268| 172| 139| 148|
 10| 117| 142| 184| 189| 238| 273| 416| 428| 408| 505| 337| 400| 376| 355| 300| 311| 265| 206| 198| 258| 321| 198| 199| 118|
 11| 157| 139| 205| 317| 527| 490| 611| 652| 424| 438| 554| 518| 412| 427| 335| 369| 293| 235| 246| 341| 360| 268| 115| 180|
 12| 116| 162| 239| 249| 345| 567| 565|1285| 944| 545| 590| 470| 423| 541| 400| 567| 468|3389|2385|1073|1248|2843| 520| 470|
 13| 490| 437| 372| 365| 522| 924|1015| 944| 762| 729| 851| 838| 958|1122|1097|1123| 649| 689| 457| 575| 415| 453| 232| 257|
 14| 259| 227| 329| 405| 357| 361| 510| 363| 490| 496| 308| 363| 291| 262| 264| 232| 211| 158| 571|1645|1924| 355| 141| 896|
 15| 246|1142|2024| 731| 340| 434| 632| 466| 489| 460| 607| 532| 652| 765| 761| 504| 841| 476| 508| 777| 456| 304| 183| 225|
 16| 265| 282| 289| 269| 596| 573| 793| 775| 656|2742|3066|3252|1077| 335| 350| 532| 388| 260| 452| 692| 380| 275| 163| 136|
 17| 196| 171| 246| 277| 307| 390| 569| 555| 523| 413| 368| 592| 482| 430| 345| 465| 319| 358| 356| 663| 371| 168| 111| 111|
 18| 127| 159| 148| 241| 187| 427| 502| 296| 663| 411| 368| 353| 343| 313| 274| 301| 166| 200| 263| 482| 436| 153| 138| 119|
 19| 123| 114| 146| 224| 288| 517| 603| 484| 440| 296| 374| 358| 229| 291| 303| 319| 269| 242| 204| 321| 240| 134| 175|  83|
 20| 159| 155| 160| 225| 175| 312| 332| 377| 370| 283| 262| 372|  72| 169| 279| 242| 286| 211| 293| 335| 347| 243| 167| 291|
 21| 124| 138| 281| 182| 206| 305| 511| 486| 275|  18| 360| 321|  61|  3 |  4 | 175| 265| 710| 734| 821|1260|1934|1241| 245|
 22| 270| 315| 299| 408| 481| 489| 627| 467| 593| 826| 582| 492| 221| 523| 431| 426| 409| 874| 855| 964|1061| 911| 658| 936|
 23| 859| 880| 922|1019| 957|1094|1211|1152| 764| 737| 601| 618| 399| 734| 601| 388| 474| 600| 703|1160|1075| 662| 584| 534|
 24| 543| 538| 516| 550| 570| 559| 752| 802| 566| 605| 623| 535| 460| 430| 281| 486| 439| 351| 368| 373| 365| 165| 167| 104|
 25| 120| 104| 155| 176| 252| 306| 387| 438| 324| 346| 322| 431| 315| 214| 268| 240| 303| 188| 216| 576| 344| 195| 140| 224|
 26| 294| 301| 197| 409| 872| 612| 469| 598|2373|2080|2057| 629| 461|1281|2726|2761| 834| 517| 584| 608| 581| 333| 455|1989|
 27|1634| 186| 461| 583| 338| 263| 444| 541| 319| 472| 667| 381| 336| 390| 233| 260| 340| 256| 264| 370| 451| 496| 306| 212|
 28| 244|1698|1792|1241|1457|3107|3327|3599|3554|3599|3592|3299|2002|1698| 687| 680| 300| 245| 231| 257| 566| 248| 287| 111|
 29| 129| 137| 142| 197| 211| 276| 487| 388| 419| 414| 370| 538| 393| 412| 339| 354| 431| 317| 534|2925|3106|2236|2348|2627|
 30|3387|3306|3124|2932|3439|2209| 537| 309| 354| 512| 604| 776| 383| 271| 253| 221| 266| 182| 232| 175| 294| 197| 160| 134|
 31|  85|  89| 135| 150| 159| 209| 282| 307| 381| 884|1818| 345| 883| 336| 196| 251| 341| 302| 233| 169| 254| 175| 183| 133|
[Observer]Lockyer_Observatory
[Country]United Kingdom 
[City]Sidmouth
[Longitude]003°1307
[Latitude]050°4116
[Frequencies]
[Antenna]Quad Yagi
[Azimut Antenna]135
[Elevation Antenna]0
[Pre-Amplifier]None
[Receiver]ICOM IC-706 MKIIG
[Observing Method]HROFFT10dB Length Datas
[Remarks]winxp
