sep| 00h| 01h| 02h| 03h| 04h| 05h| 06h| 07h| 08h| 09h| 10h| 11h| 12h| 13h| 14h| 15h| 16h| 17h| 18h| 19h| 20h| 21h| 22h| 23h|
 01|  22|  30|  24|  15|  23|  23|  35|  25|  17|  26|  22|  31|  19|  24|  39|  21|  13|  20|  22|  15|  26|  15|  22|  23|
 02|  26|  36|  28|  25|  38|  27|  28|  27|  25|  20|  18|  21|  25|  20|  24|  24|  19|  19|  18|  20|  28|  16|  22|  20|
 03|  19|  23|  23|  32|  19|  20|  16|  0 |  0 |  0 |  0 |  0 |  0 |  8 |  12|  22|  20|  21|  13|  16|  14|  18|  21|  11|
 04|  10|  23|  41|  13|  29|  14|  24|  23|  22|  16|  10|  18|  21|  17|  31|  23|  18|  17|  18|  21|  18|  15|  15|  21|
 05|  23|  20|  26|  20|  24|  28|  17|  21|  25|  14|  13|  18|  17|  22|  13|  25|  17|  12|  21|  16|  18|  21|  17|  19|
 06|  28|  17|  20|  20|  21|  24|  16|  17|  17|  20|  21|  18|  20|  19|  17|  17|  19|  21|  17|  15|  19|  20|  17|  19|
 07|  16|  23|  28|  34|  17|  27|  23|  29|  22|  26|  19|  19|  19|  8 |  20|  18|  16|  18|  15|  11|  18|  18|  12|  21|
 08|  17|  20|  17|  19|  22|  19|  20|  24|  29|  19|  15|  26|  19|  24|  17|  24|  12|  19|  28|  22|  21|  18|  20|  15|
 09|  26|  27|  22|  32|  30|  35|  42|  29|  40|  23|  20|  33|  20|  29|  22|  16|  24|  22|  15|  24|  20|  15|  20|  26|
 10|  21|  27|  29|  21|  31|  56|  35|  27|  25|  22|  33|  18|  23|  19|  8 |  16|  26|  28|  18|  14|  44|  41|  14|  13|
 11|  22|  30| 230| 584| 641| 381|  29|  23|  21|  20|  20|  21|  13|  15|  26|  26|  14|  28|  16|  20|  16|  14|  8 |  17|
 12|  15|  19|  23|  26|  21|  31|  27|  25|  31|  21|  15|  19|  20|  28|  15|  20|  22|  23|  23|  16|  11|  22|  19|  22|
 13|  25|  18|  25|  34|  23|  36|  20|  28|  25|  30|  30|  33|  18|  19|  23|  35|  19|  15|  14|  28|  21|  22|  16|  10|
 14|  26|  29|  25|  32|  19|  19|  29|  27|  24|  24|  13|  21|  17|  24|  25|  20|  14|  25|  20|  18|  19|  17|  15|  14|
 15|  22|  28|  25|  21|  25|  23|  22|  28|  28|  32|  32|  22|  34|  24|  18|  17|  16|  12|  13|  16|  21|  19|  21|  17|
 16|  20|  22|  16|  21|  16|  27|  24|  15|  18|  17|  25|  17|  20|  13|  21|  20|  21|  19|  15|  21|  15|  18|  24|  8 |
 17|  20|  20|  14|  34|  23|  23|  23|  21|  34|  20|  22|  17|  21|  25|  16|  21|  18|  27|  11|  12|  23|  19|  11|  25|
 18|  26|  18|  26|  24|  19|  23|  28|  24|  29|  18|  22|  19|  25|  23|  22|  18|  26|  14|  11|  20|  20|  22|  18|  21|
 19|  27|  23|  17|  12|  28|  28|  35|  18|  24|  22|  17|  15|  19|  20|  6 |  0 |  0 |  0 |  0 |  0 |  0 |  0 |  0 |  0 |
 20|??? |??? |??? |??? |??? |??? |??? |??? |??? |??? |??? |??? |??? |??? |??? |??? |??? |??? |??? |??? |??? |??? |??? |??? |
 21|??? |??? |??? |??? |??? |??? |??? |??? |??? |??? |??? |??? |??? |??? |??? |??? |??? |??? |??? |??? |??? |??? |??? |??? |
 22|??? |??? |??? |??? |??? |??? |??? |??? |??? |??? |??? |??? |??? |??? |??? |??? |??? |??? |??? |??? |??? |??? |??? |??? |
 23|??? |??? |??? |??? |??? |??? |??? |??? |??? |??? |??? |??? |??? |??? |??? |??? |??? |??? |??? |??? |??? |??? |??? |??? |
 24|??? |??? |??? |??? |??? |??? |??? |??? |??? |??? |??? |??? |??? |??? |??? |??? |??? |??? |??? |??? |??? |??? |??? |??? |
 25|??? |??? |??? |??? |??? |??? |??? |??? |??? |??? |??? |??? |??? |??? |??? |??? |??? |??? |??? |??? |??? |??? |??? |??? |
 26|  0 |  0 |  0 |  0 |  0 |  0 |  0 |  0 |  0 |  1 |  11|  25|  23|  20|  16|  20|  19|  18|  20|  15|  25|  11|  15|  17|
 27|  18|  19|  18|  25|  21|  26|  18|  24|  23|  17|  16|  16|  20|  18|  17|  23|  17|  13|  17|  12|  9 |  23|  8 |  17|
 28|  21|  19|  18|  27|  27|  29|  20|  29|  20|  22|  25|  21|  18|  19|  18|  20|  25|  28|  14|  17|  14|  16|  8 |  19|
 29|  18|  20|  21|  24|  21|  20|  27|  21|  22|  24|  23|  15|  21|  18|  30|  18|  21|  18|  12|  15|  22|  22|  8 |  14|
 30|  20|  24|  31|  13|  17|  18|  23|  20|  23|  15|  18|  24|  16|  15|  17|  19|  16|  15|  23|  9 |  10|  15|  10|  21|
 31|??? |??? |??? |??? |??? |??? |??? |??? |??? |??? |??? |??? |??? |??? |??? |??? |??? |??? |??? |??? |??? |??? |??? |??? |
[Observer]Lockyer_Observatory
[Country]United Kingdom 
[City]Sidmouth
[Longitude]003°1307
[Latitude]050°4116
[Frequencies]
[Antenna]Quad Yagi
[Azimut Antenna]135
[Elevation Antenna]0
[Pre-Amplifier]None
[Receiver]ICOM IC-706 MKIIG
[Observing Method]HROFFT20dB Count Datas
[Remarks]winxp
