apr| 00h| 01h| 02h| 03h| 04h| 05h| 06h| 07h| 08h| 09h| 10h| 11h| 12h| 13h| 14h| 15h| 16h| 17h| 18h| 19h| 20h| 21h| 22h| 23h|
 01|  0 |  0 |  0 |  0 |  0 |  0 |  0 |  0 |  0 |  0 |  0 |  0 |  0 |  2 |  9 |  4 |  8 |  0 |  1 |  4 |  4 |  1 |  1 |  5 |
 02|  4 |  5 |  3 |  4 |  2 |  2 |  3 |  2 |  2 |  5 |  1 |  0 |  6 |  3 |  2 |  1 |  1 |  1 |  7 |  0 |  2 |  0 |  3 |  2 |
 03|  4 |  2 |  4 |  1 |  2 |  2 |  4 |  0 |  0 |  4 |  2 |  3 |  4 |  3 |  0 |  3 |  0 |  0 |  3 |  6 |  2 |  1 |  1 |  7 |
 04|  6 |  5 |  1 |  2 |  2 |  4 |  1 |  3 |  2 |  7 |  6 |  4 |  2 |  0 |  0 |  2 |  7 |  0 |  1 |  9 |  0 |  2 |  3 |  2 |
 05|  3 |  5 |  6 |  4 |  8 |  2 |  5 |  5 |  1 |  1 |  3 |  40|  2 |  3 |  3 |  1 |  2 |  3 |  3 |  0 |  1 |  1 |  0 |  0 |
 06|  4 |  4 |  5 |  3 |  4 |  6 |  2 |  2 |  3 |  3 |  1 |  3 |  1 |  4 |  2 |  1 |  2 |  0 |  3 |  1 |  4 |  0 |  6 |  4 |
 07|  6 |  3 |  2 |  2 |  4 |  9 |  2 |  8 |  1 |  6 |  1 |  3 |  3 |  5 |  7 |  6 |  1 |  3 |  2 |  3 |  3 |  3 |  4 |  3 |
 08|  1 |  6 |  9 |  4 |  5 |  4 |  4 |  5 |  3 |  2 |  2 |  9 |  4 |  2 |  4 |  1 |  4 |  1 |  5 |  6 |  1 |  4 |  3 |  6 |
 09|  5 |  10|  6 |  5 |  2 |  9 |  27|  3 |  6 |  6 |  4 |  2 |  3 |  0 |  1 |  5 |  1 |  6 |  2 |  0 |  4 |  2 |  3 |  6 |
 10|  5 |  8 |  7 |  9 |  5 |  2 |  11|  2 |  3 |  3 |  3 |  12|  4 |  3 |  4 |  2 |  3 |  3 |  3 |  1 |  2 |  8 |  6 |  1 |
 11|  4 |  4 |  7 |  6 |  5 |  1 |  3 |  13|  11|  17|  3 |  3 |  5 |  2 |  5 |  4 |  2 |  2 |  1 |  5 |  1 |  1 |  6 |  3 |
 12|  4 |  5 |  2 |  2 |  5 |  3 |  6 |  9 |  3 |  2 |  9 |  5 |  4 |  1 |  3 |  3 |  2 |  1 |  4 |  3 |  1 |  2 |  1 |  2 |
 13|  3 |  9 |  5 |  5 |  8 |  10|  7 |  6 |  4 |  6 |  5 |  9 |  3 |  3 |  1 |  4 |  2 |  2 |  1 |  2 |  2 |  2 |  4 |  8 |
 14|  5 |  13|  2 |  2 |  0 |  7 |  4 |  11|  5 |  3 |  4 |  6 |  4 |  5 |  3 |  5 |  1 |  3 |  0 |  1 |  0 |  3 |  4 |  11|
 15|  7 |  6 |  5 |  4 |  2 |  22|  5 |  8 |  6 |  7 |  1 |  9 |  6 |  9 |  3 |  3 |  2 |  21|  2 |  1 |  2 |  0 |  0 |  3 |
 16|  5 |  7 |  3 |  1 |  6 |  4 |  2 |  6 |  7 |  8 |  6 |  4 |  8 |  9 |  7 |  4 |  2 |  2 |  5 |  2 |  2 |  2 |  5 |  1 |
 17|  1 |  8 |  9 |  11|  4 |  8 |  11|  5 |  6 |  5 |  10|  9 |  6 |  5 |  13|  2 |  4 |  5 |  1 |  21|  6 |  0 |  6 |  5 |
 18|  5 |  5 |  12|  18|  4 |  24|  7 |  5 |  9 |  2 |  7 |  2 |  5 |  4 |  3 |  3 |  4 |  1 |  0 |  2 |  0 |  1 |  6 |  1 |
 19|  9 |  5 |  2 |  5 |  0 |  7 |  10|  2 |  6 |  36|  3 |  7 |  2 |  2 |  4 |  4 |  2 |  3 |  4 |  1 |  7 |  1 |  5 |  5 |
 20|  7 |  5 |  10|  24|  8 |  35|  6 |  6 |  2 |  3 |  5 |  5 |  4 |  6 |  2 |  1 |  2 |  1 |  2 |  4 |  2 |  3 |  1 |  1 |
 21|  4 |  5 |  4 |  5 |  1 |  5 |  1 |  5 |  1 |  5 |  1 |  5 |  3 |  6 |  2 |  4 |  3 |  1 |  0 |  3 |  0 |  5 |  1 |  3 |
 22|  2 |  0 |  4 |  3 |  11|  12|  8 |  12|  11|  18|  16|  7 |  0 |  2 |  5 |  3 |  4 |  1 |  0 |  1 |  4 |  7 |  7 |  10|
 23|  10|  1 |  7 |  8 |  5 |  2 |  5 |  13|  3 |  1 |  7 |  3 |  2 |  7 |  3 |  3 |  1 |  25|  2 |  0 |  2 |  3 |  1 |  1 |
 24|  5 |  5 |  6 |  1 |  8 |  4 |  4 |  8 |  2 |  2 |  2 |  2 |  6 |  1 |  7 |  4 |  0 |  1 |  0 |  3 |  1 |  3 |  1 |  0 |
 25|  0 |  5 |  2 |  0 |  2 |  4 |  8 |  1 |  4 |  6 |  2 |  4 |  1 |  3 |  0 |  0 |  0 |  2 |  2 |  0 |  2 |  2 |  1 |  0 |
 26|  2 |  5 |  4 |  3 |  2 |  2 |  5 |  1 |  3 |  0 |  1 |  1 |  4 |  3 |  4 |  3 |  3 |  2 |  0 |  3 |  2 |  3 |  0 |  1 |
 27|  2 |  3 |  4 |  2 |  4 |  4 |  2 |  2 |  4 |  9 |  3 |  0 |  9 |  4 |  0 |  4 |  1 |  3 |  1 |  1 |  2 |  0 |  5 |  1 |
 28|  4 |  0 |  2 |  2 |  4 |  0 |  4 |  2 |  0 |  3 |  2 |  2 |  7 |  4 |  2 |  6 |  0 |  1 |  0 |  3 |  3 |  2 |  5 |  2 |
 29|  4 |  3 |  3 |  4 |  5 |  7 |  6 |  1 |  3 |  3 |  6 |  6 |  1 |  3 |  3 |  4 |  2 |  3 |  1 |  4 |  4 |  2 |  3 |  6 |
 30|  3 |  0 |  4 |  3 |  8 |  5 |  13|  2 |  4 |  4 |  3 |  3 |  3 |  3 |  1 |  2 |  6 |  0 |  1 |  3 |  3 |  1 |  2 |  1 |
 31|??? |??? |??? |??? |??? |??? |??? |??? |??? |??? |??? |??? |??? |??? |??? |??? |??? |??? |??? |??? |??? |??? |??? |??? |
[Observer]Lockyer_Observatory
[Country]United Kingdom 
[City]Sidmouth
[Longitude]003°1307
[Latitude]050°4116
[Frequencies]
[Antenna]Quad Yagi
[Azimut Antenna]135
[Elevation Antenna]0
[Pre-Amplifier]None
[Receiver]ICOM IC-706 MKIIG
[Observing Method]HROFFT30dB Length Datas
[Remarks]winxp
