aug| 00h| 01h| 02h| 03h| 04h| 05h| 06h| 07h| 08h| 09h| 10h| 11h| 12h| 13h| 14h| 15h| 16h| 17h| 18h| 19h| 20h| 21h| 22h| 23h|
 01|  8 |  3 |  11|  8 |  8 |  2 |  4 |  10|  4 |  3 |  1 |  1 |  2 |  2 |  1 |  2 |  6 |  10|  3 |  7 |  2 |  4 |  5 |  4 |
 02|  8 |  5 |  8 |  13|  9 |  11|  7 |  11|  6 |  2 |  3 |  4 |  5 |  4 |  0 |  4 |  2 |  4 |  3 |  4 |  2 |  3 |  2 |  4 |
 03|  5 |  9 |  2 |  9 |  11|  9 |  6 |  3 |  7 |  5 |  1 |  2 |  1 |  0 |  2 |  6 |  2 |  2 |  2 |  3 |  4 |  1 |  2 |  2 |
 04|  9 |  3 |  13|  9 |  10|  15|  10|  6 |  9 |  8 |  4 |  6 |  1 |  5 |  2 |  3 |  1 |  0 |  0 |  0 |  0 |  0 |  0 |  0 |
 05|??? |??? |??? |??? |??? |??? |??? |??? |??? |??? |??? |??? |??? |??? |??? |??? |??? |??? |??? |??? |??? |??? |??? |??? |
 06|  0 |  0 |  0 |  0 |  0 |  0 |  0 |  0 |  0 |  6 |  3 |  1 |  6 |  1 |  1 |  4 |  5 |  4 |  1 |  0 |  6 |  2 |  0 |  2 |
 07|  5 |  7 |  10|  9 |  15|  14|  6 |  19|  6 |  5 |  5 |  4 |  7 |  5 |  6 |  5 |  4 |  2 |  4 |  1 |  4 |  2 |  5 |  5 |
 08|  3 |  6 |  5 |  9 |  9 |  7 |  6 |  13|  13|  15|  6 |  7 |  3 |  2 |  7 |  7 |  9 |  1 |  2 |  3 |  4 |  6 |  1 |  11|
 09|  8 |  10|  20|  11|  13|  18|  11|  14|  8 |  10|  5 |  16|  7 |  0 |  7 |  3 |  6 |  4 |  3 |  5 |  0 |  1 |  2 |  8 |
 10|  5 |  21|  8 |  18|  11|  27|  18|  15|  15|  18|  10|  14|  11|  10|  4 |  10|  8 |  9 |  12|  13|  19|  13|  7 |  19|
 11|  15|  10|  23|  29|  35|  44|  36|  26|  21|  6 |  8 |  13|  13|  10|  10|  18|  6 |  4 |  9 |  7 |  6 |  10|  5 |  22|
 12|  14|  19|  30|  14|  45|  33|  34|  50|  22|  35|  31|  21|  18|  21|  13|  19|  9 |  14|  13|  8 |  21|  23|  6 |  12|
 13|  27|  18|  39|  33|  62|  57|  59|  40|  19|  13|  20|  14|  15|  10|  10|  9 |  17|  11|  6 |  9 |  12|  3 |  3 |  8 |
 14|  7 |  21|  18|  24|  29|  33|  29|  26|  18|  22|  15|  13|  7 |  2 |  4 |  7 |  14|  10|  13|  5 |  5 |  5 |  7 |  16|
 15|  13|  13|  10|  15|  15|  21|  16|  10|  17|  8 |  6 |  6 |  6 |  6 |  5 |  10|  4 |  3 |  7 |  7 |  1 |  8 |  4 |  6 |
 16|  10|  5 |  21|  19|  10|  7 |  11|  1 |  8 |  8 |  9 |  8 |  3 |  4 |  12|  7 |  7 |  13|  4 |  5 |  6 |  6 |  6 |  7 |
 17|  6 |  8 |  11|  17|  17|  18|  11|  10|  9 |  5 |  9 |  9 |  6 |  10|  3 |  11|  8 |  9 |  5 |  5 |  8 |  4 |  6 |  8 |
 18|  7 |  11|  5 |  8 |  9 |  8 |  9 |  8 |  4 |  8 |  5 |  4 |  8 |  7 |  6 |  11|  8 |  7 |  4 |  5 |  8 |  8 |  6 |  3 |
 19|  5 |  8 |  7 |  11|  13|  7 |  4 |  8 |  9 |  8 |  3 |  7 |  5 |  9 |  4 |  8 |  13|  11|  11|  3 |  7 |  10|  8 |  5 |
 20|  4 |  13|  6 |  11|  8 |  4 |  14|  5 |  3 |  3 |  7 |  2 |  2 |  3 |  3 |  4 |  10|  10|  6 |  9 |  6 |  8 |  14|  16|
 21|  4 |  6 |  20|  11|  12|  13|  16|  13|  9 |  3 |  7 |  6 |  6 |  5 |  8 |  8 |  7 |  14|  5 |  11|  11|  6 |  2 |  5 |
 22|  6 |  10|  4 |  10|  13|  4 |  10|  6 |  9 |  12|  2 |  9 |  3 |  3 |  8 |  7 |  9 |  10|  9 |  11|  7 |  6 |  5 |  6 |
 23|  7 |  6 |  6 |  8 |  7 |  7 |  11|  7 |  6 |  7 |  9 |  11|  7 |  3 |  12|  10|  6 |  7 |  9 |  4 |  9 |  8 |  8 |  7 |
 24|  7 |  10|  7 |  14|  9 |  13|  6 |  7 |  7 |  9 |  6 |  2 |  7 |  6 |  9 |  5 |  6 |  8 |  6 |  4 |  7 |  6 |  4 |  3 |
 25|  7 |  9 |  5 |  9 |  5 |  6 |  10|  6 |  9 |  3 |  3 |  5 |  8 |  7 |  5 |  9 |  9 |  7 |  2 |  11|  7 |  10|  5 |  7 |
 26|  3 |  0 |  0 |  0 |  0 |  0 |  0 |  2 |  7 |  5 |  5 |  6 |  5 |  7 |  1 |  4 |  7 |  4 |  5 |  10|  6 |  4 |  5 |  11|
 27|  3 |  12|  8 |  3 |  8 |  5 |  10|  5 |  3 |  0 |  0 |  0 |  0 |  0 |  0 |  0 |  0 |  0 |  0 |  0 |  0 |  0 |  0 |  0 |
 28|??? |??? |??? |??? |??? |??? |??? |??? |??? |??? |??? |??? |??? |??? |??? |??? |??? |??? |??? |??? |??? |??? |??? |??? |
 29|  0 |  0 |  0 |  0 |  0 |  0 |  0 |  0 |  0 |  0 |  0 |  5 |  4 |  6 |  5 |  5 |  7 |  3 |  0 |  5 |  4 |  3 |  3 |  6 |
 30|  6 |  9 |  4 |  6 |  10|  9 |  4 |  3 |  3 |  6 |  5 |  4 |  6 |  3 |  3 |  6 |  6 |  4 |  4 |  4 |  2 |  5 |  2 |  5 |
 31|  4 |  3 |  9 |  7 |  6 |  12|  9 |  3 |  8 |  5 |  7 |  4 |  14|  8 |  6 |  3 |  4 |  4 |  6 |  5 |  1 |  6 |  4 |  7 |
[Observer]Lockyer_Observatory
[Country]United Kingdom 
[City]Sidmouth
[Longitude]003°1307
[Latitude]050°4116
[Frequencies]
[Antenna]Quad Yagi
[Azimut Antenna]135
[Elevation Antenna]0
[Pre-Amplifier]None
[Receiver]ICOM IC-706 MKIIG
[Observing Method]HROFFT30dB Count Datas
[Remarks]winxp
