aug| 00h| 01h| 02h| 03h| 04h| 05h| 06h| 07h| 08h| 09h| 10h| 11h| 12h| 13h| 14h| 15h| 16h| 17h| 18h| 19h| 20h| 21h| 22h| 23h|
 01|  8 |  4 |  19|  12|  13|  2 |  6 |  20|  5 |  6 |  1 |  1 |  2 |  2 |  1 |  2 |  14|  12|  5 |  12|  3 |  6 |  8 |  5 |
 02|  18|  16|  13|  24|  14|  14|  8 |  28|  6 |  2 |  4 |  7 |  5 |  5 |  0 |  4 |  3 |  4 |  4 |  5 |  2 |  5 |  2 |  17|
 03|  15|  15|  2 |  12|  29|  13|  7 |  3 |  11|  6 |  2 |  3 |  1 |  0 |  2 |  6 |  3 |  4 |  3 |  4 |  4 |  1 |  3 |  2 |
 04|  16|  19|  46|  11|  17|  47|  15|  6 |  14|  14|  6 |  7 |  1 |  5 |  2 |  3 |  1 |  0 |  0 |  0 |  0 |  0 |  0 |  0 |
 05|??? |??? |??? |??? |??? |??? |??? |??? |??? |??? |??? |??? |??? |??? |??? |??? |??? |??? |??? |??? |??? |??? |??? |??? |
 06|  0 |  0 |  0 |  0 |  0 |  0 |  0 |  0 |  0 |  6 |  7 |  1 |  23|  1 |  1 |  6 |  6 |  8 |  1 |  0 |  9 |  5 |  0 |  4 |
 07|  6 |  11|  16|  11|  33|  19|  8 |  33|  12|  20|  13|  4 |  23|  11|  12|  5 |  5 |  3 |  6 |  1 |  4 |  2 |  7 |  7 |
 08|  3 |  11|  7 |  27|  13|  16|  7 |  23|  19|  20|  16|  25|  3 |  2 |  8 |  8 |  15|  1 |  3 |  3 |  6 |  18|  1 |  27|
 09|  11|  13|  35|  30|  14|  40|  26|  20|  12|  17|  8 |  40|  10|  0 |  7 |  5 |  9 |  5 |  4 |  6 |  0 |  2 |  2 |  10|
 10|  6 |  88|  10|  30|  20|  51|  44|  30|  75|  37|  17|  65|  14|  16|  4 |  13|  9 |  11|  15|  15|  30|  34|  9 |  23|
 11|  27|  10|  33|  60|  94| 113|  57|  56|  34|  7 |  16|  18|  17|  13|  14|  25|  6 |  6 |  9 |  8 |  6 |  38|  5 |  32|
 12|  77|  70|  61|  23| 115|  77|  81|  96|  35|  73|  88|  37|  32|  84|  48|  42|  12|  22|  17|  16|  52|  68|  11|  33|
 13|  52|  36| 114|  81| 141| 150| 114|  88|  30|  23|  45|  28|  45|  22|  21|  10|  34|  17|  9 |  32|  21|  11|  4 |  11|
 14|  11|  48|  26|  60|  65| 115|  59|  55|  38|  68|  22|  23|  16|  2 |  4 |  8 |  24|  10|  28|  10|  15|  8 |  9 |  23|
 15|  14|  24|  14|  62|  19|  44|  27|  16|  77|  10|  11|  7 |  8 |  8 |  6 |  11|  5 |  3 |  10|  8 |  1 |  9 |  5 |  7 |
 16|  10|  6 |  32|  25|  16|  10|  14|  2 |  8 |  13|  12|  12|  3 |  4 |  13|  8 |  7 |  15|  7 |  5 |  7 |  7 |  6 |  10|
 17|  12|  9 |  17|  34|  33|  26|  15|  18|  24|  5 |  11|  9 |  7 |  10|  3 |  16|  9 |  11|  5 |  5 |  8 |  7 |  8 |  9 |
 18|  12|  12|  5 |  8 |  11|  8 |  9 |  9 |  10|  12|  7 |  4 |  9 |  11|  9 |  15|  9 |  13|  11|  6 |  11|  8 |  7 |  3 |
 19|  6 |  8 |  9 |  20|  13|  7 |  12|  8 |  11|  17|  3 |  8 |  5 |  11|  13|  23|  21|  18|  14|  3 |  10|  14|  10|  6 |
 20|  4 |  15|  6 |  16|  10|  5 |  32|  8 |  3 |  4 |  10|  3 |  2 |  3 |  3 |  4 |  15|  11|  8 |  11|  7 |  8 |  21|  16|
 21|  5 |  7 |  25|  11|  15|  17|  23|  20|  16|  4 |  7 |  7 |  9 |  6 |  13|  9 |  8 |  30|  8 |  14|  13|  6 |  2 |  6 |
 22|  7 |  10|  6 |  26|  21|  9 |  10|  8 |  9 |  15|  2 |  13|  6 |  6 |  10|  11|  11|  12|  10|  12|  7 |  9 |  6 |  12|
 23|  7 |  7 |  8 |  11|  9 |  8 |  12|  14|  9 |  7 |  11|  24|  9 |  4 |  16|  17|  7 |  8 |  11|  4 |  13|  13|  13|  8 |
 24|  8 |  11|  8 |  18|  13|  21|  6 |  7 |  7 |  20|  14|  2 |  8 |  7 |  11|  5 |  8 |  10|  8 |  5 |  7 |  7 |  4 |  3 |
 25|  10|  14|  6 |  15|  7 |  6 |  13|  14|  31|  5 |  3 |  6 |  15|  7 |  5 |  9 |  9 |  8 |  2 |  11|  16|  10|  6 |  9 |
 26|  4 |  0 |  0 |  0 |  0 |  0 |  0 |  3 |  9 |  5 |  9 |  8 |  6 |  9 |  1 |  8 |  8 |  4 |  8 |  11|  7 |  4 |  6 |  15|
 27|  4 |  20|  10|  3 |  11|  8 |  11|  7 |  6 |  0 |  0 |  0 |  0 |  0 |  0 |  0 |  0 |  0 |  0 |  0 |  0 |  0 |  0 |  0 |
 28|??? |??? |??? |??? |??? |??? |??? |??? |??? |??? |??? |??? |??? |??? |??? |??? |??? |??? |??? |??? |??? |??? |??? |??? |
 29|  0 |  0 |  0 |  0 |  0 |  0 |  0 |  0 |  0 |  0 |  0 |  7 |  6 |  7 |  5 |  5 |  14|  4 |  0 |  6 |  5 |  4 |  3 |  6 |
 30|  6 |  15|  6 |  10|  12|  9 |  4 |  6 |  8 |  7 |  6 |  5 |  7 |  3 |  3 |  6 |  7 |  4 |  4 |  5 |  2 |  10|  2 |  5 |
 31|  4 |  5 |  14|  9 |  12|  13|  19|  3 |  10|  7 |  9 |  7 |  18|  9 |  6 |  5 |  4 |  4 |  6 |  5 |  1 |  6 |  4 |  11|
[Observer]Lockyer_Observatory
[Country]United Kingdom 
[City]Sidmouth
[Longitude]003°1307
[Latitude]050°4116
[Frequencies]
[Antenna]Quad Yagi
[Azimut Antenna]135
[Elevation Antenna]0
[Pre-Amplifier]None
[Receiver]ICOM IC-706 MKIIG
[Observing Method]HROFFT30dB Length Datas
[Remarks]winxp
