jul| 00h| 01h| 02h| 03h| 04h| 05h| 06h| 07h| 08h| 09h| 10h| 11h| 12h| 13h| 14h| 15h| 16h| 17h| 18h| 19h| 20h| 21h| 22h| 23h|
 01|  28|  23|  29|  33|  42|  55|  39|  8 |  0 |  0 |  22|  27|  21|  22|  23|  26|  23|  19|  17|  15|  17|  18|  31|  34|
 02|  20|  31|  34|  29|  44|  49|  40|  31|  33|  19|  31|  40|  31|  26|  41|  26|  28|  18|  16|  13|  16|  18|  43|  24|
 03|  34|  27|  39|  26|  26|  40|  51|  30|  25|  31|  28|  35|  32|  28|  30|  21|  22|  25|  16|  14|  24|  14|  22|  27|
 04|  23|  39|  37|  23|  41|  34|  39|  46|  28|  25|  32|  32|  25|  17|  21|  27|  17|  16|  14|  12|  13|  20|  18|  23|
 05|  19|  24|  24|  37|  26|  40|  33|  29|  24|  29|  20|  0 |  0 |  0 |  23|  17|  15|  15|  4 |  0 |  4 |  2 |  0 |  0 |
 06|??? |??? |??? |??? |??? |??? |??? |??? |??? |??? |??? |??? |??? |??? |??? |??? |??? |??? |??? |??? |??? |??? |??? |??? |
 07|??? |??? |??? |??? |??? |??? |??? |??? |??? |??? |??? |??? |??? |??? |??? |??? |??? |??? |??? |??? |??? |??? |??? |??? |
 08|??? |??? |??? |??? |??? |??? |??? |??? |??? |??? |??? |??? |??? |??? |??? |??? |??? |??? |??? |??? |??? |??? |??? |??? |
 09|  0 |  0 |  0 |  0 |  0 |  0 |  0 |  0 |  3 |  0 |  0 |  0 |  0 |  0 |  0 |  0 |  0 |  0 |  0 |  0 |  0 |  0 |  0 |  0 |
 10|??? |??? |??? |??? |??? |??? |??? |??? |??? |??? |??? |??? |??? |??? |??? |??? |??? |??? |??? |??? |??? |??? |??? |??? |
 11|  0 |  0 |  0 |  0 |  0 |  0 |  0 |  0 |  0 |  0 |  0 |  0 |  0 |  7 |  15|  13|  16|  13|  20|  9 |  20|  17|  18|  26|
 12|  20|  25|  17|  19|  35|  28|  20|  17|  17|  18|  24|  17|  14|  19|  11|  15|  10|  14|  11|  10|  11|  12|  23|  19|
 13|  23|  24|  19|  29|  30|  28|  22|  24|  26|  14|  24|  17|  15|  12|  19|  19|  17|  12|  5 |  12|  11|  10|  15|  11|
 14|  20|  26|  23|  28|  28|  26|  35|  21|  15|  24|  16|  16|  20|  17|  15|  21|  16|  6 |  15|  17|  18|  18|  17|  14|
 15|  20|  23|  20|  20|  19|  30|  36|  15|  17|  22|  12|  26|  13|  17|  18|  12|  18|  13|  10|  9 |  18|  22|  14|  15|
 16|  21|  17|  22|  20|  30|  28|  13|  20|  17|  12|  14|  14|  8 |  17|  14|  15|  8 |  14|  9 |  10|  12|  15|  17|  21|
 17|  34|  22|  16|  22|  23|  28|  20|  16|  17|  9 |  16|  17|  10|  17|  11|  12|  8 |  16|  9 |  15|  5 |  0 |  0 |  0 |
 18|  0 |  0 |  0 |  0 |  0 |  0 |  0 |  0 |  0 |  0 |  0 |  8 |  23|  29|  25|  19|  15|  17|  13|  17|  13|  16|  16|  27|
 19|  37|  33|  35|  28|  32|  28|  45|  37|  26|  21|  32|  26|  23|  15|  16|  16|  21|  15|  12|  16|  23|  13|  21|  21|
 20|  27|  30|  30|  34|  29|  32|  31|  24|  25|  22|  28|  18|  13|  21|  15|  10|  11|  13|  8 |  15|  13|  14|  25|  28|
 21|  41|  26|  35|  22|  36|  34|  33|  23|  21|  26|  24|  19|  15|  18|  20|  26|  16|  11|  13|  10|  22|  24|  23|  32|
 22|  23|  38|  36|  35|  35|  36|  34|  37|  23|  27|  28|  29|  35|  30|  19|  26|  16|  16|  16|  13|  24|  28|  22|  38|
 23|  25|  47|  50|  39|  34|  42|  38|  35|  26|  32|  20|  31|  26|  13|  19|  10|  7 |  13|  11|  16|  11|  18|  10|  24|
 24|  24|  30|  30|  19|  37|  37|  23|  27|  19|  16|  15|  14|  21|  12|  12|  20|  14|  11|  13|  9 |  12|  17|  14|  21|
 25|  36|  29|  32|  33|  30|  22|  23|  18|  19|  10|  14|  19|  11|  19|  10|  10|  9 |  15|  9 |  13|  13|  20|  12|  25|
 26|  27|  26|  35|  26|  39|  28|  23|  13|  30|  13|  20|  12|  8 |  14|  11|  5 |  11|  12|  17|  11|  6 |  14|  16|  21|
 27|  34|  21|  34|  24|  24|  28|  24|  28|  11|  16|  11|  6 |  8 |  14|  10|  9 |  14|  14|  13|  13|  12|  16|  18|  29|
 28|  30|  38|  40|  55|  52|  38|  35|  28|  22|  17|  21|  19|  16|  18|  10|  11|  17|  19|  16|  17|  14|  19|  16|  25|
 29|  37|  29|  33|  29|  19|  34|  18|  19|  8 |  15|  12|  12|  11|  16|  13|  12|  11|  14|  17|  12|  11|  14|  16|  29|
 30|  23|  27|  18|  29|  32|  28|  23|  13|  16|  12|  20|  10|  12|  19|  18|  11|  18|  11|  3 |  14|  21|  16|  18|  26|
 31|  34|  30|  33|  27|  32|  34|  24|  16|  20|  16|  11|  14|  16|  12|  21|  9 |  14|  14|  10|  7 |  18|  16|  16|  19|
[Observer]Lockyer_Observatory
[Country]United Kingdom 
[City]Sidmouth
[Longitude]003°1307
[Latitude]050°4116
[Frequencies]
[Antenna]Quad Yagi
[Azimut Antenna]135
[Elevation Antenna]0
[Pre-Amplifier]None
[Receiver]ICOM IC-706 MKIIG
[Observing Method]HROFFT20dB Count Datas
[Remarks]winxp
