may| 00h| 01h| 02h| 03h| 04h| 05h| 06h| 07h| 08h| 09h| 10h| 11h| 12h| 13h| 14h| 15h| 16h| 17h| 18h| 19h| 20h| 21h| 22h| 23h|
 01|  15|  12|  12|  15|  19|  18|  22|  15|  16|  13|  19|  17|  20|  14|  17|  11|  5 |  8 |  10|  9 |  7 |  7 |  8 |  16|
 02|  15|  19|  12|  12|  18|  24|  18|  21|  21|  14|  22|  20|  12|  18|  7 |  22|  12|  12|  7 |  9 |  4 |  5 |  9 |  11|
 03|  17|  13|  9 |  19|  17|  15|  26|  10|  18|  18|  14|  10|  15|  14|  16|  13|  10|  6 |  7 |  5 |  11|  8 |  10|  16|
 04|  16|  14|  13|  14|  25|  26|  36|  18|  16|  19|  22|  20|  30|  18|  12|  10|  10|  4 |  11|  6 |  9 |  9 |  7 |  14|
 05|  9 |  9 |  18|  10|  23|  21|  26|  21|  21|  19|  26|  24|  15|  13|  11|  10|  9 |  8 |  4 |  6 |  7 |  8 |  23|  11|
 06|  12|  11|  15|  22|  29|  28|  23|  26|  16|  17|  24|  25|  15|  22|  12|  8 |  10|  8 |  21|  6 |  6 |  7 |  10|  14|
 07|  16|  13|  15|  22|  29|  17|  25|  22|  27|  16|  19|  25|  21|  18|  12|  14|  11|  7 |  11|  6 |  10|  6 |  13|  12|
 08|  6 |  17|  17|  24|  19|  30|  24|  22|  21|  35|  29|  24|  19|  19|  18|  16|  15|  12|  10|  7 |  13|  6 |  12|  10|
 09|  20|  16|  18|  26|  25|  29|  22|  24|  17|  26|  18|  15|  24|  22|  21|  13|  8 |  13|  11|  10|  13|  10|  17|  16|
 10|  8 |  15|  11|  11|  21|  21|  21|  16|  23|  18|  20|  21|  28|  25|  16|  7 |  15|  11|  11|  7 |  4 |  8 |  16|  10|
 11|  22|  17|  12|  23|  24|  33|  27|  28|  23|  19|  22|  28|  23|  25|  24|  17|  15|  14|  11|  8 |  3 |  17|  9 |  18|
 12|  11|  13|  22|  25|  30|  28|  35|  26|  27|  31|  26|  20|  21|  28|  14|  13|  7 |  11|  6 |  17|  9 |  17|  14|  15|
 13|  14|  20|  11|  21|  27|  30|  25|  15|  20|  19|  29|  26|  23|  14|  10|  10|  7 |  11|  12|  12|  9 |  5 |  17|  14|
 14|  13|  12|  19|  25|  24|  27|  33|  21|  20|  22|  25|  28|  24|  15|  16|  7 |  11|  9 |  8 |  8 |  6 |  11|  12|  16|
 15|  21|  21|  18|  21|  24|  19|  23|  0 |  0 |  0 |  0 |  0 |  0 |  0 |  0 |  7 |  8 |  12|  6 |  2 |  8 |  7 |  16|  4 |
 16|  13|  16|  9 |  21|  21|  22|  21|  18|  20|  18|  19|  15|  19|  14|  22|  14|  6 |  10|  10|  5 |  12|  9 |  9 |  18|
 17|  14|  15|  12|  20|  14|  27|  22|  18|  16|  20|  27|  15|  17|  14|  19|  10|  10|  11|  9 |  4 |  7 |  8 |  7 |  11|
 18|  9 |  9 |  18|  17|  20|  20|  22|  18|  21|  18|  27|  25|  22|  12|  15|  15|  8 |  13|  9 |  6 |  3 |  8 |  14|  17|
 19|  13|  14|  14|  11|  18|  26|  21|  11|  0 |  0 |  15|  23|  12|  29|  15|  9 |  15|  8 |  8 |  6 |  8 |  10|  11|  20|
 20|  14|  12|  14|  15|  23|  34|  21|  25|  14|  19|  23|  19|  25|  25|  24|  21|  16|  10|  9 |  9 |  9 |  8 |  11|  17|
 21|  15|  15|  11|  15|  14|  21|  25|  13|  6 |  20|  13|  17|  14|  12|  19|  15|  11|  12|  9 |  14|  10|  11|  7 |  16|
 22|  12|  12|  15|  10|  12|  25|  19|  10|  18|  16|  14|  19|  18|  14|  10|  18|  10|  11|  10|  10|  6 |  6 |  13|  16|
 23|  11|  22|  19|  13|  28|  22|  24|  7 |  15|  23|  20|  21|  11|  20|  17|  12|  7 |  9 |  7 |  9 |  14|  4 |  17|  12|
 24|  15|  23|  13|  7 |  9 |  9 |  15|  21|  21|  21|  8 |  7 |  17|  46|  25|  23|  18|  20|  9 |  10|  16|  9 |  15|  15|
 25|  15|  22|  8 |  12|  21|  30|  22|  17|  21|  11|  13|  22|  28|  24|  24|  16|  8 |  8 |  7 |  8 |  10|  5 |  13|  17|
 26|  21|  18|  20|  15|  20|  23|  29|  27|  22|  27|  15|  19|  19|  27|  22|  17|  6 |  8 |  12|  11|  14|  9 |  13|  8 |
 27|  7 |  21|  17|  10|  26|  34|  25|  13|  16|  12|  22|  25|  26|  22|  24|  13|  23|  11|  8 |  12|  11|  15|  11|  21|
 28|  14|  15|  18|  21|  26|  22|  28|  26|  22|  13|  18|  26|  15|  17|  18|  17|  11|  25|  15|  6 |  11|  14|  20|  12|
 29|  19|  17|  10|  17|  28|  32|  27|  28|  20|  14|  25|  25|  20|  26|  17|  24|  14|  6 |  8 |  18|  15|  11|  10|  21|
 30|  15|  11|  20|  22|  31|  32|  27|  19|  16|  23|  13|  18|  24|  20|  14|  15|  20|  15|  10|  13|  13|  17|  16|  10|
 31|  13|  9 |  13|  26|  25|  17|  24|  15|  16|  8 |  17|  13|  10|  14|  13|  18|  13|  8 |  9 |  4 |  6 |  17|  12|  16|
[Observer]Lockyer_Observatory
[Country]United Kingdom 
[City]Sidmouth
[Longitude]003°1307
[Latitude]050°4116
[Frequencies]
[Antenna]Quad Yagi
[Azimut Antenna]135
[Elevation Antenna]0
[Pre-Amplifier]None
[Receiver]ICOM IC-706 MKIIG
[Observing Method]HROFFT20dB Count Datas
[Remarks]winxp
