jan| 00h| 01h| 02h| 03h| 04h| 05h| 06h| 07h| 08h| 09h| 10h| 11h| 12h| 13h| 14h| 15h| 16h| 17h| 18h| 19h| 20h| 21h| 22h| 23h|
 01|  98| 113| 138| 119| 126| 161| 130| 172| 180| 261| 265| 194| 174| 151| 147| 117| 131| 179| 163| 123| 121| 132|  67|  93|
 02|  85| 101| 133| 145| 172| 207| 204| 271| 219| 225| 233| 269| 259| 203| 149| 158| 157| 145| 118| 146| 190| 139| 105| 108|
 03|  98| 146| 147| 197| 273| 284| 279| 244| 265| 360| 321| 367| 287| 270| 225| 201| 224| 159| 133| 126| 117| 117| 135| 125|
 04| 126| 129| 169| 192| 213| 165| 199| 153| 124| 137| 138| 111| 105| 142| 109|  96|  92|  64|  80|  77|  77|  83|  66|  54|
 05|  50|  70|  84| 112| 105| 127| 144| 106| 138| 195| 169| 137| 138| 151| 161|  93|  79|  54|  68|  97| 111|  86|  57|  68|
 06|  79|  75| 107|  93|  89| 103| 100| 124| 109|  88| 134| 162| 130| 145| 109|  77|  61|  75|  62|  65|  81|  53|  52|  41|
 07|  48|  87|  85| 107|  98|  84|  87| 133| 141| 116| 104|  94| 131| 122| 110|  71|  85|  61|  79|  81|  94| 101|  51|  48|
 08|  36|  69|  90|  97| 101|  92| 121| 127| 165| 182| 131| 115| 105|  90|  93|  86| 141|  92|  90|  79|  70|  90|  50|  50|
 09|  61|  54|  89| 106| 101|  74|  92| 100| 123| 110| 126| 125| 125|  82|  71|  83|  95|  86|  84| 100| 169| 126|  71|  45|
 10|  79|  58|  93|  95|  95| 112| 144| 130| 177| 119| 106| 123| 103| 117|  90|  65| 115|  79|  71|  88| 106| 104|  58| 104|
 11|  82|  91| 112|  12|  86| 112| 178| 286| 432| 548| 439| 143| 276| 118|  31|??? |  3 | 146| 121| 191|  92|  80|  50|  43|
 12|  39| 115|  19|  28|  2 |  15|  7 |  36|  22|  14|  45|  24|  11| 109| 326| 238|  32| 188| 143| 185| 257| 155| 120| 108|
 13| 112| 121| 189| 175| 169|  85|  74|  49|  61|  17|  30|  31|  32| 143|  27|  49|  30|  28|  64|  50|  51|  41|  25|  84|
 14| 117| 302| 354| 422| 232| 384| 338| 603| 664| 641| 502| 494| 302| 322| 181| 247| 335| 291| 237| 324| 251| 262| 242|  89|
 15|  60|  79|  57| 129| 121|  90| 129|  99| 280| 223| 245| 363| 326| 551| 155|  41|  34|  23|  40|  36|  41| 171| 144| 121|
 16| 128| 152| 203| 135| 117|  97|  71|  87| 110| 115| 116| 113| 105|  55|  70|  90| 162| 138|  81|  93| 116| 123|  82|  81|
 17| 108| 104| 159| 101| 178| 190| 211| 128| 111| 109|  61| 134| 101|  72| 142| 138| 255| 159| 230|  46| 116|  67|  2 |  27|
 18|  57|  66| 100| 139| 161|  49|  90|  89| 148| 318| 439| 360| 207|  3 |  70|  80| 115| 116| 123|  98| 180| 130|  78|  84|
 19|  63| 103| 134| 157| 161| 135| 237| 213| 246| 240| 185| 139| 226| 190| 128| 153| 134| 136| 120| 134| 129| 105|  69|  95|
 20| 151| 107| 153| 165| 151| 167| 194| 227| 256| 239| 255| 288| 275| 219| 140| 190| 139| 174| 155| 155| 176| 148|  87|  66|
 21|  99| 117| 139| 145| 147| 118| 195| 203| 161| 159| 166| 166| 204| 246| 116| 214| 160| 189| 137| 119| 160| 129|  86|  81|
 22|  83| 147| 116| 145| 107| 174| 165| 205| 207| 261| 209| 262| 236| 240| 166| 147| 243| 190| 172| 187| 237| 131| 125|  83|
 23|  63| 170| 184| 444| 388| 277| 263| 249| 273| 193| 200| 245| 148| 232| 189| 150| 143| 155|  94|  98| 164| 155|  69|  83|
 24|  73| 126| 101| 330| 311| 209| 156| 194| 150| 170| 152| 193| 179| 183|  74| 133| 152|  94|  94|  92| 106| 124| 105|  91|
 25|  71|  76|  85| 111| 132| 192| 332| 332| 353| 507| 482| 633| 583| 482| 271| 134|  84|  91|  82|  90|  10|  10|  21|  63|
 26|  61|  69|  76|  86|  76| 153| 115| 108| 129| 121| 109| 134| 108|  96|  5 |  94|  91|  96|  62|  65|  46|  85|  55|  54|
 27|  56|  80| 111| 102| 113| 111| 186| 210| 122| 111| 137|  89| 112| 108|  64|  72|  58|  72|  36|  66|  91| 120|  75|  65|
 28|  67|  54| 101|  97| 117|  93| 169| 139| 108|  92|  88|  72|  82|  93|  54|  57|  48|  84|  60|  52|  66|  75|  59|  67|
 29|  49|  77|  79|  88|  61|  78|  90| 122| 258| 192| 121| 122|  81|  65|  48|  63|  59|  53|  53|  64|  99|  57|  46|  48|
 30|  45|  67|  90|  86|  82|  91| 110|  67| 167| 189| 138| 130|  91| 109|  81| 179|  92|  76|  63|  61|  85|  77|  65|  66|
 31|  63|  82|  76|  90| 104|  93|  92| 114| 146| 260| 255| 182| 270| 138|  73| 103|  69|  96|  58|  58|  92|  77|  81|  37|
[Observer]Lockyer_Observatory
[Country]United Kingdom 
[City]Sidmouth
[Longitude]003°1307
[Latitude]050°4116
[Frequencies]
[Antenna]Quad Yagi
[Azimut Antenna]135
[Elevation Antenna]0
[Pre-Amplifier]None
[Receiver]ICOM IC-706 MKIIG
[Observing Method]HROFFT10dB Count Datas
[Remarks]winxp
