sep| 00h| 01h| 02h| 03h| 04h| 05h| 06h| 07h| 08h| 09h| 10h| 11h| 12h| 13h| 14h| 15h| 16h| 17h| 18h| 19h| 20h| 21h| 22h| 23h|
 01|  24|  31|  28|  18|  31|  25|  37|  27|  27|  30|  26|  56|  25|  27|  47|  23|  15|  22|  23|  16|  26|  23|  24|  28|
 02|  29|  41|  60|  29|  47|  31|  42|  42|  29|  24|  27|  28|  31|  22|  28|  29|  19|  22|  19|  23|  33|  17|  26|  23|
 03|  27|  24|  32|  35|  26|  24|  16|  0 |  0 |  0 |  0 |  0 |  0 |  11|  14|  24|  23|  23|  14|  16|  16|  24|  22|  12|
 04|  10|  24|  81|  14|  33|  15|  31|  26|  27|  22|  10|  18|  31|  22|  35|  29|  20|  18|  18|  21|  22|  16|  16|  23|
 05|  27|  22|  29|  21|  25|  50|  19|  34|  34|  14|  16|  23|  17|  24|  13|  29|  17|  13|  25|  19|  24|  28|  24|  21|
 06|  50|  18|  21|  25|  34|  28|  18|  19|  19|  20|  36|  20|  25|  19|  25|  19|  20|  24|  17|  22|  24|  20|  20|  22|
 07|  19|  24|  34|  38|  26|  32|  30|  38|  30|  27|  22|  23|  24|  8 |  20|  23|  20|  24|  15|  35|  19|  24|  13|  32|
 08|  17|  23|  20|  28|  28|  20|  29|  30|  39|  24|  20|  33|  20|  29|  23|  26|  13|  21|  30|  26|  23|  22|  20|  15|
 09|  57|  29|  23|  44|  35|  41|  53|  40|  67|  25|  25|  45|  20|  32|  23|  16|  27|  25|  16|  28|  22|  16|  34|  30|
 10|  23|  53|  42|  22|  38|  59|  42|  35|  34|  23|  37|  22|  28|  19|  10|  17|  28|  30|  19|  15|  51|  51|  14|  20|
 11|  25|  31| 546|2203|2295|1174|  43|  45|  30|  75|  37|  22|  13|  16|  30|  29|  14|  31|  17|  20|  18|  14|  9 |  17|
 12|  17|  19|  27|  33|  21|  46|  29|  47|  37|  23|  24|  20|  22|  31|  16|  22|  24|  26|  24|  16|  13|  26|  24|  26|
 13|  29|  20|  32|  44|  31|  39|  26|  43|  26|  32|  43|  40|  22|  24|  26|  46|  26|  15|  15|  32|  24|  26|  17|  16|
 14|  26|  29|  30|  45|  21|  20|  39|  45|  28|  30|  15|  24|  19|  28|  27|  36|  14|  29|  25|  21|  21|  18|  16|  15|
 15|  27|  35|  27|  21|  26|  26|  24|  34|  37|  46|  41|  23|  49|  26|  18|  17|  17|  17|  14|  21|  22|  20|  26|  17|
 16|  25|  28|  18|  21|  18|  28|  30|  21|  18|  33|  28|  18|  21|  17|  26|  20|  23|  21|  16|  27|  17|  18|  25|  8 |
 17|  24|  22|  14|  41|  25|  26|  39|  21|  42|  20|  29|  17|  21|  30|  17|  23|  19|  29|  11|  14|  23|  21|  16|  30|
 18|  29|  19|  33|  28|  24|  37|  66|  26|  51|  36|  27|  21|  26|  23|  24|  21|  31|  17|  11|  21|  22|  23|  20|  24|
 19|  34|  29|  17|  19|  38|  43|  63|  26|  30|  27|  20|  17|  22|  23|  8 |  0 |  0 |  0 |  0 |  0 |  0 |  0 |  0 |  0 |
 20|??? |??? |??? |??? |??? |??? |??? |??? |??? |??? |??? |??? |??? |??? |??? |??? |??? |??? |??? |??? |??? |??? |??? |??? |
 21|??? |??? |??? |??? |??? |??? |??? |??? |??? |??? |??? |??? |??? |??? |??? |??? |??? |??? |??? |??? |??? |??? |??? |??? |
 22|??? |??? |??? |??? |??? |??? |??? |??? |??? |??? |??? |??? |??? |??? |??? |??? |??? |??? |??? |??? |??? |??? |??? |??? |
 23|??? |??? |??? |??? |??? |??? |??? |??? |??? |??? |??? |??? |??? |??? |??? |??? |??? |??? |??? |??? |??? |??? |??? |??? |
 24|??? |??? |??? |??? |??? |??? |??? |??? |??? |??? |??? |??? |??? |??? |??? |??? |??? |??? |??? |??? |??? |??? |??? |??? |
 25|??? |??? |??? |??? |??? |??? |??? |??? |??? |??? |??? |??? |??? |??? |??? |??? |??? |??? |??? |??? |??? |??? |??? |??? |
 26|  0 |  0 |  0 |  0 |  0 |  0 |  0 |  0 |  0 |  1 |  12|  29|  25|  22|  19|  22|  22|  25|  24|  16|  27|  11|  15|  30|
 27|  20|  28|  22|  30|  24|  31|  21|  50|  29|  17|  17|  17|  22|  21|  18|  25|  18|  14|  17|  14|  10|  26|  8 |  20|
 28|  23|  27|  22|  29|  39|  31|  25|  34|  22|  23|  26|  27|  18|  21|  26|  24|  28|  34|  14|  17|  14|  18|  9 |  19|
 29|  32|  29|  24|  31|  26|  22|  27|  38|  29|  28|  32|  20|  24|  33|  31|  20|  22|  21|  12|  20|  26|  34|  8 |  17|
 30|  21|  45|  34|  14|  21|  22|  24|  29|  36|  20|  20|  32|  21|  18|  21|  23|  18|  16|  26|  9 |  10|  17|  13|  22|
 31|??? |??? |??? |??? |??? |??? |??? |??? |??? |??? |??? |??? |??? |??? |??? |??? |??? |??? |??? |??? |??? |??? |??? |??? |
[Observer]Lockyer_Observatory
[Country]United Kingdom 
[City]Sidmouth
[Longitude]003°1307
[Latitude]050°4116
[Frequencies]
[Antenna]Quad Yagi
[Azimut Antenna]135
[Elevation Antenna]0
[Pre-Amplifier]None
[Receiver]ICOM IC-706 MKIIG
[Observing Method]HROFFT20dB Length Datas
[Remarks]winxp
