jan| 00h| 01h| 02h| 03h| 04h| 05h| 06h| 07h| 08h| 09h| 10h| 11h| 12h| 13h| 14h| 15h| 16h| 17h| 18h| 19h| 20h| 21h| 22h| 23h|
 01|  22|  21|  34|  25|  25|  27|  30|  28|  26|  26|  27|  22|  32|  13|  22|  19|  13|  13|  18|  23|  22|  24|  16|  16|
 02|  13|  20|  32|  36|  41|  46|  28|  37|  34|  30|  31|  28|  30|  22|  29|  22|  28|  25|  19|  28|  23|  22|  15|  23|
 03|  24|  48|  36|  64|  66|  62|  67|  43|  51|  87|  70|  97|  68|  89|  71|  77|  73|  46|  41|  35|  27|  29|  50|  37|
 04|  45|  50|  61|  51|  57|  47|  39|  19|  18|  20|  26|  14|  17|  16|  11|  8 |  3 |  9 |  10|  10|  10|  10|  10|  7 |
 05|  11|  16|  25|  30|  22|  35|  19|  11|  24|  26|  17|  15|  22|  15|  23|  11|  13|  7 |  17|  13|  15|  15|  6 |  10|
 06|  16|  7 |  25|  26|  18|  22|  16|  20|  8 |  14|  16|  16|  21|  19|  12|  15|  10|  9 |  8 |  13|  9 |  9 |  9 |  10|
 07|  12|  19|  17|  30|  21|  21|  20|  24|  17|  15|  21|  23|  25|  12|  22|  16|  10|  11|  9 |  9 |  16|  18|  12|  15|
 08|  9 |  19|  17|  20|  25|  20|  16|  11|  18|  14|  15|  18|  14|  25|  18|  12|  16|  8 |  13|  10|  6 |  13|  10|  9 |
 09|  14|  14|  17|  21|  20|  16|  14|  15|  23|  8 |  14|  22|  18|  7 |  20|  7 |  14|  12|  13|  12|  18|  18|  11|  14|
 10|  14|  15|  21|  19|  20|  20|  18|  15|  18|  16|  16|  7 |  14|  17|  16|  12|  5 |  12|  11|  17|  13|  13|  19|  16|
 11|  18|  28|  25|  1 |  0 |  0 |  0 |  0 |  0 |  0 |  0 |  0 |  0 |  0 |  0 |  0 |  3 |  13|  15|  17|  11|  6 |  4 |  6 |
 12|  7 |  20|  3 |  0 |  0 |  0 |  0 |  0 |  0 |  0 |  0 |  0 |  0 |  0 |  22|  12|  4 |  15|  16|  14|  21|  21|  24|  16|
 13|  25|  29|  42|  37|  27|  22|  15|  9 |  10|  3 |  0 |  0 |  0 |  0 |  0 |  0 |  0 |  0 |  0 |  0 |  1 |  0 |  0 |  0 |
 14|  0 |  0 |  1 |  0 |  0 |  0 |  0 |  0 |  0 |  0 |  0 |  0 |  0 |  0 |  0 |  0 |  0 |  0 |  0 |  2 |  0 |  6 |  0 |  1 |
 15|  0 |  0 |  1 |  5 |  8 |  6 |  13|  10|  26|  25|  20|  24|  6 |  4 |  0 |  0 |  0 |  0 |  0 |  0 |  6 |  13|  17|  18|
 16|  28|  29|  37|  27|  15|  9 |  0 |  1 |  0 |  0 |  0 |  0 |  0 |  0 |  0 |  0 |  0 |  0 |  0 |  1 |  0 |  0 |  0 |  0 |
 17|  0 |  1 |  1 |  0 |  1 |  3 |  2 |  1 |  0 |  0 |  1 |  0 |  3 |  6 |  2 |  12|  19|  11|  18|  2 |  20|  11|  1 |  5 |
 18|  10|  10|  17|  30|  26|  9 |  3 |  5 |  7 |  7 |  38|  8 |  6 |  0 |  7 |  14|  13|  13|  13|  12|  16|  14|  8 |  10|
 19|  22|  12|  31|  29|  23|  19|  26|  19|  18|  24|  13|  19|  11|  17|  10|  15|  15|  8 |  16|  20|  20|  21|  11|  13|
 20|  24|  20|  26|  26|  31|  28|  21|  20|  25|  22|  38|  24|  28|  14|  15|  22|  11|  13|  16|  15|  12|  15|  13|  6 |
 21|  14|  18|  18|  27|  25|  28|  24|  30|  16|  19|  26|  26|  27|  17|  17|  10|  11|  15|  13|  16|  21|  9 |  20|  16|
 22|  16|  22|  25|  20|  18|  23|  14|  15|  16|  32|  17|  21|  18|  20|  15|  12|  9 |  13|  15|  19|  21|  12|  14|  11|
 23|  12|  23|  24|  23|  28|  15|  17|  24|  26|  11|  19|  23|  20|  26|  15|  8 |  12|  15|  19|  13|  14|  10|  13|  13|
 24|  12|  14|  20|  31|  17|  26|  16|  11|  20|  25|  21|  19|  21|  20|  12|  8 |  10|  4 |  6 |  13|  18|  12|  15|  11|
 25|  15|  17|  20|  22|  26|  33|  17|  23|  19|  70|  29| 120|  77|  59|  8 |  18|  9 |  9 |  11|  8 |  7 |  10|  4 |  18|
 26|  10|  18|  18|  23|  27|  11|  19|  25|  13|  13|  10|  9 |  15|  11|  0 |  9 |  8 |  11|  9 |  9 |  9 |  8 |  9 |  10|
 27|  9 |  24|  18|  16|  19|  8 |  17|  8 |  14|  18|  18|  7 |  14|  17|  10|  5 |  5 |  8 |  10|  15|  11|  16|  11|  10|
 28|  13|  11|  22|  18|  19|  22|  17|  13|  8 |  12|  17|  10|  7 |  8 |  8 |  5 |  6 |  10|  14|  9 |  12|  11|  17|  8 |
 29|  11|  12|  14|  20|  12|  13|  14|  16|  9 |  15|  16|  11|  19|  5 |  6 |  9 |  8 |  6 |  11|  6 |  12|  4 |  11|  11|
 30|  10|  16|  16|  15|  24|  8 |  15|  11|  14|  16|  11|  18|  17|  14|  12|  8 |  6 |  13|  10|  7 |  14|  14|  7 |  9 |
 31|  14|  8 |  9 |  19|  19|  22|  13|  16|  18|  15|  12|  22|  20|  14|  13|  14|  12|  11|  9 |  12|  13|  4 |  7 |  7 |
[Observer]Lockyer_Observatory
[Country]United Kingdom 
[City]Sidmouth
[Longitude]003°1307
[Latitude]050°4116
[Frequencies]
[Antenna]Quad Yagi
[Azimut Antenna]135
[Elevation Antenna]0
[Pre-Amplifier]None
[Receiver]ICOM IC-706 MKIIG
[Observing Method]HROFFT20dB Count Datas
[Remarks]winxp
