jun| 00h| 01h| 02h| 03h| 04h| 05h| 06h| 07h| 08h| 09h| 10h| 11h| 12h| 13h| 14h| 15h| 16h| 17h| 18h| 19h| 20h| 21h| 22h| 23h|
 01|  2 |  2 |  2 |  4 |  7 |  17|  1 |  2 |  4 |  2 |  2 |  2 |  4 |  5 |  4 |  8 |  6 |  2 |  3 |  1 |  1 |  4 |  0 |  3 |
 02|  4 |  1 |  3 |  5 |  5 |  6 |  5 |  4 |  2 |  7 |  4 |  2 |  10|  5 |  1 |  7 |  1 |  3 |  1 |  1 |  2 |  3 |  17|  1 |
 03|  4 |  1 |  1 |  7 |  5 |  12|  10|  3 |  5 |  3 |  9 |  5 |  6 |  6 |  2 |  4 |  4 |  6 |  3 |  0 |  3 |  1 |  0 |  2 |
 04|  4 |  2 |  7 |  5 |  9 |  11|  11|  6 |  2 |  7 |  9 |  6 |  3 |  7 |  5 |  5 |  4 |  5 |  1 |  1 |  0 |  3 |  4 |  1 |
 05|  4 |  4 |  4 |  4 |  11|  12|  10|  5 |  5 |  6 |  6 |  5 |  5 |  11|  14|  6 |  7 |  3 |  6 |  1 |  2 |  3 |  3 |  3 |
 06|  4 |  5 |  1 |  4 |  10|  15|  5 |  3 |  3 |  9 |  4 |  10|  7 |  12|  10|  7 |  4 |  6 |  2 |  2 |  2 |  3 |  3 |  1 |
 07|  1 |  4 |  2 |  5 |  5 |  7 |  11|  9 |  6 |  4 |  7 |  5 |  13|  4 |  11|  6 |  5 |  1 |  3 |  1 |  4 |  3 |  1 |  5 |
 08|  4 |  6 |  1 |  4 |  9 |  9 |  12|  9 |  3 |  3 |  7 |  9 |  9 |  9 |  12|  8 |  3 |  2 |  0 |  1 |  2 |  1 |  4 |  3 |
 09|  2 |  3 |  5 |  11|  16|  20|  10|  5 |  14|  8 |  6 |  9 |  14|  6 |  11|  8 |  3 |  4 |  1 |  2 |  3 |  5 |  3 |  1 |
 10|  4 |  3 |  6 |  5 |  12|  17|  12|  5 |  0 |  8 |  6 |  5 |  9 |  8 |  2 |  5 |  7 |  4 |  4 |  0 |  1 |  3 |  2 |  0 |
 11|  3 |  2 |  4 |  4 |  8 |  9 |  11|  2 |  0 |  0 |  6 |  7 |  8 |  13|  7 |  6 |  9 |  2 |  10|  4 |  1 |  6 |  3 |  5 |
 12|  2 |  2 |  3 |  9 |  7 |  9 |  11|  7 |  7 |  5 |  8 |  7 |  6 |  6 |  8 |  9 |  6 |  4 |  4 |  2 |  2 |  3 |  4 |  3 |
 13|  6 |  3 |  5 |  12|  13|  17|  14|  6 |  4 |  8 |  5 |  10|  13|  10|  9 |  5 |  3 |  1 |  1 |  4 |  3 |  2 |  3 |  5 |
 14|  0 |  3 |  4 |  13|  16|  12|  16|  8 |  3 |  10|  9 |  7 |  7 |  11|  3 |  6 |  6 |  6 |  0 |  3 |  2 |  4 |  4 |  1 |
 15|  5 |  2 |  9 |  16|  8 |  16|  13|  8 |  4 |  4 |  2 |  10|  8 |  5 |  8 |  6 |  5 |  2 |  3 |  2 |  3 |  2 |  1 |  4 |
 16|  3 |  10|  5 |  6 |  12|  9 |  7 |  17|  1 |  4 |  3 |  1 |  5 |  9 |  9 |  8 |  3 |  1 |  5 |  1 |  4 |  1 |  1 |  3 |
 17|  1 |  1 |  3 |  14|  8 |  12|  9 |  6 |  7 |  2 |  5 |  9 |  10|  13|  5 |  8 |  4 |  1 |  3 |  1 |  0 |  2 |  2 |  2 |
 18|  4 |  3 |  4 |  11|  14|  14|  7 |  5 |  1 |  4 |  6 |  6 |  3 |  4 |  7 |  5 |  7 |  3 |  1 |  2 |  1 |  2 |  0 |  0 |
 19|  4 |  7 |  6 |  7 |  6 |  4 |  12|  3 |  4 |  2 |  2 |  5 |  3 |  5 |  8 |  3 |  4 |  3 |  4 |  4 |  1 |  2 |  2 |  4 |
 20|  4 |  4 |  5 |  4 |  4 |  9 |  8 |  4 |  4 |  3 |  2 |  5 |  6 |  9 |  6 |  7 |  7 |  3 |  5 |  4 |  4 |  2 |  2 |  4 |
 21|  4 |  1 |  5 |  8 |  10|  6 |  6 |  3 |  3 |  4 |  4 |  5 |  5 |  9 |  3 |  5 |  3 |  2 |  0 |  0 |  4 |  3 |  3 |  5 |
 22|  2 |  6 |  3 |  6 |  12|  7 |  6 |  7 |  2 |  2 |  7 |  5 |  5 |  3 |  1 |  5 |  7 |  4 |  1 |  1 |  2 |  5 |  4 |  1 |
 23|  3 |  4 |  7 |  4 |  11|  16|  7 |  9 |  3 |  3 |  8 |  7 |  5 |  6 |  4 |  8 |  3 |  7 |  2 |  2 |  1 |  2 |  6 |  5 |
 24|  4 |  1 |  5 |  5 |  22|  14|  15|  0 |  6 |  3 |  4 |  6 |  10|  4 |  9 |  7 |  9 |  3 |  1 |  2 |  2 |  4 |  5 |  4 |
 25|  6 |  3 |  2 |  5 |  8 |  4 |  11|  7 |  6 |  3 |  1 |  5 |  7 |  6 |  3 |  12|  3 |  2 |  3 |  2 |  5 |  4 |  5 |  2 |
 26|  14|  6 |  8 |  5 |  9 |  8 |  6 |  10|  6 |  6 |  1 |  6 |  8 |  6 |  13|  8 |  5 |  5 |  4 |  3 |  1 |  1 |  3 |  3 |
 27|  3 |  9 |  6 |  7 |  9 |  9 |  14|  2 |  4 |  6 |  5 |  10|  8 |  6 |  7 |  6 |  1 |  4 |  1 |  1 |  3 |  2 |  3 |  3 |
 28|  5 |  4 |  4 |  12|  8 |  9 |  9 |  7 |  5 |  4 |  3 |  4 |  8 |  7 |  11|  4 |  2 |  4 |  6 |  1 |  4 |  1 |  7 |  3 |
 29|  2 |  6 |  5 |  2 |  14|  5 |  7 |  7 |  3 |  2 |  7 |  3 |  4 |  10|  7 |  3 |  9 |  6 |  2 |  2 |  5 |  2 |  4 |  5 |
 30|  5 |  5 |  3 |  5 |  6 |  9 |  15|  8 |  3 |  7 |  6 |  5 |  6 |  6 |  7 |  7 |  4 |  3 |  2 |  5 |  4 |  1 |  1 |  2 |
 31|??? |??? |??? |??? |??? |??? |??? |??? |??? |??? |??? |??? |??? |??? |??? |??? |??? |??? |??? |??? |??? |??? |??? |??? |
[Observer]Lockyer_Observatory
[Country]United Kingdom 
[City]Sidmouth
[Longitude]003°1307
[Latitude]050°4116
[Frequencies]
[Antenna]Quad Yagi
[Azimut Antenna]135
[Elevation Antenna]0
[Pre-Amplifier]None
[Receiver]ICOM IC-706 MKIIG
[Observing Method]HROFFT30dB Count Datas
[Remarks]winxp
