oct| 00h| 01h| 02h| 03h| 04h| 05h| 06h| 07h| 08h| 09h| 10h| 11h| 12h| 13h| 14h| 15h| 16h| 17h| 18h| 19h| 20h| 21h| 22h| 23h|
 01|  9 |  5 |  8 |  8 |  5 |  7 |  6 |  12|  4 |  33|  9 |  8 |  11|  5 |  9 |  5 |  2 |  2 |  3 |  3 |  3 |  3 |  5 |  6 |
 02|  17|  4 |  8 |  3 |  2 |  8 |  15|  12|  8 |  11|  12|  13|  9 |  10|  5 |  12|  5 |  5 |  4 |  3 |  7 |  2 |  12|  4 |
 03|  6 |  4 |  6 |  8 |  4 |  10|  5 |  5 |  14|  8 |  32|  9 |  15|  6 |  1 |  22|  4 |  4 |  7 |  4 |  3 |  7 |  3 |  2 |
 04|  5 |  4 |  6 |  4 |  4 |  3 |  4 |  2 |  8 |  5 |  17|  7 |  11|  3 |  6 |  7 |  1 |  5 |  2 |  3 |  3 |  4 |  3 |  0 |
 05|  5 |  3 |  7 |  17|  6 |  13|  22|  29|  14|  16|  13|  9 |  6 |  6 |  7 |  14|  10|  9 |  10|  9 |  4 |  4 |  3 |  11|
 06|  8 |  13|  13|  8 |  8 |  14|  9 |  12|  5 |  9 |  11|  9 |  14|  12|  86|  9 |  5 |  11|  5 |  4 |  9 |  8 |  2 |  5 |
 07|  6 |  5 |  4 |  7 |  4 |  9 |  10|  15|  8 |  8 |  7 |  12|  8 |  14|  8 |  5 |  7 |  6 |  6 |  13|  8 |  4 |  13|  3 |
 08|  11|  7 |  20|  10|  11|  6 |  14|  11|  9 |  4 |  20|  12|  8 |  9 |  14|  12|  8 |  6 |  13|  7 |  7 |  7 |  8 |  11|
 09|  5 |  11|  7 |  9 |  6 |  7 |  12|  3 |  6 |  12|  12|  4 |  8 |  7 |  16|  6 |  11|  6 |  7 |  7 |  5 |  4 |  5 |  8 |
 10|  4 |  12|  7 |  5 |  8 |  7 |  4 |  7 |  4 |  19|  5 |  3 |  4 |  7 |  5 |  13|  4 |  7 |  5 |  7 |  5 |  6 |  7 |  4 |
 11|  14|  11|  7 |  5 |  13|  8 |  7 |  35|  11|  6 |  20|  9 |  2 |  7 |  3 |  10|  7 |  5 |  5 |  10|  7 |  4 |  5 |  6 |
 12|  3 |  6 |  8 |  8 |  7 |  8 |  16|  8 |  5 |  2 |  4 |  5 |  7 |  6 |  13|  6 |  10|  17|  5 |  9 |  4 |  5 |  5 |  7 |
 13|  10|  7 |  14|  13|  13|  8 |  9 |  8 |  2 |  6 |  6 |  13|  12|  11|  18|  5 |  2 |  12|  9 |  11|  5 |  7 |  9 |  2 |
 14|  11|  9 |  7 |  6 |  9 |  4 |  16|  9 |  9 |  14|  5 |  10|  15|  6 |  10|  5 |  6 |  9 |  2 |  6 |  9 |  9 |  3 |  1 |
 15|  3 |  4 |  6 |  5 |  21|  31|  13|  5 |  1 |  6 |  15|  15|  8 |  11|  5 |  7 |  7 |  3 |  6 |  9 |  12|  9 |  4 |  7 |
 16|  12|  8 |  5 |  5 |  7 |  19|  12|  9 |  7 |  4 |  10|  8 |  8 |  6 |  4 |  8 |  4 |  6 |  8 |  3 |  8 |  3 |  6 |  4 |
 17|  14|  5 |  4 |  7 |  6 |  7 |  12|  6 |  11|  12|  16|  7 |  8 |  8 |  7 |  4 |  2 |  7 |  10|  7 |  7 |  5 |  5 |  6 |
 18|  7 |  5 |  9 |  11|  4 |  13|  3 |  6 |  5 |  5 |  8 |  9 |  20|  8 |  4 |  6 |  5 |  5 |  1 |  5 |  5 |  3 |  1 |  11|
 19|  2 |  3 |  7 |  7 |  7 |  9 |  7 |  5 |  12|  10|  7 |  10|  5 |  4 |  2 |  6 |  13|  2 |  7 |  10|  10|  6 |  5 |  4 |
 20|  17|  16|  9 |  12|  12|  7 |  13|  12|  13|  12|  4 |  5 |  0 |  7 |  5 |  2 |  5 |  6 |  18|  9 |  8 |  2 |  12|  9 |
 21|  2 |  12|  9 |  10|  7 |  7 |  12|  13|  10|  0 |  19|  14|  1 |  0 |  0 |  2 |  4 |  4 |  7 |  11|  12|  6 |  0 |  5 |
 22|  7 |  4 |  4 |  11|  14|  14|  9 |  5 |  16|  14|  5 |  5 |  3 |  7 |  6 |  5 |  10|  8 |  8 |  6 |  7 |  3 |  8 |  2 |
 23|  20|  10|  7 |  4 |  12|  3 |  3 |  10|  13|  3 |  17|  8 |  7 |  4 |  10|  10|  16|  5 |  4 |  2 |  8 |  4 |  1 |  2 |
 24|  5 |  5 |  3 |  4 |  7 |  30|  8 |  13|  7 |  7 |  7 |  8 |  6 |  3 |  5 |  5 |  3 |  7 |  8 |  6 |  8 |  2 |  2 |  2 |
 25|  5 |  6 |  5 |  7 |  6 |  8 |  7 |  11|  18|  5 |  4 |  6 |  3 |  10|  10|  11|  9 |  8 |  17|  5 |  7 |  2 |  4 |  5 |
 26|  7 |  6 |  4 |  10|  10|  12|  9 |  8 |  14| 126|  7 |  2 |  7 |  8 |  10|  6 |  10|  8 |  3 |  8 |  7 |  4 |  2 |  7 |
 27|  6 |  7 |  7 |  9 |  13|  9 |  21|  6 |  10|  7 |  6 |  5 |  7 |  4 |  4 |  15|  4 |  9 |  5 |  6 |  6 |  9 |  1 |  5 |
 28|  2 |  7 |  6 |  6 |  6 |  38|  11| 351| 191|1572|1816|  98|  2 |  4 |  5 |  6 |  0 |  3 |  11|  8 |  7 |  5 |  6 |  1 |
 29|  3 |  13|  7 |  7 |  4 |  4 |  5 |  9 |  5 |  11|  6 |  3 |  4 |  5 |  15|  5 |  8 |  6 |  5 |  39| 299|  3 |  4 |  6 |
 30| 189| 306| 112|  17|  18|  7 |  11|  15|  4 |  15|  6 |  3 |  4 |  6 |  6 |  6 |  2 |  4 |  7 |  10|  9 |  4 |  5 |  7 |
 31|  5 |  8 |  6 |  8 |  7 |  5 |  9 |  5 |  7 |  5 |  7 |  14|  8 |  8 |  2 |  7 |  0 |  5 |  7 |  2 |  4 |  4 |  1 |  4 |
[Observer]Lockyer_Observatory
[Country]United Kingdom 
[City]Sidmouth
[Longitude]003°1307
[Latitude]050°4116
[Frequencies]
[Antenna]Quad Yagi
[Azimut Antenna]135
[Elevation Antenna]0
[Pre-Amplifier]None
[Receiver]ICOM IC-706 MKIIG
[Observing Method]HROFFT30dB Length Datas
[Remarks]winxp
