aug| 00h| 01h| 02h| 03h| 04h| 05h| 06h| 07h| 08h| 09h| 10h| 11h| 12h| 13h| 14h| 15h| 16h| 17h| 18h| 19h| 20h| 21h| 22h| 23h|
 01| 120| 109| 177| 138| 186| 148| 210| 155| 166| 104|  84|  80| 117| 101|  88| 120| 128| 103|  93| 225|  87| 112|  80| 113|
 02| 165| 132| 174| 164| 157| 211| 148| 141| 135| 103|  97| 108| 125|  91|  99|  83|  80| 113|  65| 108|  66| 110|  73| 118|
 03|  99| 151| 124| 137| 205| 185| 161| 148| 163| 109|  91|  98| 114|  93|  88| 160|  69| 112|  71|  69| 104|  56|  68|  88|
 04| 127| 149| 200| 174| 192| 274| 196| 150| 152| 144| 110| 105| 125|  89| 122| 101|  54|  0 |  0 |  0 |  0 |  0 |  0 |  0 |
 05|??? |??? |??? |??? |??? |??? |??? |??? |??? |??? |??? |??? |??? |??? |??? |??? |??? |??? |??? |??? |??? |??? |??? |??? |
 06|  0 |  0 |  0 |  0 |  0 |  0 |  0 |  0 |  0 | 120|  81| 128| 131|  85| 154|  71|  75|  82|  55|  71|  82| 106|  95|  96|
 07|  97| 133| 166| 157| 271| 237| 219| 258| 232| 206| 104|  93| 141| 117| 102|  89|  83|  73|  68|  51|  74|  62|  86|  56|
 08|  66| 127| 115| 141| 160| 185| 213| 337| 377| 264| 212| 215| 172| 164| 154| 162| 160| 177| 130| 231| 195| 133| 111| 208|
 09| 150| 202| 266| 202| 313| 362| 486| 399| 264| 309| 308| 301| 229| 138| 122| 174| 155| 167| 242| 302| 229| 149| 112| 136|
 10| 109| 269| 183| 286| 408| 674| 856| 779| 953| 749| 992| 918| 614| 401| 397| 360| 428| 935| 760| 943| 735| 470| 317| 313|
 11| 425| 294| 552| 686| 939|1173|1744|1038| 699| 470| 400| 539| 498| 378| 374| 355| 358| 337| 347| 452| 316| 244| 208| 356|
 12| 328| 353| 437| 442| 732| 786| 807| 897| 820| 619| 655| 654| 468| 505| 457| 444| 344| 352| 352| 664| 500| 348| 191| 444|
 13| 319| 353| 574| 490| 782| 897| 889| 630| 633| 329| 527| 325| 452| 291| 261| 360| 263| 309| 246| 280| 264| 191| 121| 434|
 14| 232| 302| 276| 329| 449| 587| 608| 498| 558| 498| 451| 460| 344| 280| 232| 214| 260| 209| 228| 312| 277| 234| 163| 269|
 15| 245| 218| 200| 269| 483| 594| 570| 300| 475| 328| 217| 249| 348| 286| 303| 322| 255| 233| 241| 365| 281| 220| 149| 170|
 16| 205| 171| 207| 262| 324| 605| 509| 143| 401| 805| 809| 434| 411| 312| 316| 334| 243| 236| 363| 519| 468| 252| 325| 233|
 17| 253| 232| 250| 438| 427| 465| 587| 671| 600| 662| 552| 608| 479| 402| 508| 618| 319| 356| 229| 425| 367| 194| 154| 172|
 18| 246| 223| 256| 224| 294| 491| 548| 445| 497| 418| 439| 380| 397| 305| 299| 319| 281| 233| 261| 391| 206| 201| 219| 158|
 19| 204| 207| 180| 289| 430| 434| 585| 377| 581| 331| 360| 282| 443| 261| 275| 362| 296| 305| 281| 310| 307| 225| 201| 184|
 20| 186| 182| 192| 339| 435| 505| 709| 272| 179| 171| 194| 336| 303| 278| 285| 240| 361| 266| 322| 447| 344| 279| 307| 190|
 21| 234| 215| 244| 297| 361| 717| 738| 525| 712| 496| 591| 494| 559| 347| 454| 488| 370| 359| 396| 409| 431| 336| 246| 154|
 22| 204| 178| 210| 349| 315| 416| 661| 522| 476| 780| 670| 378| 219| 378| 297| 315| 288| 237| 298| 279| 332| 315| 305| 163|
 23| 206| 206| 213| 255| 295| 405| 745| 390| 388| 345| 296| 410| 225| 241| 311| 237| 263| 208| 298| 276| 384| 154| 213| 140|
 24| 174| 202| 296| 397| 404| 616| 785| 905| 474| 383| 431| 329| 291| 454| 270| 246| 355| 273| 242| 391| 263| 195| 151| 202|
 25| 179| 172| 225| 353| 318| 581| 549| 598| 621| 693| 679| 510| 494| 466| 566| 411| 495| 429| 448| 667| 417| 223| 142| 166|
 26| 124|  0 |  0 |  0 |  0 |  0 |  0 | 141| 498| 453| 406| 488| 480| 443| 336| 360| 260| 437| 393| 642| 500| 386| 141| 214|
 27| 182| 218| 244| 181| 274| 397| 555| 443| 583| 105|  0 |  0 |  0 |  0 |  0 |  0 |  0 |  0 |  0 |  0 |  0 |  0 |  0 |  0 |
 28|??? |??? |??? |??? |??? |??? |??? |??? |??? |??? |??? |??? |??? |??? |??? |??? |??? |??? |??? |??? |??? |??? |??? |??? |
 29|  0 |  0 |  0 |  0 |  0 |  0 |  0 |  0 |  0 |  0 |  0 | 240| 460| 387| 369| 313| 332| 356| 312| 393| 349| 199| 142| 179|
 30| 137| 171| 122| 169| 286| 306| 560| 455| 449| 474| 278| 399| 277| 316| 169| 215| 267| 196| 204| 291| 264| 233| 164| 168|
 31| 146| 172| 147| 218|1264|2555|1207| 735| 488| 257| 392| 402| 364| 373| 278| 282| 205| 238| 194| 432| 308| 266| 203| 134|
[Observer]Lockyer_Observatory
[Country]United Kingdom 
[City]Sidmouth
[Longitude]003°1307
[Latitude]050°4116
[Frequencies]
[Antenna]Quad Yagi
[Azimut Antenna]135
[Elevation Antenna]0
[Pre-Amplifier]None
[Receiver]ICOM IC-706 MKIIG
[Observing Method]HROFFT10dB Length Datas
[Remarks]winxp
