dec| 00h| 01h| 02h| 03h| 04h| 05h| 06h| 07h| 08h| 09h| 10h| 11h| 12h| 13h| 14h| 15h| 16h| 17h| 18h| 19h| 20h| 21h| 22h| 23h|
 01|  3 |  7 |  7 |  17|  4 |  8 |  3 |  5 |  4 |  0 |  0 |  0 |  0 |  0 |  2 |  4 |  2 |  3 |  4 |  1 |  1 |  2 |  2 |  3 |
 02|  5 |  1 |  10|  10|  2 |  0 |  6 |  5 |  8 |  1 |  4 |  2 |  7 |  2 |  4 |  2 |  2 |  3 |  1 |  3 |  2 |  5 |  4 |  4 |
 03|  1 |  6 |  5 |  6 |  5 |  8 |  6 |  10|  7 |  5 |  4 |  5 |  6 |  4 |  1 |  2 |  2 |  1 |  3 |  5 |  2 |  5 |  4 |  2 |
 04|  0 |  0 |  10|  9 |  13|  3 |  6 |  4 |  13|  7 |  8 |  10|  6 |  8 |  2 |  5 |  6 |  5 |  6 |  7 |  2 |  6 |  4 |  2 |
 05|  5 |  5 |  8 |  5 |  8 |  7 |  9 |  8 |  8 |  5 |  9 |  3 |  3 |  5 |  12|  6 |  2 |  2 |  3 |  6 |  8 |  4 |  1 |  5 |
 06|  3 |  5 |  3 |  9 |  11|  4 |  6 |  13|  7 |  4 |  1 |  6 |  5 |  8 |  3 |  2 |  3 |  4 |  2 |  2 |  4 |  4 |  1 |  2 |
 07|  3 |  5 |  6 |  3 |  5 |  3 |  4 |  5 |  6 |  7 |  8 |  2 |  2 |  3 |  4 |  2 |  2 |  2 |  2 |  2 |  5 |  4 |  0 |  5 |
 08|  1 |  4 |  4 |  4 |  5 |  4 |  10|  6 |  4 |  5 |  2 |  2 |  8 |  3 |  2 |  3 |  2 |  2 |  3 |  5 |  5 |  4 |  2 |  1 |
 09|  4 |  11|  3 |  4 |  5 |  4 |  2 |  4 |  6 |  3 |  6 |  3 |  3 |  3 |  3 |  1 |  3 |  3 |  3 |  3 |  5 |  5 |  3 |  5 |
 10|  4 |  1 |  3 |  4 |  4 |  2 |  8 |  3 |  2 |  5 |  1 |  0 |  1 |  2 |  1 |  1 |  1 |  3 |  1 |  2 |  6 |  3 |  9 |  3 |
 11|  1 |  2 |  1 |  4 |  4 |  5 |  5 |  5 |  5 |  5 |  4 |  0 |  3 |  0 |  3 |  2 |  4 |  2 |  3 |  4 |  0 |  6 |  9 |  4 |
 12|  2 |  4 |  4 |  4 |  2 |  7 |  5 |  6 |  2 |  9 |  2 |  1 |  0 |  2 |  3 |  2 |  2 |  5 |  3 |  1 |  14|  20|  11|  10|
 13|  4 |  2 |  4 |  7 |  10|  16|  17|  13|  13|  6 |  2 |  1 |  2 |  1 |  1 |  5 |  2 |  4 |  7 |  13|  26|  37|  22|  6 |
 14|  3 |  3 |  11|  21|  43|  43|  32|  36|  21|  13|  7 |  6 |  3 |  1 |  3 |  1 |  3 |  3 |  11|  14|  22|  27|  26|  8 |
 15|  4 |  1 |  13|  11|  23|  15|  8 |  8 |  3 |  7 |  15|  3 |  3 |  5 |  5 |  5 |  2 |  0 |  2 |  4 |  8 |  8 |  2 |  1 |
 16|  5 |  3 |  8 |  7 |  5 |  4 |  3 |  10|  6 |  4 |  9 |  3 |  1 |  2 |  2 |  4 |  3 |  3 |  0 |  7 |  3 |  4 |  3 |  3 |
 17|  1 |  6 |  3 |  3 |  5 |  1 |  4 |  0 |  3 |  3 |  4 |  2 |  1 |  1 |  1 |  0 |  0 |  0 |  1 |  1 |  3 |  1 |  1 |  1 |
 18|  1 |  2 |  4 |  0 |  2 |  0 |  6 |  0 |  1 |  0 |  4 |  2 |  0 |  0 |  0 |  0 |  1 |  0 |  1 |  0 |  0 |  0 |  0 |  0 |
 19|  3 |  2 |  3 |  1 |  5 |  1 |  0 |  1 |  0 |  1 |  0 |  2 |  0 |  0 |  2 |  0 |  0 |  0 |  1 |  0 |  1 |  0 |  1 |  3 |
 20|  1 |  0 |  0 |  3 |  2 |  4 |  0 |  2 |  0 |  1 |  2 |  1 |  0 |  2 |  1 |  0 |  0 |  1 |  0 |  0 |  0 |  0 |  0 |  0 |
 21|  0 |  1 |  0 |  1 |  4 |  2 |  1 |  0 |  1 |  1 |  3 |  2 |  2 |  1 |  1 |  1 |  1 |  3 |  1 |  3 |  2 |  1 |  8 |  2 |
 22|  1 |  3 |  1 |  1 |  3 |  3 |  5 |  5 |  6 |  6 |  13|  5 |  1 |  6 |  1 |  3 |  1 |  7 |  3 |  3 |  3 |  2 |  2 |  7 |
 23|  7 |  9 |  3 |  2 |  3 |  7 |  9 |  3 |  1 |  6 |  4 |  5 |  2 |  2 |  3 |  2 |  1 |  1 |  3 |  5 |  1 |  1 |  3 |  2 |
 24|  1 |  1 |  0 |  3 |  2 |  4 |  2 |  7 |  2 |  2 |  2 |  6 |  1 |  4 |  3 |  0 |  2 |  2 |  1 |  3 |  1 |  1 |  1 |  6 |
 25|  2 |  4 |  4 |  3 |  1 |  1 |  1 |  4 |  5 |  5 |  2 |  6 |  2 |  1 |  1 |  2 |  1 |  3 |  2 |  3 |  1 |  0 |  3 |  2 |
 26|  5 |  2 |  2 |  3 |  5 |  3 |  4 |  4 |  4 |  7 |  3 |  2 |  5 |  2 |  5 |  3 |  6 |  4 |  3 |  0 |  1 |  4 |  0 |  4 |
 27|  1 |  3 |  3 |  2 |  3 |  2 |  2 |  5 |  9 |  6 |  2 |  2 |  3 |  5 |  0 |  3 |  1 |  2 |  2 |  0 |  7 |  0 |  1 |  1 |
 28|  6 |  1 |  2 |  1 |  4 |  1 |  4 |  6 |  6 |  7 |  3 |  3 |  3 |  6 |  1 |  1 |  2 |  1 |  4 |  2 |  3 |  2 |  2 |  4 |
 29|  6 |  6 |  10|  6 |  4 |  5 |  1 |  3 |  4 |  3 |  1 |  6 |  2 |  2 |  1 |  1 |  3 |  1 |  0 |  3 |  2 |  2 |  1 |  3 |
 30|  3 |  2 |  2 |  4 |  4 |  4 |  7 |  5 |  3 |  3 |  3 |  1 |  1 |  3 |  2 |  11|  4 |  1 |  2 |  1 |  5 |  4 |  3 |  1 |
 31|  5 |  2 |  5 |  3 |  6 |  7 |  4 |  3 |  3 |  1 |  7 |  6 |  5 |  3 |  1 |  2 |  3 |  2 |  1 |  0 |  4 |  3 |  1 |  3 |
[Observer]Lockyer_Observatory
[Country]United Kingdom 
[City]Sidmouth
[Longitude]003°1307
[Latitude]050°4116
[Frequencies]
[Antenna]Quad Yagi
[Azimut Antenna]135
[Elevation Antenna]0
[Pre-Amplifier]None
[Receiver]ICOM IC-706 MKIIG
[Observing Method]HROFFT30dB Count Datas
[Remarks]winxp
