apr| 00h| 01h| 02h| 03h| 04h| 05h| 06h| 07h| 08h| 09h| 10h| 11h| 12h| 13h| 14h| 15h| 16h| 17h| 18h| 19h| 20h| 21h| 22h| 23h|
 01|  0 |  0 |  0 |  0 |  0 |  0 |  0 |  0 |  0 |  0 |  0 |  0 |  0 |  9 |  26|  15|  14|  5 |  4 |  9 |  6 |  13|  7 |  10|
 02|  14|  13|  14|  6 |  13|  18|  19|  12|  13|  23|  13|  9 |  13|  13|  3 |  7 |  8 |  5 |  13|  5 |  7 |  6 |  13|  9 |
 03|  6 |  6 |  11|  15|  14|  18|  17|  7 |  11|  12|  17|  17|  13|  15|  8 |  16|  7 |  9 |  10|  15|  17|  11|  8 |  21|
 04|  19|  18|  14|  13|  12|  17|  13|  18|  13|  18|  32|  11|  13|  8 |  11|  5 |  13|  7 |  6 |  15|  1 |  10|  7 |  11|
 05|  20|  26|  18|  17|  19|  18|  21|  21|  9 |  11|  11|  59|  9 |  19|  10|  8 |  12|  16|  8 |  5 |  5 |  9 |  3 |  11|
 06|  12|  14|  18|  14|  23|  16|  10|  24|  29|  9 |  39|  13|  11|  12|  12|  6 |  10|  7 |  10|  8 |  11|  14|  18|  22|
 07|  18|  24|  24|  28|  21|  30|  19|  24|  16|  22|  11|  13|  19|  16|  17|  12|  8 |  18|  13|  9 |  9 |  14|  12|  15|
 08|  15|  26|  24|  23|  20|  37|  20|  22|  15|  13|  15|  33|  21|  11|  15|  8 |  11|  13|  67|  16|  3 |  15|  19|  20|
 09|  28|  31|  21|  23|  21|  25|  73|  18|  17|  18|  14|  10|  23|  12|  19|  14|  9 |  20|  7 |  7 |  12|  13|  17|  18|
 10|  21|  22|  30|  25|  18|  14|  32|  19|  20|  13|  30|  36|  25|  18|  18|  12|  15|  9 |  11|  11|  9 |  23|  22|  24|
 11|  29|  31|  17|  19|  25|  25|  29|  35|  22|  39|  21|  15|  20|  20|  17|  22|  13|  16|  13|  7 |  13|  16|  17|  18|
 12|  21|  22|  17|  19|  32|  29|  24|  48|  11|  18|  18|  13|  20|  16|  18|  8 |  13|  10|  9 |  9 |  13|  10|  15|  16|
 13|  22|  28|  20|  21|  26|  30|  24|  32|  25|  17|  21|  26|  15|  19|  14|  14|  10|  16|  7 |  11|  8 |  12|  11|  22|
 14|  18|  31|  12|  13|  22|  22|  21|  28|  27|  15|  16|  23|  20|  19|  15|  18|  8 |  13|  8 |  6 |  5 |  14|  16|  21|
 15|  23|  26|  18|  19|  17|  51|  28|  17|  25|  26|  12|  32|  23|  30|  15|  11|  11|  36|  7 |  3 |  16|  13|  14|  20|
 16|  24|  32|  19|  27|  22|  22|  36|  23|  36|  36|  27|  37|  35|  32|  23|  12|  10|  10|  18|  14|  20|  18|  19|  16|
 17|  21|  31|  31|  35|  13|  43|  35|  31|  32|  31|  33|  34|  33|  31|  39|  4 |  21|  11|  10|  33|  7 |  11|  26|  21|
 18|  17|  24|  35|  40|  20|  60|  24|  33|  24|  14|  36|  17|  24|  19|  21|  19|  9 |  9 |  9 |  13|  9 |  13|  18|  16|
 19|  18|  19|  12|  25|  24|  30|  35|  15|  25|  86|  21|  25|  18|  25|  15|  12|  7 |  17|  9 |  16|  14|  11|  26|  26|
 20|  22|  24|  24|  45|  31|  60|  27|  26|  13|  18|  28|  22|  21|  23|  11|  8 |  6 |  8 |  6 |  11|  10|  8 |  13|  16|
 21|  14|  22|  18|  22|  11|  19|  20|  27|  12|  25|  11|  22|  20|  12|  11|  8 |  8 |  9 |  6 |  6 |  9 |  15|  7 |  14|
 22|  16|  12|  27|  11|  37|  46|  24|  37|  38|  49|  41|  34|  8 |  9 |  12|  5 |  9 |  6 |  6 |  6 |  9 |  23|  19|  25|
 23|  34|  11|  16|  30|  24|  28|  30|  36|  19|  17|  20|  35|  15|  13|  16|  9 |  8 | 110|  11|  6 |  10|  17|  4 |  16|
 24|  11|  23|  15|  6 |  28|  16|  21|  18|  17|  17|  12|  16|  24|  12|  27|  14|  6 |  8 |  6 |  10|  11|  13|  8 |  5 |
 25|  10|  20|  9 |  16|  15|  16|  22|  12|  17|  25|  18|  15|  22|  15|  7 |  5 |  5 |  5 |  5 |  4 |  9 |  8 |  13|  12|
 26|  8 |  19|  16|  15|  11|  16|  14|  13|  19|  8 |  23|  4 |  16|  14|  11|  11|  12|  12|  4 |  13|  11|  10|  8 |  12|
 27|  18|  22|  17|  17|  11|  26|  13|  12|  28|  30|  22|  7 |  31|  16|  12|  20|  8 |  13|  3 |  6 |  7 |  9 |  7 |  4 |
 28|  13|  16|  16|  15|  15|  10|  21|  11|  11|  16|  16|  15|  18|  16|  10|  15|  1 |  7 |  6 |  12|  15|  10|  26|  8 |
 29|  22|  10|  8 |  15|  19|  18|  23|  12|  15|  9 |  23|  23|  16|  18|  12|  12|  4 |  8 |  4 |  12|  9 |  10|  7 |  20|
 30|  16|  16|  15|  16|  20|  33|  29|  19|  29|  16|  24|  15|  17|  15|  7 |  8 |  14|  7 |  2 |  14|  12|  11|  10|  13|
 31|??? |??? |??? |??? |??? |??? |??? |??? |??? |??? |??? |??? |??? |??? |??? |??? |??? |??? |??? |??? |??? |??? |??? |??? |
[Observer]Lockyer_Observatory
[Country]United Kingdom 
[City]Sidmouth
[Longitude]003°1307
[Latitude]050°4116
[Frequencies]
[Antenna]Quad Yagi
[Azimut Antenna]135
[Elevation Antenna]0
[Pre-Amplifier]None
[Receiver]ICOM IC-706 MKIIG
[Observing Method]HROFFT20dB Length Datas
[Remarks]winxp
