nov| 00h| 01h| 02h| 03h| 04h| 05h| 06h| 07h| 08h| 09h| 10h| 11h| 12h| 13h| 14h| 15h| 16h| 17h| 18h| 19h| 20h| 21h| 22h| 23h|
 01|  82|  97| 112| 117| 147| 177| 294| 304| 311| 229| 172| 208| 262| 219| 230| 191| 187| 280| 255| 180| 294| 213|  92| 108|
 02|  77| 138| 119| 163| 194| 164| 288| 374| 291| 263| 222| 256| 180| 215| 146| 174| 337| 304| 438| 226| 267| 199| 181| 178|
 03| 159| 195| 195| 190| 186| 392| 423| 464| 353| 297| 321| 378| 344| 224|  31|  26|  58| 243| 362| 214| 286| 224| 146| 188|
 04| 164| 231| 218| 279| 262| 278| 351| 411| 269| 276| 205| 370| 383| 405| 314| 363| 355| 342| 330| 166|  82|  85| 103|  67|
 05|  79|  55|  72| 109|  89| 104| 135| 130| 141| 128|  99| 112| 100| 121|  89| 102|  80|  68|  84|  71| 121| 149|  66|  69|
 06|  65|  78|  98|  86| 114| 107| 129| 111| 123| 101|  92| 104| 108| 106|  80|  88| 130|  89|  86|  91| 144|  95|  95|  77|
 07|  66|  77|  81|  97| 101| 121| 155| 127| 132| 140| 150| 129| 151| 116|  81| 106| 125| 108|  98|  72|  70|  75|  74|  34|
 08|  44|  49|  72|  87| 122| 140| 202| 202| 186| 156| 186| 252| 179| 179| 103| 136| 147| 154| 117| 137| 171| 146|  71|  79|
 09|  88| 123| 152| 202| 425| 214| 288| 334| 256| 233| 218| 218| 199| 181| 145| 185| 179| 160| 181| 184| 217| 210|  83|  75|
 10| 114| 126| 129| 157| 165| 157| 231| 233| 213| 223| 250| 264| 313| 249| 151| 195| 195| 170| 189| 248| 271| 224| 155| 182|
 11| 187| 213| 208| 137| 147| 170| 186| 230| 278| 206| 242| 135| 150| 224| 167| 108| 126| 137| 112| 140| 189| 109| 102| 109|
 12| 117| 106| 118| 156| 318| 385| 375| 191| 472| 269| 202| 177| 265| 189| 163| 216| 202| 163| 161| 161| 100| 159| 112|  61|
 13|  81|  84| 104| 110| 101| 111| 164| 208| 140| 175| 227| 200| 275| 187| 137| 163| 166| 157| 158| 144| 174| 124|  77|  88|
 14|  93| 109| 106| 122| 154| 144| 253| 313| 297| 281| 160| 189| 214| 184| 134| 145| 163| 221| 150| 127| 180| 115| 107|  74|
 15|  78|  97| 124| 134| 163| 196| 225| 241| 233| 283| 128|  74| 270| 178|  40|  51|  33|  37|  32|  36|  39|  24|  42|  81|
 16|  77|  88|  86|  90| 136| 326| 611| 400| 155| 162| 168| 169| 131| 124| 102| 102| 114| 113| 116| 117| 117| 111|  65|  66|
 17|  55|  61|  79| 104| 111| 147| 148| 151| 263| 188| 156| 224| 157| 155| 102| 164| 101| 226| 216| 168| 142| 144| 101|  80|
 18|  76| 112| 109| 117| 116| 119| 200| 167| 214| 184| 154| 137| 152| 137| 138| 118| 141| 150| 116| 142| 173| 165| 120|  80|
 19|  86|  89|  88| 122| 119| 162| 185| 262| 213| 192| 218| 167| 171| 173| 125| 286| 182| 362| 308| 335| 348| 320| 245| 258|
 20| 262| 255| 224| 274| 261| 193| 222| 250| 198| 187| 223| 178| 120| 145| 110| 144| 144| 104| 164| 113| 152| 151|  87|  93|
 21|  73|  83|  97| 126| 126| 146| 203| 310| 303| 370| 349| 354| 223| 185| 246| 246| 258| 253| 203| 183| 127| 140|  84|  84|
 22|  70|  98|  90| 111| 109| 169| 144| 136| 158| 169| 197| 174| 151| 142| 135| 117| 114| 125|  89| 136| 165| 149|  73|  67|
 23|  71|  63|  87| 104| 112| 126| 151| 162| 142| 180| 153| 128| 117| 130|  72| 107| 144|  96| 102| 107| 110| 100|  55|  67|
 24|  72|  60|  72| 108|  98| 110| 165| 174| 192| 201| 175| 181| 154| 148|  95| 158| 128| 143| 105| 129| 203| 120|  95|  98|
 25|  66|  81|  92| 219| 257| 114| 145| 154| 275| 355| 387| 350| 454| 301| 293| 270| 328| 434| 353| 356| 365| 318| 230| 272|
 26| 490| 232| 188| 221| 202| 210| 194| 224| 219| 189| 177| 165| 163| 159| 124|  91| 129| 137| 121|  98| 123|  93| 162| 142|
 27|  62|  97| 109| 135| 113| 164| 196| 219| 288| 291| 262| 241| 312| 345| 411| 402| 309| 325| 143| 128| 152| 107|  91|  74|
 28|  52|  69|  82| 109| 116| 130| 145| 172| 183| 185| 182| 163| 197| 158| 169| 300| 257| 148| 134|  92| 117| 139| 219|  60|
 29|  62|  64|  79|  91|  91| 151| 130| 106| 112| 132| 132| 115| 136| 104| 106| 152| 173| 110| 100|  88| 129|  80|  60|  59|
 30|  61|  91| 123| 167| 136| 139| 192| 261| 177| 183| 183| 124|  97| 121|  96| 111| 220| 115|  95|  95| 111| 116|  56|  50|
 31| 31|??? |??? |??? |??? |??? |??? |??? |??? |??? |??? |??? |??? |??? |??? |??? |??? |??? |??? |??? |??? |??? |??? |??? |??? |
[Observer]Lockyer_Observatory
[Country]United Kingdom 
[City]Sidmouth
[Longitude]003°1307
[Latitude]050°4116
[Frequencies]
[Antenna]Quad Yagi
[Azimut Antenna]135
[Elevation Antenna]0
[Pre-Amplifier]None
[Receiver]ICOM IC-706 MKIIG
[Observing Method]HROFFT10dB Count Datas
[Remarks]winxp
