may| 00h| 01h| 02h| 03h| 04h| 05h| 06h| 07h| 08h| 09h| 10h| 11h| 12h| 13h| 14h| 15h| 16h| 17h| 18h| 19h| 20h| 21h| 22h| 23h|
 01|  80|  74|  72|  82| 112| 112| 172| 119| 152| 126| 187| 139| 146| 115|  95| 113|  45|  64|  53|  60|  72|  53|  56|  70|
 02|  91|  71|  84|  86| 111| 177| 130| 154| 181|  94| 166| 155|  96| 138|  97|  97| 181|  70| 105|  45|  42|  37|  72|  61|
 03|  73|  62|  63| 102| 164| 123| 151| 106| 189| 180| 115| 178| 137|  86|  73|  79|  49|  50|  70|  79|  51|  36|  72|  81|
 04|  73| 100|  88|  82| 179| 236| 261| 118| 209| 155| 131| 137| 154| 143|  78| 115| 101|  76| 342| 353| 109| 104|  61|  62|
 05|  62|  77|  86|  83| 110| 103| 170| 196| 143| 129| 209| 139|  97|  83|  77|  54|  43|  35|  21|  52|  33|  64|  89|  62|
 06|  62|  85|  92| 104| 153| 170| 152| 164| 135| 124| 145| 218| 124| 108|  60|  55|  62|  40| 109|  55| 157| 120|  79|  55|
 07|  83|  86|  89| 161| 228| 140| 250| 145| 197| 165| 168| 157| 132| 123|  76|  80|  67|  55|  50|  73|  62|  65|  78|  64|
 08|  60|  81|  84| 140| 123| 158| 159| 148| 166| 180| 230| 159| 137| 119|  83| 126|  58|  73|  58| 120|  84|  76|  71|  76|
 09|  92|  65| 110| 314| 179| 210| 271| 173| 205| 162| 146| 136| 142| 128| 122|  77|  85|  78|  67| 151| 147|  82| 108|  98|
 10|  58|  94|  71| 105| 201| 165| 260| 187| 211| 196| 158| 161| 177| 146| 112|  78|  92|  75| 128| 118|  71|  86| 114|  93|
 11|  96|  96| 112| 155| 153| 214| 232| 266| 156| 141| 180| 264| 177| 168| 143| 128|  96|  66|  74|  76|  90|  98| 106|  83|
 12| 134| 110| 124| 155| 194| 286| 242| 248| 206| 202| 240| 208| 213| 159| 128| 104| 151|  63|  76| 125|  94| 129| 265|  70|
 13|  92| 110| 144| 119| 175| 282| 196| 164| 155| 141| 204| 172| 183|  93| 133| 105|  69|  51|  53| 112|1066| 167| 110| 315|
 14|1753| 157| 146| 120| 264| 288| 255| 179| 249| 174| 158| 147| 183|  90|  78|  66|  66|  51| 118|  44|  75| 146| 100|  89|
 15| 385| 103| 108|  85| 511| 400| 143|  0 |  0 |  0 |  0 |  0 |  0 |  0 |  0 |  49|  60|  56| 109|  59|  96|  59|  80|  60|
 16|  79|  63|  75|  94| 129| 184| 224| 119| 139| 119| 117| 117| 125| 106| 116|  98|  68|  60|  62|  70|  67|  56|  65|  93|
 17|  80|  61|  84|  98|  96| 133| 147| 130| 101| 104| 134| 133| 124|  68|  93|  72|  58|  51|  48|  71|  64|  45|  68| 199|
 18|  92|  73| 984| 132| 106| 425| 134|  98| 120|  96| 120| 145| 155| 114| 104|  66|  56| 135|  39|  58|  55|  56|  59|  82|
 19|  53|  80|  69|  76|  99| 361| 231|  81|  2 |  2 |  86| 114| 123| 125|  87| 222| 157| 197|  62| 210|  58|  88|  57|  74|
 20|  76|  79|  87|  82| 126| 196| 313| 345| 258| 391| 146| 184| 133| 141| 119| 113|  78|  59|  59|  93|  86|  67|  80|  78|
 21|  79|  66| 101| 104| 227| 608| 159|  96|  74| 134| 145| 139| 115|  72|  68|  82|  69|  87|  71|  85|  62|  66|  53| 121|
 22|  65|  67|  97|  91| 108| 134| 125| 139| 105|  87| 117| 186| 130|  62|  63| 102| 554| 293|  47|  64|  74|  69|  55|  75|
 23|  68|  90|  93| 135| 179| 159| 143| 103| 121| 214| 137| 195| 129| 102|  96|  82|  86|  56|  61|  87|  96|  60|  79|  84|
 24| 323| 746| 942|  33|  66|  70|  82|  83| 127| 113|  76|  62| 133| 249| 143| 247| 137| 206| 136| 128| 133|  73|  99|  70|
 25|  79|  92| 101|  96| 191| 185| 224| 143| 150| 131| 143| 211| 174| 165| 130| 102|  92|  50|  63| 100|  87|  70|  85| 428|
 26| 632|  94| 101| 126| 150| 184| 240| 220| 222| 222| 163| 153| 156| 127| 139| 123| 605|3149|3485|1253|  81|  84|  68|  96|
 27|  83| 120| 126| 139| 183| 236| 205| 150| 250| 268| 228|1663|2379|2630|1011|1027| 853|  72|  45| 137| 104| 114|  83|  93|
 28|  93|  76| 108| 128| 241| 197| 200| 249| 235| 165| 160| 275| 242| 149| 123| 148|  84|  91|  74| 116| 104| 146|  82|  82|
 29|  81| 100| 165| 115| 188| 287| 224| 229| 162| 204| 263| 208| 240| 192| 130| 134|  79| 103|  70| 154| 137|  54|  84|  90|
 30|  87| 106| 619| 147| 179| 420| 434| 672| 148| 147| 115| 172| 133| 263|  98| 115| 170| 131|  92| 119| 104| 121| 164|  91|
 31|  91| 116|  67|  99|  87| 147| 181|  83|  73|  71| 108| 114| 104|  92|  88|  79|  65|  70|  93|  85|  82|  80| 102| 218|
[Observer]Lockyer_Observatory
[Country]United Kingdom 
[City]Sidmouth
[Longitude]003°1307
[Latitude]050°4116
[Frequencies]
[Antenna]Quad Yagi
[Azimut Antenna]135
[Elevation Antenna]0
[Pre-Amplifier]None
[Receiver]ICOM IC-706 MKIIG
[Observing Method]HROFFT10dB Length Datas
[Remarks]winxp
