may| 00h| 01h| 02h| 03h| 04h| 05h| 06h| 07h| 08h| 09h| 10h| 11h| 12h| 13h| 14h| 15h| 16h| 17h| 18h| 19h| 20h| 21h| 22h| 23h|
 01|  2 |  4 |  5 |  2 |  6 |  3 |  6 |  7 |  5 |  3 |  4 |  5 |  3 |  2 |  4 |  1 |  0 |  5 |  2 |  1 |  0 |  0 |  2 |  3 |
 02|  4 |  4 |  3 |  2 |  1 |  22|  3 |  5 |  13|  4 |  18|  4 |  0 |  8 |  1 |  4 |  2 |  4 |  1 |  0 |  2 |  1 |  3 |  3 |
 03|  5 |  3 |  2 |  18|  6 |  7 |  7 |  4 |  7 |  2 |  6 |  2 |  10|  5 |  4 |  6 |  4 |  2 |  2 |  1 |  1 |  0 |  5 |  6 |
 04|  3 |  3 |  3 |  4 |  7 |  10|  17|  5 |  7 |  5 |  8 |  19|  8 |  4 |  2 |  0 |  3 |  2 |  1 |  0 |  2 |  2 |  2 |  3 |
 05|  2 |  1 |  7 |  2 |  4 |  1 |  22|  23|  7 |  9 |  36|  6 |  2 |  2 |  1 |  1 |  3 |  0 |  0 |  2 |  1 |  0 |  6 |  3 |
 06|  3 |  2 |  5 |  6 |  23|  23|  4 |  19|  4 |  5 |  8 |  62|  4 |  12|  3 |  5 |  3 |  2 |  10|  4 |  2 |  0 |  3 |  4 |
 07|  4 |  2 |  7 |  4 |  10|  1 |  53|  7 |  13|  29|  21|  9 |  4 |  5 |  5 |  5 |  3 |  0 |  4 |  3 |  3 |  0 |  2 |  1 |
 08|  0 |  6 |  6 |  4 |  8 |  11|  5 |  5 |  2 |  5 |  21|  7 |  3 |  2 |  2 |  2 |  7 |  3 |  2 |  0 |  5 |  1 |  1 |  4 |
 09|  7 |  7 |  5 |  12|  7 |  20|  16|  13|  3 |  14|  8 |  3 |  9 |  16|  5 |  3 |  1 |  7 |  3 |  4 |  3 |  4 |  5 |  2 |
 10|  5 |  5 |  3 |  3 |  3 |  9 |  39|  4 |  11|  2 |  6 |  6 |  4 |  8 |  3 |  1 |  4 |  1 |  3 |  1 |  2 |  3 |  9 |  4 |
 11|  2 |  5 |  2 |  2 |  3 |  6 |  10|  8 |  9 |  4 |  4 |  8 |  3 |  4 |  8 |  10|  3 |  2 |  2 |  3 |  0 |  2 |  4 |  4 |
 12|  4 |  0 |  7 |  5 |  9 |  11|  20|  8 |  9 |  11|  6 |  3 |  7 |  13|  3 |  2 |  2 |  2 |  1 |  8 |  1 |  5 |  1 |  0 |
 13|  5 |  8 |  4 |  3 |  2 |  4 |  6 |  0 |  4 |  3 |  27|  2 |  5 |  1 |  1 |  3 |  5 |  2 |  4 |  3 |  3 |  1 |  6 |  10|
 14|  1 |  3 |  4 |  8 |  15|  6 |  15|  4 |  15|  8 |  6 |  4 |  5 |  7 |  4 |  4 |  5 |  1 |  2 |  1 |  2 |  2 |  3 |  4 |
 15|  4 |  8 |  8 |  4 |  3 |  4 |  9 |  0 |  0 |  0 |  0 |  0 |  0 |  0 |  0 |  1 |  1 |  4 |  1 |  0 |  3 |  2 |  3 |  1 |
 16|  1 |  0 |  2 |  4 |  7 |  5 |  7 |  3 |  6 |  8 |  2 |  6 |  5 |  4 |  6 |  2 |  4 |  3 |  4 |  1 |  0 |  2 |  5 |  9 |
 17|  3 |  3 |  1 |  4 |  3 |  10|  5 |  3 |  3 |  5 |  7 |  5 |  5 |  5 |  5 |  1 |  2 |  0 |  3 |  1 |  1 |  0 |  2 |  2 |
 18|  4 |  5 |  5 |  5 |  8 |  5 |  4 |  3 |  5 |  4 |  7 |  14|  6 |  1 |  5 |  5 |  3 |  3 |  2 |  3 |  0 |  1 |  5 |  8 |
 19|  1 |  3 |  2 |  4 |  4 |  8 |  5 |  2 |  0 |  0 |  4 |  8 |  2 |  11|  5 |  1 |  1 |  1 |  2 |  2 |  0 |  4 |  0 |  8 |
 20|  1 |  1 |  2 |  1 |  6 |  14|  6 |  4 |  3 |  3 |  3 |  32|  6 |  13|  7 |  4 |  2 |  0 |  0 |  5 |  1 |  2 |  3 |  5 |
 21|  4 |  3 |  4 |  3 |  1 |  6 |  6 |  3 |  1 |  5 |  1 |  1 |  5 |  5 |  4 |  10|  1 |  4 |  1 |  2 |  3 |  2 |  0 |  7 |
 22|  1 |  1 |  6 |  4 |  1 |  9 |  0 |  2 |  2 |  4 |  1 |  2 |  5 |  5 |  2 |  11|  1 |  2 |  1 |  2 |  7 |  3 |  3 |  2 |
 23|  0 |  4 |  4 |  4 |  4 |  11|  2 |  3 |  2 |  4 |  5 |  8 |  5 |  4 |  5 |  1 |  1 |  1 |  1 |  2 |  1 |  1 |  3 |  2 |
 24|  3 |  7 |  2 |  3 |  3 |  3 |  3 |  4 |  13|  5 |  2 |  1 |  3 |  9 |  6 |  7 |  4 |  28|  3 |  5 |  9 |  1 |  3 |  2 |
 25|  4 |  3 |  2 |  3 |  8 |  4 |  9 |  3 |  7 |  3 |  1 |  7 |  18|  8 |  3 |  4 |  9 |  1 |  1 |  4 |  5 |  0 |  3 |  6 |
 26|  6 |  6 |  3 |  8 |  6 |  7 |  10|  6 |  5 |  12|  2 |  4 |  2 |  12|  6 |  3 |  0 |  1 |  8 |  0 |  2 |  1 |  0 |  0 |
 27|  0 |  4 |  0 |  0 |  8 |  6 |  9 |  3 |  3 |  3 |  6 |  2 |  9 |  6 |  12|  4 |  9 |  6 |  0 |  3 |  6 |  6 |  2 |  6 |
 28|  3 |  7 |  2 |  0 |  7 |  6 |  2 |  3 |  7 |  2 |  3 |  10|  5 |  2 |  2 |  5 |  2 |  6 |  5 |  1 |  2 |  4 |  6 |  0 |
 29|  7 |  6 |  0 |  3 |  19|  8 |  10|  5 |  6 |  10|  9 |  7 |  3 |  10|  5 |  9 |  7 |  2 |  2 |  5 |  4 |  1 |  3 |  5 |
 30|  5 |  4 |  0 |  4 |  8 |  11|  12|  2 |  1 |  9 |  2 |  3 |  8 |  4 |  3 |  6 |  8 |  1 |  0 |  31|  10|  2 |  84|  2 |
 31|  4 |  2 |  3 |  2 |  3 |  6 |  5 |  5 |  3 |  1 |  25|  1 |  3 |  6 |  6 |  1 |  3 |  1 |  1 |  1 |  1 |  7 |  2 |  2 |
[Observer]Lockyer_Observatory
[Country]United Kingdom 
[City]Sidmouth
[Longitude]003°1307
[Latitude]050°4116
[Frequencies]
[Antenna]Quad Yagi
[Azimut Antenna]135
[Elevation Antenna]0
[Pre-Amplifier]None
[Receiver]ICOM IC-706 MKIIG
[Observing Method]HROFFT30dB Length Datas
[Remarks]winxp
