jul| 00h| 01h| 02h| 03h| 04h| 05h| 06h| 07h| 08h| 09h| 10h| 11h| 12h| 13h| 14h| 15h| 16h| 17h| 18h| 19h| 20h| 21h| 22h| 23h|
 01| 159| 153| 175| 172| 201| 249| 259|  43|  0 |  0 | 147| 175| 168| 142| 137| 157| 125|  98|  92|  95| 117| 123| 128| 166|
 02| 148| 155| 166| 187| 268| 467| 465| 236| 378| 157| 274| 450| 274| 171| 220| 184| 163| 133| 130| 153| 162| 162| 181| 137|
 03| 165| 161| 189| 186| 212| 363| 383| 235| 233| 269| 223| 202| 253| 164| 176| 135| 123| 140|  92| 115| 162| 115| 134| 123|
 04| 155| 153| 204| 187| 295| 277| 828|1291| 334| 196| 240| 243| 268| 174| 269| 210| 215| 256|  91| 772| 258| 285| 104| 112|
 05| 113| 118| 122| 220| 230| 302| 637| 822| 427| 194| 554|  0 |  0 |  0 | 142| 184| 137| 218|  40|  0 |  24|  11|  0 |  0 |
 06|??? |??? |??? |??? |??? |??? |??? |??? |??? |??? |??? |??? |??? |??? |??? |??? |??? |??? |??? |??? |??? |??? |??? |??? |
 07|??? |??? |??? |??? |??? |??? |??? |??? |??? |??? |??? |??? |??? |??? |??? |??? |??? |??? |??? |??? |??? |??? |??? |??? |
 08|??? |??? |??? |??? |??? |??? |??? |??? |??? |??? |??? |??? |??? |??? |??? |??? |??? |??? |??? |??? |??? |??? |??? |??? |
 09|  0 |  0 |  0 |  0 |  0 |  0 |  0 |  0 |  18|  0 |  0 |  0 |  0 |  0 |  0 |  0 |  0 |  0 |  0 |  0 |  0 |  0 |  0 |  0 |
 10|??? |??? |??? |??? |??? |??? |??? |??? |??? |??? |??? |??? |??? |??? |??? |??? |??? |??? |??? |??? |??? |??? |??? |??? |
 11|  0 |  0 |  0 |  0 |  0 |  0 |  0 |  0 |  0 |  0 |  0 |  0 |  0 |  81| 115|  96| 129|  68|  92| 107| 100| 176| 169|1424|
 12| 901| 690| 127| 134| 213| 209| 220| 183| 123| 114| 126| 147| 135|  99|  96| 113|  80| 120|  73| 185| 140|1157|1009| 102|
 13| 136| 113|1150| 152| 158| 202| 271| 178| 177| 149| 181| 177| 105| 126| 119|  85| 101| 108|  94| 112| 119| 107| 126| 129|
 14| 151| 166| 139| 145| 297| 288| 308| 303| 237| 214| 165| 147| 187| 120| 203| 173| 126| 137| 100| 174| 118| 118| 115| 148|
 15| 190| 147| 137| 135| 181| 205| 261| 188| 183| 148| 154| 129| 103|  82| 103|  85|  73|  90|  74|  86| 117| 118| 103| 148|
 16| 136| 140| 432| 210| 190| 172| 200| 148| 149|  94| 122| 131| 112| 102|  83|  93|  62|  67|  69| 121|  87|2082|2565| 132|
 17| 173| 150| 113| 148| 137| 166| 162| 139| 130| 143| 103| 188| 143|1058| 434|  81|  67|  75|  79|  92|  25|  0 |  0 |  0 |
 18|  0 |  0 |  0 |  0 |  0 |  0 |  0 |  0 |  0 |  0 |  0 | 182| 291| 225| 226| 189| 190| 219| 160| 218| 254|1356| 867| 607|
 19| 190| 207| 210| 224| 231| 253| 297| 268| 171| 161| 231| 208| 274| 192| 125| 192| 117|  98|  74|  79|  90|  92| 107| 107|
 20| 139| 149| 153| 165| 193| 210| 252| 176| 163| 165| 126| 107|  93| 104|  89|  58|  74|  69|  71|  88|  92| 121| 117| 144|
 21| 181| 140| 197| 159| 210| 225| 238| 196| 149| 199| 194| 147| 129| 121| 121| 108|  93|  77|  77| 128| 128| 127|  97| 158|
 22| 157| 162| 184| 209| 242| 222| 220| 198| 253| 276| 318| 258| 300| 176| 211| 187| 128| 160| 161| 164| 195| 168| 156| 209|
 23| 165| 208| 274| 226| 323| 443| 429| 336| 399| 242| 182| 237| 235|  94|  75|  64|  52|  56|  56|  91|  62|  72|  87| 106|
 24| 148| 140| 148| 138| 180| 186| 140| 149| 104|  81|  89|  96|  83|  71|  56|  93|  83|  55|  72|  67|  72|  84|  80| 116|
 25| 156| 113| 114| 157| 149| 125| 122|  99| 102|  76|  89|  91|  73|  74|  56|  84|  61|  63|  59|  87|  80|  68|  77| 124|
 26| 102| 125| 150| 149| 165| 238| 146| 105| 141|  74| 109|  81|  66|  74|  58|  58|  72|  76|  74|  88|  59|  93|  84| 155|
 27| 140| 133| 151| 122| 123| 154| 145| 174|  98|  89|  81|  68|  83|  66|  65|  69|  61|  74|  64|  84|  84|  78| 262| 144|
 28| 158| 146| 222| 219| 230| 174| 188| 149| 158| 136| 131|  87| 123|  99|  86|  72| 106|  84|  78|  68|  69|  91|  79| 118|
 29| 167| 162| 153| 150| 142| 130| 123| 127|  91| 109|  98|  82|  92|  65|  57|  65|  75|  69|  73|  79| 112|  83|  84| 106|
 30| 114| 141| 129| 208| 186| 179| 168| 135| 140| 108| 111| 121|  80|  89|  94|  72|  93|  47|  53|  76|  84|  68|  75| 121|
 31| 136| 173| 142| 124| 139| 150| 113|  76| 103|  72|  66|  80| 106|  63|  89|  72|  67|  66|  59|  58| 116|  70|  73|  94|
[Observer]Lockyer_Observatory
[Country]United Kingdom 
[City]Sidmouth
[Longitude]003°1307
[Latitude]050°4116
[Frequencies]
[Antenna]Quad Yagi
[Azimut Antenna]135
[Elevation Antenna]0
[Pre-Amplifier]None
[Receiver]ICOM IC-706 MKIIG
[Observing Method]HROFFT10dB Length Datas
[Remarks]winxp
