jun| 00h| 01h| 02h| 03h| 04h| 05h| 06h| 07h| 08h| 09h| 10h| 11h| 12h| 13h| 14h| 15h| 16h| 17h| 18h| 19h| 20h| 21h| 22h| 23h|
 01|  2 |  3 |  2 |  4 |  10|  28|  2 |  2 |  5 |  2 |  2 |  3 |  5 |  6 |  4 |  10|  42|  2 |  5 |  1 |  1 |  6 |  0 |  4 |
 02|  7 |  1 |  4 |  6 |  6 |  7 |  5 |  6 |  2 |  14|  8 |  2 |  12|  6 |  1 |  8 |  1 |  3 |  1 |  1 |  2 |  3 |  32|  1 |
 03|  4 |  2 |  1 |  7 |  6 |  23|  11|  6 |  7 |  3 |  11|  5 |  11|  8 |  2 |  5 |  4 |  7 |  4 |  0 |  3 |  1 |  0 |  3 |
 04|  5 |  2 |  10|  8 |  10|  16|  12|  6 |  3 |  10|  12|  7 |  4 |  9 |  5 |  8 |  9 |  7 |  1 |  1 |  0 |  3 |  7 |  2 |
 05|  4 |  5 |  5 |  5 |  15|  20|  13|  5 |  5 |  8 |  9 |  7 |  5 |  15|  16|  6 |  9 |  4 |  7 |  1 |  2 |  3 |  4 |  3 |
 06|  5 |  5 |  1 |  5 |  10|  20|  7 |  4 |  3 |  10|  4 |  25|  10|  17|  17|  15|  4 |  9 |  7 |  3 |  2 |  6 |  3 |  2 |
 07|  1 |  6 |  4 |  5 |  6 |  8 |  15|  18|  7 |  9 |  9 |  8 |  16|  5 |  23|  6 |  6 |  1 |  3 |  1 |  6 |  3 |  1 |  5 |
 08|  5 |  6 |  3 |  5 |  10|  14|  15|  31|  4 |  4 |  11|  11|  9 |  14|  14|  9 |  3 |  2 |  0 |  1 |  2 |  1 |  4 |  4 |
 09|  2 |  3 |  5 |  19|  21|  26|  22|  6 |  21|  12|  10|  13|  20|  7 |  18|  27|  10|  4 |  2 |  2 |  8 |  9 |  3 |  1 |
 10|  8 |  4 |  18|  15|  21|  25|  13|  5 |  0 |  22|  7 |  6 |  10|  11|  2 |  5 |  9 |  4 |  4 |  0 |  1 |  4 |  3 |  0 |
 11|  3 |  3 |  4 |  5 |  9 |  11|  15|  2 |  0 |  0 |  8 |  8 |  11|  16|  10|  12|  18|  3 |  23|  4 |  1 |  6 |  3 |  6 |
 12|  2 |  2 |  4 |  9 |  9 |  11|  15|  7 |  8 |  9 |  11|  8 |  7 |  8 |  14|  9 |  9 |  4 |  6 |  3 |  3 |  3 |  6 |  5 |
 13|  6 |  8 |  5 |  22|  14|  24|  15|  7 |  12|  11|  5 |  12|  15|  11|  19|  5 |  4 |  1 |  2 |  4 |  3 |  2 |  4 |  5 |
 14|  0 |  3 |  4 |  15|  20|  17|  19|  11|  3 |  13|  12|  9 |  7 |  16|  3 |  13|  6 |  7 |  0 |  3 |  2 |  6 |  4 |  2 |
 15|  5 |  2 |  9 |  34|  10|  22|  14|  8 |  4 |  4 |  3 |  13|  8 |  5 |  12|  8 |  6 |  2 |  7 |  2 |  3 |  5 |  1 |  6 |
 16|  3 |  10|  7 |  6 |  12|  12|  8 |  32|  1 |  4 |  4 |  1 |  6 |  12|  11|  9 |  11|  1 |  8 |  1 |  4 |  2 |  1 |  3 |
 17|  1 |  1 |  4 |  16|  13|  14|  12|  7 |  9 |  2 |  6 |  15|  13|  16|  10|  14|  5 |  1 |  3 |  2 |  0 |  2 |  2 |  3 |
 18|  4 |  3 |  4 |  12|  14|  21|  7 |  5 |  2 |  5 |  6 |  7 |  3 |  4 |  8 |  6 |  11|  4 |  2 |  3 |  1 |  2 |  0 |  0 |
 19|  4 |  8 |  10|  8 |  7 |  4 |  16|  4 |  5 |  2 |  2 |  5 |  3 |  6 |  9 |  3 |  5 |  3 |  11|  5 |  1 |  3 |  2 |  4 |
 20|  6 |  5 |  6 |  4 |  4 |  12|  10|  4 |  5 |  4 |  7 |  7 |  7 |  12|  6 |  8 |  11|  3 |  8 |  5 |  4 |  2 |  2 |  4 |
 21|  5 |  1 |  8 |  9 |  14|  7 |  11|  4 |  3 |  4 |  8 |  5 |  9 |  9 |  3 |  5 |  3 |  2 |  0 |  0 |  4 |  3 |  3 |  6 |
 22|  2 |  8 |  3 |  9 |  14|  10|  8 |  13|  2 |  2 |  11|  5 |  6 |  5 |  1 |  8 |  8 |  4 |  1 |  1 |  3 |  6 |  5 |  1 |
 23|  3 |  5 |  7 |  5 |  11|  35|  8 |  19|  4 |  5 |  10|  7 |  6 |  6 |  4 |  10|  6 |  8 |  3 |  2 |  1 |  2 |  7 |  7 |
 24|  4 |  2 |  5 |  5 |  31|  23|  18|  0 |  7 |  4 |  6 |  6 |  17|  5 |  10|  9 |  14|  4 |  2 |  2 |  2 |  7 |  5 |  5 |
 25|  6 |  9 |  2 |  5 |  9 |  5 |  14|  9 |  7 |  4 |  1 |  6 |  8 |  8 |  3 |  14|  3 |  2 |  4 |  2 |  5 |  4 |  5 |  2 |
 26|  20|  8 |  9 |  6 |  10|  11|  8 |  12|  8 |  12|  1 |  6 |  8 |  7 |  15|  8 |  6 |  5 |  4 |  4 |  1 |  1 |  3 |  3 |
 27|  4 |  10|  6 |  9 |  11|  14|  17|  2 |  5 |  8 |  6 |  12|  14|  6 |  7 |  8 |  1 |  4 |  1 |  1 |  3 |  2 |  3 |  3 |
 28|  6 |  4 |  5 |  21|  10|  11|  11|  11|  5 |  5 |  7 |  5 |  11|  10|  15|  5 |  2 |  6 |  8 |  1 |  4 |  1 |  9 |  5 |
 29|  4 |  6 |  6 |  2 |  19|  7 |  9 |  12|  3 |  4 |  18|  3 |  4 |  16|  9 |  4 |  10|  7 |  5 |  2 |  6 |  2 |  4 |  6 |
 30|  8 |  7 |  3 |  7 |  7 |  12|  26|  9 |  3 |  8 |  6 |  6 |  8 |  14|  11|  8 |  4 |  4 |  2 |  5 |  5 |  1 |  1 |  3 |
 31|??? |??? |??? |??? |??? |??? |??? |??? |??? |??? |??? |??? |??? |??? |??? |??? |??? |??? |??? |??? |??? |??? |??? |??? |
[Observer]Lockyer_Observatory
[Country]United Kingdom 
[City]Sidmouth
[Longitude]003°1307
[Latitude]050°4116
[Frequencies]
[Antenna]Quad Yagi
[Azimut Antenna]135
[Elevation Antenna]0
[Pre-Amplifier]None
[Receiver]ICOM IC-706 MKIIG
[Observing Method]HROFFT30dB Length Datas
[Remarks]winxp
