jun| 00h| 01h| 02h| 03h| 04h| 05h| 06h| 07h| 08h| 09h| 10h| 11h| 12h| 13h| 14h| 15h| 16h| 17h| 18h| 19h| 20h| 21h| 22h| 23h|
 01|  13|  14|  15|  22|  37|  63|  26|  19|  23|  10|  26|  20|  38|  21|  25|  25|  59|  14|  11|  14|  6 |  11|  12|  12|
 02|  18|  14|  16|  23|  25|  36|  24|  24|  15|  39|  30|  14|  48|  25|  24|  29|  17|  13|  8 |  10|  12|  10|  72|  16|
 03|  16|  15|  16|  23|  30|  64|  44|  36|  36|  24|  45|  27|  35|  47|  28|  31|  14|  22|  14|  9 |  18|  9 |  8 |  17|
 04|  18|  22|  29|  33|  34|  55|  45|  32|  23|  39|  40|  45|  53|  36|  33|  34|  30|  26|  16|  11|  9 |  9 |  28|  17|
 05|  22|  21|  19|  29|  59|  64|  45|  23|  22|  36|  38|  34|  34|  35|  42|  26|  37|  18|  16|  12|  11|  14|  17|  22|
 06|  19|  20|  12|  41|  36|  52|  45|  25|  27|  51|  37|  63|  31|  63|  40|  38|  23|  32|  21|  9 |  8 |  14|  17|  20|
 07|  11|  23|  15|  57|  35|  45|  59|  72|  32|  70|  46|  47|  61|  42|  56|  20|  14|  10|  20|  13|  12|  17|  13|  22|
 08|  19|  20|  23|  27|  38|  46|  53|  56|  21|  33|  45|  54|  65|  47|  41|  32|  17|  9 |  10|  12|  13|  13|  19|  15|
 09|  13|  10|  19|  51|  60|  90|  66|  28|  67|  51|  40|  49|  58|  44|  50|  60|  31|  17|  11|  12|  18|  20|  13|  7 |
 10|  24|  18|  37|  42|  60|  77|  51|  23|  17|  44|  35|  43|  38|  32|  28|  14|  25|  12|  16|  10|  11|  25|  18|  13|
 11|  18|  14|  25|  19|  42|  44|  60|  10|  0 |  0 |  39|  69|  50|  84|  48|  31|  36|  30|  42|  13|  10|  10|  16|  17|
 12|  16|  18|  21|  50|  50|  40|  51|  20|  28|  31|  45|  52|  43|  40|  59|  39|  26|  14|  17|  11|  13|  13|  28|  21|
 13|  32|  27|  33|  72|  74|  89|  61|  42|  39|  50|  39|  55|  51|  39|  58|  46|  20|  14|  7 |  14|  18|  15|  15|  14|
 14|  16|  17|  23|  61|  71|  69|  66|  61|  39|  41|  70|  51|  41|  52|  24|  40|  15|  38|  14|  18|  17|  19|  18|  17|
 15|  17|  16|  25|  69|  43|  72|  64|  43|  31|  18|  29|  62|  38|  32|  53|  31|  19|  12|  16|  6 |  14|  20|  14|  23|
 16|  15|  26|  24|  35|  44|  43|  35|  82|  20|  29|  33|  24|  40|  41|  34|  36|  33|  18|  25|  10|  13|  13|  5 |  17|
 17|  18|  21|  29|  47|  53|  51|  63|  38|  41|  26|  35|  50|  48|  49|  41|  34|  23|  14|  17|  12|  15|  13|  16|  15|
 18|  19|  25|  22|  39|  35|  49|  51|  22|  15|  28|  29|  27|  33|  27|  36|  22|  28|  20|  16|  9 |  10|  14|  22|  6 |
 19|  26|  19|  48|  37|  38|  47|  49|  21|  23|  15|  26|  32|  24|  31|  27|  18|  33|  19|  22|  15|  9 |  20|  13|  19|
 20|  28|  25|  26|  25|  45|  49|  47|  24|  24|  22|  22|  23|  29|  41|  30|  28|  32|  21|  18|  15|  16|  17|  12|  24|
 21|  27|  17|  29|  38|  50|  30|  40|  27|  17|  28|  28|  31|  32|  42|  15|  25|  12|  10|  11|  11|  16|  15|  24|  22|
 22|  20|  32|  16|  42|  56|  53|  36|  42|  18|  21|  48|  34|  30|  30|  23|  27|  25|  19|  13|  11|  21|  23|  27|  17|
 23|  26|  23|  43|  32|  42|  72|  36|  40|  28|  23|  34|  29|  30|  36|  30|  38|  19|  24|  19|  15|  16|  25|  26|  23|
 24|  21|  9 |  34|  31|  76|  72|  64|  24|  36|  23|  32|  23|  54|  36|  44|  35|  40|  21|  17|  13|  18|  21|  19|  23|
 25|  22|  27|  14|  25|  41|  40|  73|  38|  26|  22|  22|  39|  56|  39|  24|  38|  22|  16|  19|  13|  13|  18|  22|  16|
 26|  45|  31|  35|  31|  49|  45|  44|  42|  34|  42|  29|  44|  38|  34|  49|  38|  23|  19|  14|  18|  23|  19|  20|  32|
 27|  21|  35|  37|  42|  39|  52|  70|  36|  31|  40|  33|  45|  55|  33|  27|  25|  20|  18|  14|  10|  12|  13|  14|  15|
 28|  28|  27|  27|  62|  46|  40|  31|  34|  25|  28|  31|  23|  31|  37|  52|  28|  20|  19|  22|  11|  19|  13|  24|  17|
 29|  21|  34|  26|  28|  58|  31|  37|  47|  18|  23|  38|  30|  33|  38|  24|  28|  28|  28|  19|  23|  23|  22|  21|  34|
 30|  29|  27|  34|  33|  40|  53|  83|  51|  22|  36|  40|  33|  48|  45|  34|  35|  32|  17|  10|  16|  22|  12|  23|  22|
 31|??? |??? |??? |??? |??? |??? |??? |??? |??? |??? |??? |??? |??? |??? |??? |??? |??? |??? |??? |??? |??? |??? |??? |??? |
[Observer]Lockyer_Observatory
[Country]United Kingdom 
[City]Sidmouth
[Longitude]003°1307
[Latitude]050°4116
[Frequencies]
[Antenna]Quad Yagi
[Azimut Antenna]135
[Elevation Antenna]0
[Pre-Amplifier]None
[Receiver]ICOM IC-706 MKIIG
[Observing Method]HROFFT20dB Length Datas
[Remarks]winxp
