oct| 00h| 01h| 02h| 03h| 04h| 05h| 06h| 07h| 08h| 09h| 10h| 11h| 12h| 13h| 14h| 15h| 16h| 17h| 18h| 19h| 20h| 21h| 22h| 23h|
 01|  24|  27|  26|  25|  24|  33|  25|  30|  18|  33|  27|  21|  19|  20|  21|  20|  20|  19|  15|  21|  20|  14|  10|  30|
 02|  20|  22|  20|  20|  25|  30|  32|  27|  32|  37|  32|  29|  30|  34|  24|  25|  21|  20|  21|  12|  22|  13|  17|  17|
 03|  15|  17|  28|  28|  25|  34|  28|  26|  32|  26|  44|  31|  32|  27|  20|  18|  16|  24|  19|  20|  13|  13|  9 |  16|
 04|  16|  14|  15|  18|  19|  20|  24|  23|  20|  16|  35|  25|  18|  19|  18|  18|  17|  16|  18|  17|  21|  12|  14|  8 |
 05|  26|  19|  36|  30|  29|  37|  32|  43|  24|  35|  27|  27|  32|  31|  26|  39|  25|  28|  27|  21|  24|  14|  18|  31|
 06|  22|  38|  47|  27|  42|  40|  39|  40|  28|  37|  40|  44|  43|  35|  35|  36|  29|  21|  22|  19|  26|  19|  16|  26|
 07|  22|  32|  41|  28|  27|  28|  42|  40|  40|  42|  29|  27|  33|  29|  30|  21|  29|  24|  16|  33|  36|  22|  26|  19|
 08|  37|  33|  38|  30|  39|  32|  46|  49|  37|  29|  34|  46|  36|  32|  28|  33|  21|  33|  34|  27|  28|  31|  26|  28|
 09|  26|  34|  33|  27|  35|  24|  32|  33|  30|  26|  35|  32|  30|  30|  42|  26|  28|  27|  22|  28|  28|  17|  19|  24|
 10|  14|  31|  29|  23|  32|  34|  28|  32|  26|  41|  24|  22|  21|  23|  26|  30|  26|  24|  19|  21|  24|  21|  31|  13|
 11|  23|  21|  26|  29|  30|  32|  38|  29|  30|  35|  34|  25|  28|  36|  26|  24|  23|  24|  18|  26|  26|  18|  11|  25|
 12|  17|  33|  27|  33|  31|  37|  38|  24|  36|  27|  22|  37|  26|  38|  30|  23|  34|  32|  22|  26|  28|  25|  15|  22|
 13|  28|  28|  36|  39|  43|  28|  41|  32|  30|  34|  32|  36|  39|  32|  37|  31|  24|  36|  25|  37|  19|  22|  18|  25|
 14|  31|  34|  35|  35|  26|  26|  41|  29|  34|  33|  19|  28|  30|  36|  20|  31|  25|  18|  17|  33|  28|  25|  16|  17|
 15|  20|  20|  29|  31|  35|  35|  42|  27|  17|  32|  52|  26|  28|  32|  22|  34|  23|  16|  24|  34|  29|  25|  21|  27|
 16|  30|  36|  20|  22|  31|  39|  31|  40|  25|  31|  36|  36|  32|  26|  26|  25|  20|  16|  27|  25|  20|  20|  26|  25|
 17|  27|  15|  37|  31|  32|  33|  34|  29|  38|  26|  31|  34|  34|  18|  23|  19|  19|  24|  23|  28|  21|  20|  16|  28|
 18|  21|  21|  27|  28|  19|  28|  25|  26|  25|  24|  20|  33|  30|  28|  23|  14|  22|  16|  13|  14|  22|  17|  9 |  27|
 19|  16|  20|  30|  29|  23|  30|  31|  22|  34|  20|  24|  29|  20|  20|  12|  26|  14|  15|  21|  26|  26|  19|  21|  12|
 20|  22|  26|  29|  20|  27|  29|  38|  29|  34|  25|  24|  23|  4 |  15|  23|  24|  26|  26|  27|  21|  24|  19|  23|  22|
 21|  17|  29|  32|  28|  28|  39|  37|  24|  25|  0 |  40|  33|  5 |  0 |  0 |  21|  24|  21|  24|  29|  32|  30|  14|  19|
 22|  31|  36|  19|  42|  41|  47|  42|  21|  35|  31|  34|  27|  8 |  20|  20|  34|  22|  19|  30|  31|  24|  25|  20|  17|
 23|  32|  24|  38|  37|  34|  25|  41|  36|  30|  23|  35|  43|  28|  22|  30|  32|  29|  19|  22|  23|  23|  17|  27|  21|
 24|  23|  26|  20|  22|  30|  32|  41|  26|  31|  33|  19|  31|  26|  27|  22|  19|  13|  29|  17|  26|  26|  20|  17|  15|
 25|  19|  20|  21|  24|  23|  23|  26|  35|  34|  33|  18|  35|  30|  22|  25|  27|  17|  27|  35|  13|  17|  11|  10|  14|
 26|  25|  18|  22|  25|  21|  24|  35|  27| 258|  95| 191|  27|  20|  43| 285| 321|  29|  20|  21|  23|  22|  22|  10|  33|
 27| 110|  31|  21|  27|  24|  24|  26|  20|  18|  30|  17|  21|  27|  20|  26|  22|  15|  21|  25|  33|  22|  18|  15|  17|
 28|  16|  70| 186|  34|  26| 435| 578| 202| 431| 148| 183| 347| 256|  92|  27|  20|  14|  10|  20|  23|  28|  17|  22|  15|
 29|  27|  28|  23|  31|  28|  24|  26|  27|  19|  25|  25|  25|  22|  24|  27|  15|  23|  22|  20| 435| 254|  56| 198| 159|
 30| 386| 217| 375| 369| 502| 191|  29|  32|  23|  21|  27|  19|  21|  10|  24|  19|  13|  17|  22|  20|  27|  21|  21|  21|
 31|  16|  22|  22|  24|  26|  19|  28|  26|  25|  13|  45|  19|  28|  22|  16|  20|  14|  19|  16|  23|  20|  16|  8 |  18|
[Observer]Lockyer_Observatory
[Country]United Kingdom 
[City]Sidmouth
[Longitude]003°1307
[Latitude]050°4116
[Frequencies]
[Antenna]Quad Yagi
[Azimut Antenna]135
[Elevation Antenna]0
[Pre-Amplifier]None
[Receiver]ICOM IC-706 MKIIG
[Observing Method]HROFFT20dB Count Datas
[Remarks]winxp
