jan| 00h| 01h| 02h| 03h| 04h| 05h| 06h| 07h| 08h| 09h| 10h| 11h| 12h| 13h| 14h| 15h| 16h| 17h| 18h| 19h| 20h| 21h| 22h| 23h|
 01| 135| 127| 179| 153| 145| 293| 192| 329| 321| 453| 609| 343| 309| 238| 259| 170| 233| 331| 278| 169| 176| 216|  84| 117|
 02| 119| 116| 154| 167| 344| 388| 396| 629| 514| 556| 534| 525| 520| 361| 248| 299| 308| 240| 160| 233| 402| 236| 180| 176|
 03| 110| 172| 176| 268| 407| 529| 567| 449| 639| 744| 621| 763| 539| 557| 349| 302| 335| 232| 181| 179| 145| 146| 188| 178|
 04| 192| 229| 261| 294| 391| 301| 397| 254| 206| 240| 212| 172| 171| 222| 145| 118| 128|  92| 117| 124| 103| 113|  92|  71|
 05|  68|  81| 103| 142| 125| 212| 265| 213| 267| 382| 209| 202| 232| 220| 243| 129| 148|  76|  81| 132| 170| 117|  84| 100|
 06| 101|  99| 156| 116| 111| 136| 136| 202| 192| 106| 222| 278| 211| 274| 161| 107|  97| 108|  78|  91| 114|  81|  55|  47|
 07|  59|  97|  98| 131| 116|  96| 128| 222| 249| 205| 140| 186| 220| 210| 154| 113| 149|  88| 110| 120| 135| 159|  65|  55|
 08|  37|  89| 128| 125| 130| 177| 183| 254| 284| 357| 202| 219| 159| 139| 137| 165| 273| 149| 125| 112|  96| 126|  51|  70|
 09|  75|  61| 114| 146| 129|  85| 148| 134| 170| 165| 194| 240| 203| 121|  92| 156| 149| 111| 133| 163| 312| 219| 151|  51|
 10| 114|  82| 103| 126| 121| 222| 259| 234| 302| 222| 223| 194| 161| 197| 110|  86| 212| 112| 100| 135| 160| 164| 172| 168|
 11|  97| 109| 150|  13| 129| 242| 327| 667| 556|1030|1059| 178| 523| 220| 277|  0 |  36| 318| 239| 453| 142| 128|  53|  54|
 12|  44| 139|  19|  31|  2 |  15|  8 |  47|  22|  14|  48|  28|  11| 153| 692| 461|  76| 409| 280| 434| 726| 279| 177| 148|
 13| 133| 201| 337| 209| 361| 100|  81|  53|  66|  17|  31|  43|  35| 196|  31|  57|  36|  33|  82|  57|  59|  47|  25|  92|
 14| 127| 454| 435| 753| 267| 633| 946|1181| 997| 921| 647|1013| 379| 685| 255| 390| 635| 418| 345| 465| 354| 339| 440| 115|
 15|  87| 113|  67| 182| 165|  94| 157| 116| 663| 452| 349| 634| 792|1808| 188|  45|  41|  38|  54|  38|  43| 254| 220| 128|
 16| 144| 168| 256| 154| 133| 106|  85| 108| 120| 122| 128| 118| 124|  61|  82| 100| 198| 176| 118|  97| 128| 127|  85|  87|
 17| 120| 106| 189| 111| 207| 215| 248| 142| 128| 120|  71| 146| 115|  75| 157| 167| 343| 215| 291| 483| 136|  76|  3 |  34|
 18|  67|  79| 110| 167| 228|  80| 129| 130| 209| 434| 954| 464| 515|  8 | 101|1071| 151| 158| 182| 128| 255| 164| 107| 108|
 19|  67| 123| 152| 205| 229| 217| 358| 271| 359| 365| 281| 202| 345| 270| 159| 222| 193| 187| 167| 175| 169| 132|  85| 114|
 20| 181| 124| 189| 197| 193| 210| 277| 326| 389| 377| 423| 446| 429| 309| 186| 296| 180| 229| 235| 236| 235| 223| 130|  89|
 21| 130| 130| 165| 174| 229| 161| 285| 298| 206| 250| 298| 248| 284| 384| 151| 316| 216| 271| 208| 147| 223| 201| 150| 111|
 22| 108| 183| 145| 186| 132| 234| 221| 311| 312| 495| 350| 502| 414| 423| 211| 190| 345| 266| 232| 250| 325| 157| 160| 120|
 23|  70| 256| 220| 617| 554| 360| 377| 349| 401| 268| 282| 358| 180| 346| 269| 349| 199| 194| 113| 147| 221| 207|  89| 103|
 24|  77| 159| 114| 442| 392| 263| 202| 263| 183| 242| 214| 297| 249| 260|  82| 171| 214| 124| 122| 113| 116| 155| 162| 145|
 25|  84|  90|  94| 125| 176| 313| 561| 475| 592|1030|1045|2360|1442|1017| 401| 229|  98| 118|  93| 115|  70|  39|  27|  78|
 26|  75|  76|  92|  97|  93| 182| 149| 126| 156| 172| 127| 167| 160| 116|  5 | 147| 130| 119|  70|  80|  54| 114|  62|  69|
 27|  74| 100| 139| 130| 142| 129| 265| 318| 148| 149| 193| 116| 132| 143|  71|  90|  68|  97|  42|  73| 109| 160| 100|  96|
 28|  76|  62| 123| 133| 167| 128| 242| 160| 123| 117| 120| 101|  91| 102|  58|  69|  54| 109|  71|  65|  73|  93| 107| 100|
 29|  57| 103|  92| 120|  74|  87| 120| 163| 346| 245| 149| 156| 105|  78|  52|  86|  75|  64|  59|  68| 121|  74|  63|  51|
 30|  52|  72| 104| 102| 116| 110| 147|  77| 207| 246| 200| 177| 128| 138|  99| 275| 125|  99|  71|  77| 118|  84|  78| 105|
 31|  68|  98|  84| 139| 142| 111| 134| 169| 204| 392| 352| 241| 353| 181|  85| 135|  89| 115|  75|  64| 107|  88| 121|  42|
[Observer]Lockyer_Observatory
[Country]United Kingdom 
[City]Sidmouth
[Longitude]003°1307
[Latitude]050°4116
[Frequencies]
[Antenna]Quad Yagi
[Azimut Antenna]135
[Elevation Antenna]0
[Pre-Amplifier]None
[Receiver]ICOM IC-706 MKIIG
[Observing Method]HROFFT10dB Length Datas
[Remarks]winxp
