feb| 00h| 01h| 02h| 03h| 04h| 05h| 06h| 07h| 08h| 09h| 10h| 11h| 12h| 13h| 14h| 15h| 16h| 17h| 18h| 19h| 20h| 21h| 22h| 23h|
 01|  11|  12|  8 |  13|  9 |  8 |  8 |  8 |  12|  8 |  8 |  15|  5 |  9 |  7 |  6 |  1 |  5 |  5 |  7 |  9 |  11|  5 |  9 |
 02|  6 |  12|  17|  13|  11|  8 |  15|  10|  17|  5 |  10|  6 |  6 |  7 |  2 |  6 |  4 |  4 |  5 |  9 |  7 |  6 |  6 |  5 |
 03|  7 |  5 |  7 |  9 |  11|  9 |  5 |  13|  8 |  6 |  13|  7 |  10|  5 |  5 |  5 |  5 |  10|  8 |  11|  6 |  9 |  8 |  2 |
 04|  11|  13|  4 |  16|  8 |  8 |  8 |  12|  12|  6 |  9 |  12|  12|  8 |  11|  8 |  5 |  8 |  0 |  0 |  0 |  0 |  0 |  0 |
 05|  0 |  0 |  0 |  0 |  0 |  0 |  0 |  0 |  0 |  0 |  0 |  0 |  0 |  0 |  0 |  0 |  0 |  0 |  0 |  0 |  0 |  0 |  0 |  0 |
 06|??? |??? |??? |??? |??? |??? |??? |??? |??? |??? |??? |??? |??? |??? |??? |??? |??? |??? |??? |??? |??? |??? |??? |??? |
 07|??? |??? |??? |??? |??? |??? |??? |??? |??? |??? |??? |??? |??? |??? |??? |??? |??? |??? |??? |??? |??? |??? |??? |??? |
 08|  0 |  12|  14|  20|  16|  10|  12|  12|  8 |  12|  12|  16|  11|  10|  10|  8 |  9 |  13|  8 |  13|  13|  15|  12|  15|
 09|  7 |  17|  16|  16|  16|  18|  16|  21|  21|  13|  14|  10|  16|  13|  10|  14|  9 |  8 |  6 |  9 |  14|  15|  12|  8 |
 10|  11|  9 |  15|  14|  20|  13|  14|  11|  20|  19|  11|  15|  7 |  10|  11|  8 |  6 |  7 |  7 |  8 |  13|  8 |  8 |  5 |
 11|  12|  16|  16|  13|  14|  12|  12|  20|  17|  14|  16|  13|  9 |  17|  13|  4 |  4 |  5 |  12|  10|  16|  19|  7 |  8 |
 12|  14|  20|  14|  19|  15|  23|  11|  13|  14|  8 |  22|  16|  15|  12|  13|  12|  8 |  8 |  13|  13|  10|  10|  9 |  8 |
 13|  12|  10|  17|  8 |  11|  13|  15|  20|  22|  21|  6 |  19|  15|  15|  14|  15|  4 |  12|  9 |  7 |  9 |  13|  13|  15|
 14|  13|  18|  16|  20|  24|  13|  12|  19|  15|  27|  18|  14|  9 |  16|  17|  7 |  9 |  5 |  11|  11|  9 |  9 |  12|  14|
 15|  11|  16|  14|  19|  16|  12|  17|  17|  7 |  15|  18|  18|  16|  17|  9 |  4 |  3 |  15|  14|  13|  17|  6 |  8 |  9 |
 16|  14|  19|  17|  10|  12|  16|  23|  18|  11|  0 |  0 |  16|  14|  10|  13|  7 |  14|  7 |  7 |  9 |  14|  7 |  11|  10|
 17|  12|  6 |  21|  15|  18|  20|  14|  19|  8 |  14|  10|  11|  15|  7 |  9 |  9 |  5 |  15|  9 |  11|  11|  7 |  5 |  10|
 18|  12|  11|  15|  14|  14|  20|  10|  13|  12|  11|  11|  10|  8 |  12|  7 |  13|  6 |  8 |  7 |  16|  11|  11|  20|  8 |
 19|  8 |  13|  15|  12|  16|  16|  18|  11|  14|  10|  15|  18|  14|  12|  9 |  8 |  8 |  7 |  6 |  4 |  9 |  13|  5 |  11|
 20|  6 |  11|  10|  15|  13|  15|  10|  11|  12|  12|  7 |  12|  14|  10|  12|  13|  7 |  9 |  8 |  5 |  10|  7 |  11|  12|
 21|  15|  17|  14|  8 |  15|  9 |  7 |  4 |  20|  16|  16|  11|  10|  9 |  11|  10|  10|  12|  9 |  9 |  9 |  11|  10|  12|
 22|  20|  13|  14|  12|  16|  15|  12|  20|  16|  16|  10|  12|  7 |  13|  4 |  9 |  5 |  9 |  7 |  9 |  12|  10|  11|  9 |
 23|  12|  16|  12|  16|  11|  14|  15|  19|  26|  18|  16|  21|  19|  16|  16|  13|  11|  7 |  8 |  13|  13|  13|  9 |  12|
 24|  11|  17|  16|  12|  13|  17|  15|  19|  21|  12|  17|  20|  14|  12|  14|  5 |  11|  11|  7 |  6 |  13|  11|  8 |  17|
 25|  19|  11|  28|  9 |  18|  15|  22|  12|  18|  15|  21|  22|  21|  11|  17|  6 |  2 |  13|  12|  14|  13|  16|  13|  16|
 26|  15|  13|  21|  14|  17|  18|  17|  21|  19|  16|  17|  21|  18|  14|  10|  14|  8 |  8 |  18|  12|  12|  10|  9 |  24|
 27|  17|  20|  15|  13|  20|  13|  20|  16|  17|  18|  13|  8 |  18|  11|  14|  12|  9 |  17|  9 |  16|  11|  8 |  14|  13|
 28|  10|  19|  17|  19|  13|  26|  19|  25|  21|  28|  17|  15|  14|  24|  6 |  17|  14|  7 |  7 |  11|  11|  12|  8 |  18|
 29|??? |??? |??? |??? |??? |??? |??? |??? |??? |??? |??? |??? |??? |??? |??? |??? |??? |??? |??? |??? |??? |??? |??? |??? |
 30|??? |??? |??? |??? |??? |??? |??? |??? |??? |??? |??? |??? |??? |??? |??? |??? |??? |??? |??? |??? |??? |??? |??? |??? |
 31|??? |??? |??? |??? |??? |??? |??? |??? |??? |??? |??? |??? |??? |??? |??? |??? |??? |??? |??? |??? |??? |??? |??? |??? |
[Observer]Lockyer_Observatory
[Country]United Kingdom 
[City]Sidmouth
[Longitude]003°1307
[Latitude]050°4116
[Frequencies]
[Antenna]Quad Yagi
[Azimut Antenna]135
[Elevation Antenna]0
[Pre-Amplifier]None
[Receiver]ICOM IC-706 MKIIG
[Observing Method]HROFFT20dB Count Datas
[Remarks]winxp
