aug| 00h| 01h| 02h| 03h| 04h| 05h| 06h| 07h| 08h| 09h| 10h| 11h| 12h| 13h| 14h| 15h| 16h| 17h| 18h| 19h| 20h| 21h| 22h| 23h|
 01|  24|  11|  31|  24|  27|  25|  28|  32|  27|  13|  9 |  9 |  14|  11|  12|  12|  22|  26|  15|  22|  19|  13|  19|  20|
 02|  35|  26|  31|  33|  20|  39|  18|  19|  20|  15|  12|  18|  18|  20|  17|  19|  12|  18|  13|  14|  11|  17|  11|  16|
 03|  17|  35|  25|  31|  37|  28|  23|  29|  20|  19|  10|  8 |  10|  20|  16|  18|  10|  20|  10|  7 |  24|  14|  11|  9 |
 04|  28|  20|  36|  38|  36|  42|  30|  19|  21|  23|  12|  17|  10|  14|  13|  7 |  7 |  0 |  0 |  0 |  0 |  0 |  0 |  0 |
 05|??? |??? |??? |??? |??? |??? |??? |??? |??? |??? |??? |??? |??? |??? |??? |??? |??? |??? |??? |??? |??? |??? |??? |??? |
 06|  0 |  0 |  0 |  0 |  0 |  0 |  0 |  0 |  0 |  20|  15|  12|  17|  11|  9 |  12|  11|  8 |  9 |  10|  10|  11|  12|  16|
 07|  19|  23|  33|  33|  45|  37|  21|  46|  20|  18|  17|  12|  22|  20|  11|  17|  13|  18|  18|  6 |  15|  10|  16|  13|
 08|  11|  19|  16|  27|  26|  27|  28|  44|  32|  27|  16|  24|  19|  19|  23|  17|  16|  18|  18|  15|  18|  22|  12|  34|
 09|  33|  35|  42|  26|  34|  44|  33|  37|  24|  25|  22|  29|  18|  14|  20|  15|  17|  14|  13|  14|  14|  12|  17|  22|
 10|  21|  40|  30|  36|  46|  74|  52|  58|  53|  51|  58|  45|  48|  35|  31|  29|  33|  39|  56|  50|  54|  53|  41|  57|
 11|  71|  59|  76|  95| 120| 117| 130|  71|  44|  38|  35|  37|  41|  34|  31|  42|  21|  35|  34|  20|  27|  26|  30|  63|
 12|  46|  54|  78|  68|  96|  96|  93| 113|  65|  62|  55|  52|  48|  52|  38|  39|  35|  45|  42|  53|  50|  40|  32|  43|
 13|  49|  60|  80|  74| 129| 111| 126|  79|  42|  36|  58|  40|  39|  26|  32|  37|  43|  36|  22|  22|  35|  25|  24|  36|
 14|  43|  45|  50|  68|  72|  52|  76|  53|  59|  47|  46|  29|  23|  18|  24|  30|  42|  39|  25|  22|  22|  22|  27|  38|
 15|  43|  34|  41|  35|  57|  42|  46|  31|  39|  37|  27|  25|  20|  25|  23|  37|  24|  25|  32|  30|  25|  30|  21|  23|
 16|  33|  29|  53|  43|  49|  44|  39|  11|  29|  31|  25|  39|  25|  17|  33|  37|  32|  27|  25|  23|  19|  25|  21|  26|
 17|  45|  42|  28|  47|  44|  45|  47|  41|  27|  35|  28|  43|  32|  38|  30|  31|  37|  36|  22|  33|  29|  23|  22|  32|
 18|  31|  34|  35|  38|  31|  35|  44|  36|  24|  34|  24|  19|  29|  29|  27|  33|  41|  30|  25|  26|  36|  27|  24|  23|
 19|  25|  43|  28|  48|  54|  42|  33|  37|  43|  31|  26|  32|  37|  35|  25|  33|  32|  43|  41|  14|  31|  36|  34|  21|
 20|  24|  35|  32|  34|  40|  31|  43|  20|  18|  21|  32|  29|  28|  29|  27|  33|  33|  27|  35|  43|  30|  38|  31|  44|
 21|  37|  25|  47|  54|  45|  50|  53|  44|  44|  30|  31|  30|  36|  26|  40|  33|  35|  42|  34|  39|  38|  30|  30|  33|
 22|  22|  31|  24|  40|  31|  35|  46|  28|  39|  43|  18|  31|  19|  26|  22|  35|  32|  34|  38|  37|  29|  34|  31|  30|
 23|  39|  34|  33|  24|  41|  40|  39|  31|  35|  26|  27|  22|  25|  20|  33|  37|  27|  34|  38|  31|  35|  32|  19|  38|
 24|  29|  35|  42|  42|  37|  44|  67|  39|  33|  30|  40|  29|  28|  26|  27|  25|  30|  24|  27|  24|  15|  28|  20|  32|
 25|  22|  31|  24|  29|  38|  45|  41|  30|  28|  34|  21|  24|  31|  26|  22|  39|  32|  28|  28|  32|  29|  19|  20|  30|
 26|  14|  0 |  0 |  0 |  0 |  0 |  0 |  13|  31|  21|  18|  32|  29|  22|  18|  16|  23|  24|  28|  37|  32|  26|  14|  37|
 27|  32|  34|  32|  21|  33|  24|  41|  31|  28|  8 |  0 |  0 |  0 |  0 |  0 |  0 |  0 |  0 |  0 |  0 |  0 |  0 |  0 |  0 |
 28|??? |??? |??? |??? |??? |??? |??? |??? |??? |??? |??? |??? |??? |??? |??? |??? |??? |??? |??? |??? |??? |??? |??? |??? |
 29|  0 |  0 |  0 |  0 |  0 |  0 |  0 |  0 |  0 |  0 |  0 |  18|  18|  32|  28|  20|  27|  28|  15|  13|  22|  23|  12|  28|
 30|  26|  32|  28|  25|  30|  34|  32|  28|  33|  27|  23|  18|  17|  19|  15|  18|  26|  20|  27|  24|  27|  15|  17|  24|
 31|  28|  27|  36|  18|  66| 261|  42|  24|  26|  26|  21|  22|  37|  23|  24|  16|  15|  17|  20|  17|  21|  27|  18|  21|
[Observer]Lockyer_Observatory
[Country]United Kingdom 
[City]Sidmouth
[Longitude]003°1307
[Latitude]050°4116
[Frequencies]
[Antenna]Quad Yagi
[Azimut Antenna]135
[Elevation Antenna]0
[Pre-Amplifier]None
[Receiver]ICOM IC-706 MKIIG
[Observing Method]HROFFT20dB Count Datas
[Remarks]winxp
