jun| 00h| 01h| 02h| 03h| 04h| 05h| 06h| 07h| 08h| 09h| 10h| 11h| 12h| 13h| 14h| 15h| 16h| 17h| 18h| 19h| 20h| 21h| 22h| 23h|
 01|  70|  69|  90| 119| 194| 257| 187| 267| 357| 134| 144| 158| 153| 191| 129| 170| 197|  71|  66| 126|  83|  61|  84|  72|
 02|  83|  73|  90|  94| 149| 162| 121| 102| 132| 137| 155| 148| 177| 112| 128| 164| 117|  97| 107| 116| 133|  78| 153|  75|
 03|  99| 103| 122| 141| 144| 241| 181| 216| 230| 142| 231| 190| 226| 216| 132| 118| 130| 128|  70| 116| 102|  89|  71|  78|
 04|  84|  78| 169| 151| 216| 209| 211| 170| 211| 246| 266| 217| 405| 232| 133| 158| 172| 117| 140| 199| 146| 116| 122|  84|
 05|  87| 115| 171| 152| 309|1149| 251| 188| 233| 259| 322| 266| 274| 262| 218| 236| 167| 200| 122| 254| 130|  92| 101|  97|
 06| 107| 101| 131| 164| 183| 266| 292| 194| 197| 231| 240| 292| 225| 174| 169| 123| 128|  80|  70|  76|  73|  85|  88|  88|
 07|  83| 102| 198| 349| 175| 267| 275| 328| 212| 290| 253| 263| 222| 151| 179| 117|  81|  63| 100| 148| 120|  77|  98|  80|
 08| 100|  87|  95| 166| 192| 207| 215| 190| 161| 151| 165| 221| 317| 178| 122| 122|  77|  62|  47|  65|  58|  66|  78|  70|
 09|  73|  72| 122| 155| 226| 270| 207| 136| 208| 186| 192| 228| 194| 167| 151| 131| 105|  78|  60|  68|  77|  73|  69|  69|
 10| 110| 100| 135| 174| 267| 288| 178| 134| 111| 161| 229| 202| 152| 128| 105| 111|  97|  63|  66|  58|  75|  75|  84|  70|
 11|  92|  76|  96| 106| 182| 205| 183|  36|  0 |  0 | 207| 259| 240| 489| 192| 114| 124|  95|  93| 105|  99|  96|  79|  94|
 12|  96|  98| 138| 221| 210| 261| 238| 138| 149| 136| 194| 245| 176| 198| 203| 162| 115|  79|  80| 115|  94|  99| 129| 152|
 13| 153| 155| 236| 438| 438| 608| 575| 455| 396| 356| 381| 304| 222| 151| 186| 172| 117|  76|  47|  70|  86|  68| 138|  95|
 14| 106| 100| 336| 237| 310| 375| 456| 302| 334| 321| 310| 275| 242| 177| 133| 139|  87|  99|  86|  84| 106|  70|  81| 102|
 15|  81|  90| 128| 193| 206| 294| 231| 183| 142| 105| 165| 229| 201| 164| 164| 135|  96|  69|  64|  51|  80|  84|  71| 128|
 16| 107| 101| 114| 146| 218| 265| 196| 222| 149| 129| 158| 176| 170| 171| 163| 130|  87|  81| 108|  88|  80|  86|  77|  81|
 17|  95| 103| 158| 180| 223| 224| 211| 198| 194| 163| 147| 192| 195| 183| 160| 121|  98|  63|  85|  67|  80|  90|  99|  73|
 18| 114|  94| 139| 162| 176| 255| 246| 126| 117| 121| 148| 166| 167| 150| 164| 118| 107|  77|  64|  76|  51|  94|  91|  76|
 19| 101| 109| 137| 166| 165| 211| 200| 129| 125| 122| 125| 153| 171| 133| 111| 106|  96|  78|  68|  88|  97| 128|  79|  82|
 20|  89| 103| 135| 150| 208| 233| 253| 180| 224| 152| 173| 182| 195| 155| 131| 134| 113| 102| 107| 159| 133| 153| 117| 108|
 21| 133| 117| 141| 164| 206| 199| 191| 197| 146| 179| 172| 188| 167| 154|  93| 148|  64|  68|  67|  76|  87|  86|  92| 595|
 22|  81| 123| 104| 151| 191| 235| 181| 174| 126| 138| 154| 151| 208| 155| 142|  98|  90|  64|  62|  72|  91|  91| 109| 107|
 23| 112| 123| 143| 181| 189| 296| 201| 174| 140| 125| 217| 124| 150| 181| 172| 173| 109| 153|  86| 100| 114| 138| 111| 130|
 24| 120| 110| 160| 177| 255| 304| 230| 210| 202| 171| 210| 178| 218| 149| 178| 159| 136| 121|  74|  89|  83| 104| 107| 123|
 25| 142| 135|  99| 160| 196| 252| 291| 260| 168| 177| 197| 244| 286| 196| 243| 203| 175| 134| 119| 101| 166| 157| 137| 107|
 26| 162| 124| 168| 201| 224| 241| 315| 267| 278| 235| 184| 303| 310| 201| 233| 256| 203| 210| 170| 343| 218| 206| 136| 132|
 27| 160| 136| 204| 219| 406| 385| 472| 304| 310| 315| 264| 369| 347| 165| 149| 153| 148| 119| 103| 209| 104| 112|  88| 103|
 28| 129| 135| 133| 179| 201| 262| 274| 266| 170| 245| 205| 195| 254| 172| 334| 140| 109| 101| 125|  71| 119|  81| 105| 101|
 29|  96| 240| 242| 238| 420| 251| 468| 797| 142| 145| 247| 319| 145| 289| 205| 121| 120| 106|  82| 107| 134| 148| 120| 138|
 30| 160| 142| 186| 177| 272| 253| 300| 252| 258| 219| 219| 216| 204| 195| 168| 151| 174| 166| 117| 135| 124| 116| 107| 141|
 31|??? |??? |??? |??? |??? |??? |??? |??? |??? |??? |??? |??? |??? |??? |??? |??? |??? |??? |??? |??? |??? |??? |??? |??? |
[Observer]Lockyer_Observatory
[Country]United Kingdom 
[City]Sidmouth
[Longitude]003°1307
[Latitude]050°4116
[Frequencies]
[Antenna]Quad Yagi
[Azimut Antenna]135
[Elevation Antenna]0
[Pre-Amplifier]None
[Receiver]ICOM IC-706 MKIIG
[Observing Method]HROFFT10dB Length Datas
[Remarks]winxp
