dec| 00h| 01h| 02h| 03h| 04h| 05h| 06h| 07h| 08h| 09h| 10h| 11h| 12h| 13h| 14h| 15h| 16h| 17h| 18h| 19h| 20h| 21h| 22h| 23h|
 01|  12|  24|  32|  50|  19|  45|  12|  26|  12|  0 |  0 |  0 |  0 |  0 |  13|  11|  16|  11|  25|  12|  20|  17|  23|  10|
 02|  14|  15|  37|  45|  19|  15|  21|  23|  40|  12|  22|  19|  22|  20|  17|  10|  8 |  14|  15|  20|  24|  21|  28|  18|
 03|  20|  65|  30|  23|  36|  46|  33|  73|  37|  23|  26|  38|  19|  14|  12|  12|  16|  16|  23|  21|  16|  28|  21|  16|
 04|  13|  11|  52|  57|  60|  36|  41|  27|  60|  25|  38|  46|  36|  27|  12|  31|  16|  30|  28|  21|  18|  31|  15|  22|
 05|  30|  31|  31|  30|  36|  39|  40|  33|  35|  25|  42|  24|  21|  21|  36|  24|  12|  16|  15|  19|  19|  22|  13|  23|
 06|  14|  22|  15|  50|  37|  34|  37|  42|  50|  29|  19|  28|  26|  34|  22|  20|  18|  12|  12|  8 |  28|  22|  12|  18|
 07|  15|  14|  23|  17|  34|  24|  31|  20|  21|  30|  45|  24|  14|  13|  14|  18|  9 |  12|  12|  6 |  21|  19|  16|  17|
 08|  21|  20|  38|  23|  31|  21|  34|  32|  35|  17|  13|  18|  24|  17|  11|  14|  8 |  7 |  19|  14|  23|  22|  15|  14|
 09|  12|  65|  20|  28|  22|  35|  16|  18|  26|  27|  17|  22|  16|  14|  8 |  10|  14|  14|  14|  20|  16|  26|  14|  22|
 10|  24|  15|  15|  22|  19|  13|  26|  16|  16|  18|  8 |  6 |  6 |  6 |  7 |  7 |  7 |  11|  9 |  8 |  16|  23|  23|  10|
 11|  12|  7 |  11|  24|  11|  19|  25|  22|  28|  22|  31|  9 |  20|  12|  11|  8 |  12|  9 |  14|  13|  19|  36|  35|  27|
 12|  18|  30|  28|  32|  20|  32|  28|  22|  17|  32|  14|  16|  8 |  10|  9 |  7 |  10|  16|  18|  19|  44|  67|  50|  35|
 13|  24|  16|  24|  41|  58|  89|  78|  69|  52|  29|  20|  9 |  12|  15|  8 |  10|  11|  21|  34|  61|  93| 145|  74|  64|
 14|  32|  39|  98| 179| 218| 216| 130| 169|  95|  58|  39|  32|  10|  13|  19|  7 |  19|  14|  48|  60| 125| 124| 119|  54|
 15|  41|  29|  99|  63|  82|  76|  52|  69|  34|  27|  95|  17|  29|  19|  17|  10|  9 |  7 |  14|  15|  22|  28|  16|  13|
 16|  24|  19|  49|  27|  18|  19|  23|  26|  33|  14|  25|  17|  8 |  10|  13|  31|  9 |  13|  6 |  19|  20|  26|  11|  12|
 17|  13|  23|  23|  27|  30|  8 |  11|  14|  17|  25|  21|  11|  2 |  7 |  7 |  1 |  5 |  3 |  11|  1 |  7 |  2 |  3 |  10|
 18|  7 |  9 |  15|  4 |  12|  11|  51|  8 |  4 |  5 |  16|  5 |  7 |  1 |  0 |  0 |  4 |  2 |  5 |  1 |  2 |  0 |  10|  1 |
 19|  14|  13|  9 |  20|  23|  1 |  4 |  29|  3 |  8 |  7 |  12|  2 |  9 |  6 |  2 |  2 |  1 |  5 |  1 |  3 |  3 |  3 |  13|
 20|  8 |  3 |  4 |  9 |  9 |  10|  6 |  11|  6 |  4 |  10|  8 |  5 |  4 |  3 |  7 |  4 |  5 |  4 |  0 |  3 |  2 |  3 |  3 |
 21|  4 |  8 |  6 |  3 |  14|  10|  4 |  6 |  11|  4 |  47|  7 |  9 |  7 |  4 |  10|  2 |  7 |  8 |  14|  13|  11|  54|  15|
 22|  17|  11|  24|  12|  18|  20|  22|  19|  23|  24|  96|  15|  6 |  18|  10|  16|  5 |  16|  22|  15|  17|  14|  10|  55|
 23|  42|  45|  29|  11|  20|  27|  27|  21|  16|  19|  17|  21|  18|  20|  34|  16|  7 |  10|  25|  16|  7 |  11|  11|  6 |
 24|  14|  10|  6 |  13|  19|  16|  16|  29|  13|  11|  17|  24|  19|  11|  21|  12|  4 |  8 |  14|  27|  16|  6 |  6 |  18|
 25|  13|  19|  18|  13|  17|  18|  17|  21|  23|  35|  36|  24|  12|  13|  14|  16|  7 |  8 |  8 |  12|  13|  4 |  14|  16|
 26|  22|  21|  13|  24|  26|  18|  15|  16|  16|  33|  28|  9 |  14|  16|  25|  18|  14|  18|  13|  10|  6 |  13|  14|  15|
 27|  14|  10|  16|  18|  17|  15|  22|  24|  38|  17|  19|  21|  12|  24|  14|  19|  9 |  9 |  16|  6 |  22|  10|  7 |  8 |
 28|  30|  10|  10|  12|  15|  16|  23|  19|  29|  22|  23|  16|  15|  25|  10|  8 |  13|  4 |  18|  12|  10|  13|  7 |  18|
 29|  45|  20|  40|  30|  28|  21|  16|  18|  25|  19|  21|  34|  11|  18|  11|  13|  11|  11|  7 |  14|  13|  7 |  19|  13|
 30|  26|  19|  22|  15|  24|  35|  26|  22|  22|  24|  15|  12|  20|  12|  12|  25|  13|  13|  9 |  9 |  11|  17| 168| 418|
 31| 395|  51|  19| 303|  30|  17|  30|  19|  13|  12|  24|  28|  16|  15|  12|  11|  13|  9 |  5 |  6 |  10|  12|  12|  6 |
[Observer]Lockyer_Observatory
[Country]United Kingdom 
[City]Sidmouth
[Longitude]003°1307
[Latitude]050°4116
[Frequencies]
[Antenna]Quad Yagi
[Azimut Antenna]135
[Elevation Antenna]0
[Pre-Amplifier]None
[Receiver]ICOM IC-706 MKIIG
[Observing Method]HROFFT20dB Length Datas
[Remarks]winxp
