feb| 00h| 01h| 02h| 03h| 04h| 05h| 06h| 07h| 08h| 09h| 10h| 11h| 12h| 13h| 14h| 15h| 16h| 17h| 18h| 19h| 20h| 21h| 22h| 23h|
 01|  53|  57|  51| 113|  60|  55| 111| 107| 161| 157| 104| 194|  66|  84|  60| 127|  35| 103|  67|  34|  46|  61|  39|  44|
 02|  40|  52|  55|  59|  43|  79|  62| 112| 108|  55|  60| 135|  60|  38|  33|  36|  38|  32|  37|  36|  58|  34|  40|  33|
 03|  41|  32|  38|  50|  58|  61|  55|  66|  70|  41|  68|  59|  38|  37|  20|  27|  22|  47|  19|  31|  37|  46|  44|  38|
 04|  56|  50|  52|  59|  92|  49|  79|  86| 110|  96|  68|  77|  88|  73|  70|  38|  34|  43|  0 |  0 |  0 |  0 |  0 |  0 |
 05|  0 |  0 |  0 |  0 |  0 |  0 |  0 |  0 |  0 |  0 |  0 |  0 |  0 |  0 |  0 |  0 |  0 |  0 |  0 |  0 |  0 |  0 |  0 |  0 |
 06|??? |??? |??? |??? |??? |??? |??? |??? |??? |??? |??? |??? |??? |??? |??? |??? |??? |??? |??? |??? |??? |??? |??? |??? |
 07|??? |??? |??? |??? |??? |??? |??? |??? |??? |??? |??? |??? |??? |??? |??? |??? |??? |??? |??? |??? |??? |??? |??? |??? |
 08|  0 |  45|  88| 111| 153| 109|  82| 162| 147| 124|  78|  80| 128|  93|  64|  65|1012| 737|  55|  69|  72|  70|  41|  50|
 09|  55|  73|  68|  75| 134| 115| 157| 143| 138| 106| 126|  96| 109|  79|  93|  65|  55|  59|  51|  62| 107|  76|  58|  59|
 10|  59|  70|  93|  99| 132| 125| 103| 134| 179| 186| 126| 155| 184|  94|  73|  74|  82| 101|  60| 119| 184| 162|  69|  59|
 11|  71|  81|  81|  91| 108| 122| 134| 136| 217| 323| 232| 191| 177| 212| 104|  79| 113| 169| 160| 146| 126| 202|  92| 117|
 12|  56|  68|  87| 151| 205| 204| 132| 146| 202| 114| 161| 112| 147| 183| 141| 119|  93| 131| 124| 147|  86| 163|  74|  67|
 13|  83|  66|  97|  91|  86| 136| 155| 135| 231| 182| 107| 245| 234| 158|  90| 114|  93| 121|  93|  81| 159| 147| 108| 171|
 14|  62|  69| 102| 134| 158| 150| 222| 269| 199| 210| 121| 222| 164| 248| 108| 134|  95|  77|  63|  85|  65| 109|  70|  92|
 15|  66|  78|  85| 125| 106| 134| 103| 182| 225| 161| 141| 227| 259| 148| 105| 245| 179| 171| 127|  64| 154| 117|  90|  87|
 16|  67| 103|  88| 122| 186| 223| 369| 305| 247|  0 |  0 | 193| 227| 146|  94| 114| 121| 177|  81|  87|  86|  75|  83| 109|
 17|  54|  64|  92|  89| 116| 167| 108| 160| 167| 122| 126| 120|  82|  96|  75| 101|  53|  79|  51|  73|  73|  72|  50|  53|
 18|  97|  77|  81|  84| 108| 162| 152| 187| 196| 392| 192| 141|  75| 104|  42|  60|  63|  92|  51|  77| 137|  72| 119|  56|
 19|  53|  76|  73| 121| 114| 187| 113| 122| 194| 136|  99| 150|  77| 142|  70| 110| 142|  65|  81|  73| 181| 113|  51|  57|
 20|  48| 105| 154| 166| 137| 111| 195| 137| 186| 126| 108| 120| 103| 189| 102|  63|  58|  51|  50|  71| 113|  75|  76|  40|
 21|  66|  79| 213| 206| 126|  77| 164|  76| 175|  93|  79|  94| 121| 120| 116| 122|  92|  71|  87|  67|  70|  74|  74|  58|
 22|  77|  57|  78|  87| 135| 178| 144| 152| 146| 170| 153| 116| 126| 126|  75|  72| 125|  53|  83|  95| 114| 145| 162|  69|
 23|  87|  90|  95| 101| 176| 388| 229| 292| 269| 252| 286| 230| 209| 184| 167| 182| 196| 211| 120| 123| 175| 112|  74|  81|
 24|  98|  84| 114| 106| 117| 211| 195| 243| 306| 158| 208| 259| 210| 201|  69| 105|  87| 122|  77|  94| 101|  81|  65| 116|
 25|  81|  81|  88| 101| 176| 184| 233| 220| 180| 183| 121| 201| 126| 103|  91|  76|  60|  82|  79| 125|  83| 114| 111|  71|
 26|  81|  75|  94| 156| 132| 200| 142| 298| 324| 193| 200| 210| 130| 133| 129| 127| 130|  84|  60|  93|  89| 134|  62| 109|
 27|  66|  82|  85| 103| 112| 136| 227| 259| 336| 359| 186| 146| 167| 167| 145| 134| 208| 156|  94| 108| 188| 131| 161|  85|
 28|  74|  80| 101| 140|  99| 287| 222| 284| 437| 389| 379| 340| 322| 213| 128| 151| 199| 187| 110| 114| 117| 155| 230| 101|
 29|??? |??? |??? |??? |??? |??? |??? |??? |??? |??? |??? |??? |??? |??? |??? |??? |??? |??? |??? |??? |??? |??? |??? |??? |
 30|??? |??? |??? |??? |??? |??? |??? |??? |??? |??? |??? |??? |??? |??? |??? |??? |??? |??? |??? |??? |??? |??? |??? |??? |
 31|??? |??? |??? |??? |??? |??? |??? |??? |??? |??? |??? |??? |??? |??? |??? |??? |??? |??? |??? |??? |??? |??? |??? |??? |
[Observer]Lockyer_Observatory
[Country]United Kingdom 
[City]Sidmouth
[Longitude]003°1307
[Latitude]050°4116
[Frequencies]
[Antenna]Quad Yagi
[Azimut Antenna]135
[Elevation Antenna]0
[Pre-Amplifier]None
[Receiver]ICOM IC-706 MKIIG
[Observing Method]HROFFT10dB Length Datas
[Remarks]winxp
