oct| 00h| 01h| 02h| 03h| 04h| 05h| 06h| 07h| 08h| 09h| 10h| 11h| 12h| 13h| 14h| 15h| 16h| 17h| 18h| 19h| 20h| 21h| 22h| 23h|
 01|  29|  29|  28|  29|  27|  38|  37|  39|  29|  69|  34|  27|  30|  23|  40|  20|  23|  20|  15|  22|  21|  15|  12|  34|
 02|  48|  25|  22|  23|  28|  37|  46|  36|  38|  43|  41|  35|  35|  39|  34|  31|  22|  21|  22|  12|  26|  15|  27|  18|
 03|  16|  18|  33|  32|  28|  39|  32|  27|  41|  30|  75|  33|  39|  29|  21|  35|  18|  27|  23|  22|  16|  17|  9 |  16|
 04|  19|  15|  18|  20|  21|  22|  30|  24|  24|  20|  48|  30|  24|  20|  18|  19|  17|  18|  18|  22|  25|  14|  14|  8 |
 05|  33|  21|  38|  37|  35|  54|  47|  78|  37|  49|  37|  33|  36|  32|  27|  43|  29|  29|  31|  25|  25|  20|  19|  35|
 06|  24|  46|  58|  35|  54|  58|  41|  59|  31|  41|  46|  52|  50|  35| 131|  39|  31|  27|  28|  22|  30|  38|  18|  28|
 07|  26|  35|  49|  38|  27|  31|  49|  57|  52|  44|  32|  33|  39|  50|  32|  25|  32|  28|  18|  43|  37|  30|  31|  21|
 08|  42|  35|  67|  33|  48|  33|  51|  78|  44|  33|  53|  58|  39|  38|  33|  42|  24|  39|  42|  29|  32|  35|  31|  43|
 09|  29|  40|  37|  37|  40|  31|  51|  34|  32|  37|  55|  34|  35|  35|  50|  29|  34|  31|  23|  36|  33|  22|  20|  30|
 10|  15|  35|  33|  23|  36|  39|  32|  35|  27|  56|  25|  26|  22|  26|  28|  44|  29|  26|  20|  24|  28|  22|  35|  15|
 11|  35|  29|  31|  33|  34|  33|  43|  63|  34|  38|  53|  35|  30|  39|  28|  31|  26|  30|  21|  30|  28|  21|  13|  27|
 12|  18|  38|  30|  36|  33|  39|  46|  31|  42|  30|  24|  39|  34|  44|  35|  24|  34|  50|  26|  30|  30|  27|  19|  24|
 13|  35|  36|  40|  44|  49|  32|  51|  40|  33|  37|  32|  47|  49|  38|  55|  34|  26|  40|  30|  41|  21|  26|  21|  27|
 14|  40|  38|  41|  37|  31|  28|  67|  36|  84| 120|  21|  37|  44|  44|  28|  34|  28|  23|  19|  37|  31|  36|  16|  18|
 15|  24|  21|  35|  36|  56|  74|  49|  41|  20|  38|  80|  38|  30|  41|  25|  42|  25|  20|  28|  40|  32|  30|  23|  32|
 16|  51|  43|  21|  23|  32|  51|  39|  47|  27|  33|  42|  38|  35|  30|  28|  30|  20|  17|  31|  27|  23|  20|  28|  27|
 17|  37|  18|  43|  33|  35|  38|  41|  33|  48|  33|  38|  36|  44|  24|  30|  19|  19|  27|  25|  33|  22|  20|  18|  30|
 18|  23|  23|  30|  35|  22|  41|  29|  28|  35|  29|  24|  38|  49|  33|  26|  18|  26|  18|  15|  15|  26|  19|  9 |  33|
 19|  18|  21|  33|  33|  28|  34|  43|  27|  44|  25|  27|  33|  23|  22|  13|  28|  26|  16|  22|  33|  35|  23|  22|  14|
 20|  44|  37|  36|  27|  30|  37|  45|  47|  40|  37|  29|  25|  4 |  21|  25|  25|  28|  34|  40|  25|  25|  24|  34|  32|
 21|  17|  42|  34|  32|  33|  43|  46|  31|  31|  0 |  56|  38|  7 |  0 |  0 |  22|  29|  26|  30|  35|  38|  36|  15|  22|
 22|  34|  43|  22|  47|  53|  57|  53|  23|  53|  59|  55|  32|  12|  25|  25|  36|  28|  26|  32|  35|  27|  27|  21|  17|
 23|  65|  35|  41|  41|  38|  27|  50|  59|  37|  26|  47|  46|  32|  25|  41|  34|  46|  24|  23|  26|  27|  19|  29|  21|
 24|  24|  27|  23|  25|  32|  80|  55|  40|  37|  41|  22|  35|  28|  28|  25|  20|  14|  34|  20|  29|  30|  20|  18|  15|
 25|  19|  22|  24|  33|  27|  29|  28|  39|  53|  39|  21|  39|  32|  29|  31|  38|  26|  28|  46|  15|  19|  13|  11|  15|
 26|  28|  23|  26|  31|  30|  36|  41|  31| 450| 727| 259|  30|  23|  51| 418| 530|  32|  23|  23|  31|  24|  22|  11|  39|
 27| 137|  38|  24|  33|  30|  28|  48|  28|  31|  40|  18|  22|  27|  23|  27|  32|  19|  24|  29|  36|  25|  25|  17|  18|
 28|  17|  77| 365|  37|  27|1247|1155|3332|2292|3417|3239|1513| 443|  98|  28|  22|  14|  15|  30|  29|  34|  21|  27|  17|
 29|  31|  45|  28|  32|  35|  26|  33|  34|  23|  35|  31|  26|  24|  29|  37|  19|  28|  24|  21|1066|1523|  57| 481| 420|
 30|1868|1721|1483|1337|1151| 350|  37|  48|  25|  46|  29|  19|  24|  12|  30|  26|  16|  21|  28|  24|  31|  22|  24|  24|
 31|  19|  26|  26|  29|  27|  21|  32|  34|  31|  16|  50|  30|  29|  27|  16|  23|  16|  23|  22|  30|  24|  20|  8 |  21|
[Observer]Lockyer_Observatory
[Country]United Kingdom 
[City]Sidmouth
[Longitude]003°1307
[Latitude]050°4116
[Frequencies]
[Antenna]Quad Yagi
[Azimut Antenna]135
[Elevation Antenna]0
[Pre-Amplifier]None
[Receiver]ICOM IC-706 MKIIG
[Observing Method]HROFFT20dB Length Datas
[Remarks]winxp
