jul| 00h| 01h| 02h| 03h| 04h| 05h| 06h| 07h| 08h| 09h| 10h| 11h| 12h| 13h| 14h| 15h| 16h| 17h| 18h| 19h| 20h| 21h| 22h| 23h|
 01| 126| 132| 132| 150| 164| 201| 220|  35|??? |??? | 120| 139| 126| 129| 107| 119| 104|  82|  75|  86|  99| 110| 118| 144|
 02| 116| 134| 138| 157| 214| 311| 310| 183| 251| 133| 201| 342| 224| 145| 165| 145| 127| 107| 109| 136| 140| 126| 145| 123|
 03| 148| 127| 163| 166| 183| 266| 255| 188| 198| 200| 181| 163| 188| 139| 141| 110| 108| 106|  80| 102| 142| 102| 115| 106|
 04| 135| 128| 156| 148| 230| 239| 373| 225| 241| 157| 191| 192| 198| 137| 198| 172| 168| 202|  84| 527| 228| 246|  89| 101|
 05|  94| 105| 112| 170| 180| 231| 457| 545| 298| 146| 376|??? |??? |??? | 120| 129| 108| 156|  37|??? |  22|  9 |??? |  0 |
 06| 06|??? |??? |??? |??? |??? |??? |??? |??? |??? |??? |??? |??? |??? |??? |??? |??? |??? |??? |??? |??? |??? |??? |??? |??? |
 07| 07|??? |??? |??? |??? |??? |??? |??? |??? |??? |??? |??? |??? |??? |??? |??? |??? |??? |??? |??? |??? |??? |??? |??? |??? |
 08| 08|??? |??? |??? |??? |??? |??? |??? |??? |??? |??? |??? |??? |??? |??? |??? |??? |??? |??? |??? |??? |??? |??? |??? |??? |
 09|??? |??? |??? |??? |??? |??? |??? |??? |  13|??? |??? |??? |??? |??? |??? |??? |??? |??? |??? |??? |??? |??? |??? |  0 |
 10| 10|??? |??? |??? |??? |??? |??? |??? |??? |??? |??? |??? |??? |??? |??? |??? |??? |??? |??? |??? |??? |??? |??? |??? |??? |
 11|??? |??? |??? |??? |??? |??? |??? |??? |??? |??? |??? |??? |??? |  70|  94|  85|  99|  51|  82|  91|  81| 139| 135| 778|
 12| 646| 495| 103| 112| 167| 163| 179| 151|  95| 104| 104| 111| 112|  91|  71|  92|  72|  90|  64| 121| 120| 220| 195|  96|
 13| 124| 104| 121| 121| 140| 156| 225| 146| 139| 123| 154| 130|  93| 107| 104|  80|  86|  96|  86|  97| 106|  98| 111| 116|
 14| 125| 139| 111| 124| 215| 212| 228| 233| 194| 169| 142| 127| 142| 107| 123| 137| 103| 123|  80| 151|  88| 101|  98| 129|
 15| 168| 122| 115| 115| 154| 164| 192| 153| 138| 122| 123| 111|  92|  70|  82|  80|  63|  80|  72|  76| 105| 100|  91| 122|
 16| 117| 120| 234| 181| 146| 142| 171| 126| 118|  87| 107| 105|  89|  74|  64|  78|  59|  60|  56| 111|  76| 335| 369| 115|
 17| 146| 122|  95| 129| 122| 117| 119| 120| 112| 111|  94| 132| 105| 355| 220|  73|  66|  67|  72|  79|  22|??? |??? |  0 |
 18|??? |??? |??? |??? |??? |??? |??? |??? |??? |??? |??? | 113| 190| 174| 154| 152| 154| 156| 137| 167| 202| 422| 306| 307|
 19| 159| 184| 180| 195| 197| 208| 244| 208| 142| 134| 184| 169| 195| 153| 113| 149| 101|  84|  69|  72|  84|  81|  98|  95|
 20| 122| 138| 135| 148| 171| 175| 191| 144| 139| 129| 113|  83|  86|  83|  78|  52|  64|  60|  65|  80|  82| 102| 104| 127|
 21| 154| 128| 152| 145| 163| 161| 205| 163| 126| 165| 147| 120| 108| 103| 101|  91|  82|  68|  70| 107| 102| 108|  86| 139|
 22| 144| 146| 168| 160| 197| 189| 189| 148| 201| 204| 232| 202| 234| 140| 156| 138| 106| 135| 125| 140| 155| 140| 116| 167|
 23| 146| 169| 224| 194| 261| 319| 315| 254| 292| 175| 158| 175| 181|  79|  67|  54|  47|  50|  50|  77|  55|  62|  77|  92|
 24|  99| 120| 120| 113| 135| 145| 117| 100|  94|  76|  74|  81|  69|  58|  51|  85|  78|  51|  51|  59|  64|  77|  71|  93|
 25| 117| 104|  96| 125| 113| 111|  99|  84|  81|  70|  79|  81|  60|  65|  54|  76|  57|  58|  52|  74|  71|  59|  68| 108|
 26|  82| 110| 130| 131| 129| 176| 114|  78|  97|  67|  77|  66|  57|  65|  48|  51|  64|  62|  60|  68|  52|  72|  68| 126|
 27| 117| 115| 131| 103| 108| 109| 113|  94|  74|  67|  68|  61|  67|  57|  60|  60|  50|  66|  59|  73|  74|  70| 139| 118|
 28| 141| 121| 140| 170| 174| 138| 144| 102| 115| 119| 111|  74|  95|  86|  68|  63|  63|  64|  64|  55|  61|  73|  64|  93|
 29| 129| 134| 124| 116| 114| 105| 104|  87|  84|  87|  64|  71|  68|  56|  51|  61|  63|  54|  64|  66|  90|  76|  72|  87|
 30|  99| 118| 109| 136| 146| 141| 130| 112| 112|  97|  94|  94|  73|  79|  79|  66|  69|  43|  50|  64|  68|  62|  67| 103|
 31| 114| 112| 114|  92| 111| 117|  91|  63|  82|  64|  57|  61|  89|  53|  76|  63|  57|  56|  52|  53|  76|  62|  63|  86|
[Observer]Lockyer_Observatory
[Country]United Kingdom 
[City]Sidmouth
[Longitude]003°1307
[Latitude]050°4116
[Frequencies]
[Antenna]Quad Yagi
[Azimut Antenna]135
[Elevation Antenna]0
[Pre-Amplifier]None
[Receiver]ICOM IC-706 MKIIG
[Observing Method]HROFFT10dB Count Datas
[Remarks]winxp
