sep| 00h| 01h| 02h| 03h| 04h| 05h| 06h| 07h| 08h| 09h| 10h| 11h| 12h| 13h| 14h| 15h| 16h| 17h| 18h| 19h| 20h| 21h| 22h| 23h|
 01|  6 |  4 |  7 |  5 |  12|  8 |  10|  7 |  10|  5 |  9 |  19|  9 |  2 |  11|  1 |  4 |  4 |  4 |  3 |  1 |  7 |  4 |  6 |
 02|  5 |  11|  27|  9 |  8 |  3 |  9 |  8 |  6 |  7 |  6 |  8 |  5 |  7 |  5 |  11|  3 |  7 |  2 |  4 |  5 |  5 |  8 |  4 |
 03|  5 |  5 |  13|  9 |  3 |  5 |  1 |  0 |  0 |  0 |  0 |  0 |  0 |  7 |  5 |  6 |  8 |  6 |  2 |  2 |  3 |  6 |  2 |  2 |
 04|  3 |  6 |  28|  0 |  8 |  0 |  8 |  2 |  5 |  2 |  0 |  0 |  3 |  6 |  8 |  6 |  7 |  1 |  4 |  4 |  3 |  1 |  2 |  6 |
 05|  4 |  3 |  5 |  5 |  5 |  16|  5 |  10|  7 |  2 |  4 |  4 |  2 |  2 |  3 |  4 |  1 |  1 |  2 |  2 |  8 |  9 |  5 |  6 |
 06|  21|  1 |  3 |  4 |  14|  6 |  4 |  5 |  3 |  3 |  14|  4 |  7 |  4 |  8 |  4 |  1 |  7 |  3 |  11|  7 |  3 |  5 |  4 |
 07|  4 |  6 |  10|  8 |  5 |  5 |  6 |  4 |  4 |  6 |  2 |  4 |  7 |  0 |  5 |  6 |  6 |  8 |  2 |  23|  2 |  10|  1 |  9 |
 08|  1 |  7 |  6 |  7 |  5 |  5 |  12|  6 |  7 |  6 |  10|  9 |  4 |  7 |  10|  6 |  1 |  4 |  5 |  6 |  6 |  6 |  2 |  4 |
 09|  30|  3 |  1 |  18|  10|  10|  9 |  5 |  20|  4 |  3 |  13|  4 |  8 |  2 |  2 |  7 |  4 |  4 |  9 |  3 |  3 |  14|  4 |
 10|  5 |  23|  3 |  5 |  9 |  7 |  14|  10|  4 |  5 |  4 |  4 |  5 |  5 |  3 |  3 |  7 |  6 |  4 |  2 |  8 |  2 |  3 |  9 |
 11|  6 |  4 |  17| 496| 413| 190|  17|  17|  3 |  30|  13|  3 |  5 |  4 |  5 |  7 |  1 |  5 |  1 |  5 |  4 |  3 |  4 |  3 |
 12|  7 |  1 |  6 |  9 |  4 |  14|  5 |  13|  8 |  4 |  10|  8 |  1 |  6 |  6 |  6 |  7 |  6 |  1 |  2 |  4 |  10|  7 |  8 |
 13|  5 |  10|  15|  10|  10|  7 |  9 |  8 |  6 |  6 |  7 |  13|  5 |  4 |  10|  4 |  12|  1 |  4 |  4 |  6 |  5 |  2 |  7 |
 14|  6 |  1 |  9 |  17|  8 |  5 |  8 |  14|  2 |  10|  1 |  4 |  3 |  4 |  1 |  7 |  3 |  12|  8 |  6 |  3 |  3 |  1 |  2 |
 15|  9 |  11|  4 |  5 |  2 |  8 |  8 |  5 |  13|  9 |  8 |  4 |  17|  5 |  4 |  3 |  5 |  7 |  3 |  9 |  1 |  2 |  8 |  4 |
 16|  8 |  7 |  3 |  3 |  1 |  3 |  7 |  1 |  1 |  13|  9 |  5 |  3 |  5 |  7 |  1 |  4 |  5 |  4 |  6 |  5 |  4 |  1 |  1 |
 17|  8 |  5 |  3 |  15|  6 |  6 |  13|  4 |  8 |  3 |  9 |  2 |  3 |  12|  4 |  11|  4 |  6 |  3 |  4 |  7 |  2 |  6 |  5 |
 18|  6 |  2 |  9 |  9 |  4 |  15|  19|  4 |  5 |  23|  9 |  5 |  8 |  10|  8 |  5 |  13|  4 |  0 |  4 |  6 |  8 |  4 |  5 |
 19|  7 |  4 |  1 |  7 |  8 |  6 |  21|  5 |  5 |  5 |  2 |  2 |  4 |  3 |  2 |  0 |  0 |  0 |  0 |  0 |  0 |  0 |  0 |  0 |
 20|??? |??? |??? |??? |??? |??? |??? |??? |??? |??? |??? |??? |??? |??? |??? |??? |??? |??? |??? |??? |??? |??? |??? |??? |
 21|??? |??? |??? |??? |??? |??? |??? |??? |??? |??? |??? |??? |??? |??? |??? |??? |??? |??? |??? |??? |??? |??? |??? |??? |
 22|??? |??? |??? |??? |??? |??? |??? |??? |??? |??? |??? |??? |??? |??? |??? |??? |??? |??? |??? |??? |??? |??? |??? |??? |
 23|??? |??? |??? |??? |??? |??? |??? |??? |??? |??? |??? |??? |??? |??? |??? |??? |??? |??? |??? |??? |??? |??? |??? |??? |
 24|??? |??? |??? |??? |??? |??? |??? |??? |??? |??? |??? |??? |??? |??? |??? |??? |??? |??? |??? |??? |??? |??? |??? |??? |
 25|??? |??? |??? |??? |??? |??? |??? |??? |??? |??? |??? |??? |??? |??? |??? |??? |??? |??? |??? |??? |??? |??? |??? |??? |
 26|  0 |  0 |  0 |  0 |  0 |  0 |  0 |  0 |  0 |  0 |  0 |  7 |  7 |  5 |  4 |  8 |  6 |  3 |  6 |  8 |  9 |  2 |  3 |  7 |
 27|  6 |  5 |  5 |  7 |  8 |  8 |  3 |  26|  3 |  2 |  6 |  3 |  5 |  5 |  3 |  6 |  3 |  4 |  4 |  5 |  1 |  5 |  4 |  3 |
 28|  5 |  10|  5 |  10|  11|  9 |  7 |  3 |  4 |  7 |  5 |  8 |  0 |  6 |  10|  7 |  3 |  10|  3 |  3 |  3 |  3 |  3 |  3 |
 29|  11|  15|  5 |  3 |  7 |  10|  6 |  15|  9 |  7 |  9 |  7 |  3 |  12|  6 |  4 |  4 |  5 |  2 |  4 |  9 |  13|  0 |  6 |
 30|  4 |  25|  6 |  3 |  4 |  6 |  7 |  10|  7 |  5 |  3 |  7 |  5 |  5 |  7 |  3 |  2 |  3 |  8 |  1 |  2 |  4 |  4 |  6 |
 31|??? |??? |??? |??? |??? |??? |??? |??? |??? |??? |??? |??? |??? |??? |??? |??? |??? |??? |??? |??? |??? |??? |??? |??? |
[Observer]Lockyer_Observatory
[Country]United Kingdom 
[City]Sidmouth
[Longitude]003°1307
[Latitude]050°4116
[Frequencies]
[Antenna]Quad Yagi
[Azimut Antenna]135
[Elevation Antenna]0
[Pre-Amplifier]None
[Receiver]ICOM IC-706 MKIIG
[Observing Method]HROFFT30dB Length Datas
[Remarks]winxp
