sep| 00h| 01h| 02h| 03h| 04h| 05h| 06h| 07h| 08h| 09h| 10h| 11h| 12h| 13h| 14h| 15h| 16h| 17h| 18h| 19h| 20h| 21h| 22h| 23h|
 01| 176| 170| 153| 225| 389| 443| 481| 503| 474| 851| 550| 511| 415| 363| 365| 580| 392| 364| 285| 576| 325| 241| 211| 236|
 02| 218| 166| 258| 248| 299| 543| 504| 543| 526| 458| 439| 473| 449| 588| 379| 428| 383| 229| 270| 552| 402| 242| 185| 135|
 03| 133| 153| 153| 195| 285| 219| 321|  0 |  0 |  0 |  0 |  0 |  0 |  97| 242| 245| 161| 237| 185| 259| 242| 156| 158| 122|
 04| 129| 228|1618| 368| 324| 471| 437| 236| 511| 384| 355| 297| 491| 333| 273| 237| 139| 165| 204| 347| 315| 250| 116| 144|
 05| 125| 122| 145| 136| 171| 255| 274| 306| 296| 211| 303| 367| 296| 205| 173| 270| 213| 120| 189| 306| 377| 160| 190| 106|
 06| 162|  99| 116| 112| 182| 205| 266| 286| 327| 311| 294| 246| 281| 156| 156| 151| 133| 152| 212| 335| 317| 158| 127| 115|
 07| 160| 106| 140| 207| 257| 539| 571| 355| 394| 275| 252| 287| 314|  96| 220| 165| 151| 188| 130| 254| 262| 162| 100| 137|
 08| 118| 153| 138| 142| 175| 306| 396| 412| 384| 361| 426| 397| 335| 285| 298| 281| 181| 396| 247| 568| 262| 392| 155| 140|
 09| 182| 148| 202| 220| 268| 393| 468| 578| 663| 439| 570| 617| 533| 364| 254| 493| 803| 454| 313| 533| 355| 476| 156| 182|
 10| 136| 176| 183| 259| 755|1452| 512| 410| 407| 244| 324| 285| 351| 356| 202| 283| 242| 178| 200| 480|1087|1021| 326| 258|
 11| 138| 262|1999|3149|3431|2327| 435| 336| 447| 306| 341| 288| 303| 245| 225| 295| 165| 198| 167| 387| 242| 164| 243| 136|
 12| 116| 130| 136| 185| 205| 339| 351| 372| 442| 302| 314| 366| 307| 318| 323| 324| 359| 245| 147| 412| 241| 178| 191| 417|
 13| 133| 120| 139| 173| 239| 276| 390| 444| 224| 272| 242| 309| 242| 195| 205| 377| 180| 192| 193| 337| 317| 177| 164| 191|
 14| 173| 128| 180| 174| 214| 356| 448| 410| 413| 445| 412| 380| 388| 405| 296| 304| 305| 275| 233| 454| 233| 187| 135| 106|
 15| 137| 212| 148| 232| 186| 219| 441| 415| 468| 511| 624| 309| 408| 256| 293| 406| 214| 180| 183| 293| 170| 153| 136| 105|
 16| 119| 150| 183| 156| 143| 231| 231| 294| 302| 257| 308| 275| 292| 237| 186| 177| 239| 164| 126| 302| 210| 208| 113| 108|
 17| 126| 119| 151| 207| 215| 371| 337| 279| 420| 373| 277| 287| 239| 217| 183| 224| 144| 128| 142| 186| 198| 162|  92|  86|
 18| 128| 118| 174| 159| 149| 274| 337| 218| 264| 241| 252| 198| 194| 229| 157| 206| 153| 126| 108| 200| 182| 164| 111|  99|
 19| 116| 127| 121| 142| 169| 355| 501| 322| 288| 244| 259| 290| 348| 315|  95|  0 |  0 |  0 |  0 |  0 |  0 |  0 |  0 |  0 |
 20|??? |??? |??? |??? |??? |??? |??? |??? |??? |??? |??? |??? |??? |??? |??? |??? |??? |??? |??? |??? |??? |??? |??? |??? |
 21|??? |??? |??? |??? |??? |??? |??? |??? |??? |??? |??? |??? |??? |??? |??? |??? |??? |??? |??? |??? |??? |??? |??? |??? |
 22|??? |??? |??? |??? |??? |??? |??? |??? |??? |??? |??? |??? |??? |??? |??? |??? |??? |??? |??? |??? |??? |??? |??? |??? |
 23|??? |??? |??? |??? |??? |??? |??? |??? |??? |??? |??? |??? |??? |??? |??? |??? |??? |??? |??? |??? |??? |??? |??? |??? |
 24|??? |??? |??? |??? |??? |??? |??? |??? |??? |??? |??? |??? |??? |??? |??? |??? |??? |??? |??? |??? |??? |??? |??? |??? |
 25|??? |??? |??? |??? |??? |??? |??? |??? |??? |??? |??? |??? |??? |??? |??? |??? |??? |??? |??? |??? |??? |??? |??? |??? |
 26|  0 |  0 |  0 |  0 |  0 |  0 |  0 |  0 |  0 |  42| 155| 314| 301| 184| 180| 202| 180| 224| 248| 293| 332| 187| 170| 114|
 27| 103| 113| 135| 178| 228| 285| 360| 271| 408| 294| 261| 298| 301| 243| 215| 251| 226| 169| 174| 350| 351| 192| 103| 124|
 28| 101| 113| 127| 142| 204| 321| 304| 250| 244| 230| 280| 271| 257| 181| 189| 192| 180| 177| 134| 195| 183|  95|  72|  83|
 29| 101| 156|  97| 160| 197| 302| 217| 233| 314| 194| 268| 201| 231| 236| 242| 248| 136| 217| 137| 247| 169| 171|  89| 108|
 30| 104| 159| 155| 139| 163| 240| 271| 274| 285| 276| 250| 274| 222| 186| 176| 187| 200| 226| 113| 291| 178| 164|  89| 117|
 31|??? |??? |??? |??? |??? |??? |??? |??? |??? |??? |??? |??? |??? |??? |??? |??? |??? |??? |??? |??? |??? |??? |??? |??? |
[Observer]Lockyer_Observatory
[Country]United Kingdom 
[City]Sidmouth
[Longitude]003°1307
[Latitude]050°4116
[Frequencies]
[Antenna]Quad Yagi
[Azimut Antenna]135
[Elevation Antenna]0
[Pre-Amplifier]None
[Receiver]ICOM IC-706 MKIIG
[Observing Method]HROFFT10dB Length Datas
[Remarks]winxp
