4
11
1
33
222
127
173
212
211
121
1
2
4
5
34
87
48
39
71
114
107
40
4
11
9
10
18
28
33
27
3
10
1
32
156
180
185
161
175
155
1
32
113
150
141
131
133
123
11
7
1
2
25
51
41
100
130
121
102
4
35
38
20
84
48
42
51
1
3
1
16
8
36
54
38
31
41
39
18
1
7
4
4
6
9
13
7
13
11
16
21
5
8
2
5
6
2
6
8
7
10
8
14
18
31
18
25
32
19
11
5
4
10
9
29
24
41
32
36
34
45
7
7
8
10
5
30
22
37
36
34
34
33
10
56
8
9
17
22
28
26
33
36
18
44
16
13
14
13
26
31
38
72
58
39
38
41
46
37
68
51
45
75
52
54
31
27
52
18
16
8
43
29
44
42
35
14
6
62
112
10
67
55
43
73
40
28
39
24
14
12
4
12
22
17
9
8
13
9
31
21
31
5
41
25
15
10
57
22
20
21
13
12
2
41
50
109
254
245
123
31
28
32
27
12
11
40
31
31
32
30
23
32
26
25
11
4
5
97
19
22
20
14
69
23
25
26
39
17
11
10
80
78
7
4
2
8
12
5
9
1
7
10
6
4
1
8
14
17
2
6
7
5
7
5
8
2
5
7
12
24
8
10
3
4
12
1
18
15
13
9
12
9
7
6
14
3
1
4
7
8
1
11
1
3
1
8
12
6
9
5
15
2
3
3
2
1
1
2
28
23
27
11
8
12
23
9
15
7
7
7
13
4
1
3
14
23
20
5
4
3
17
25
1
12
5
8
7
7
11
21
9
7
8
12
12
4
1
1
6
20
5
32
12
12
8
1
5
3
5
2
15
24
14
9
15
7
1
5
4
34
24
24
3
19
14
7
21
19
12
1
11
16
10
10
9
11
5
2
3
9
16
19
11
13
16
6
1
13
11
5
4
43
28
23
31
24
7
7
11
13
7
6
4
6
46
45
34
23
19
8
7
6
5
7
5
3
43
13
29
19
9
6
10
7
9
11
28
18
7
13
14
10
4
1
5
31
19
6
6
7
3
6
12
4
6
7
11
13
12
7
39
4
30
10
18
4
20
10
6
2
2
10
6
34
4
6
3
9
3
7
7
15
21
22
13
8
9
4
3
5
2
14
37
11
5
7
6
7
4
18
3
6
3
76
63
62
41
39
31
27
19
19
20
12
15
190
167
116
118
158
181
40
19
6
12
5
182
143
115
75
54
4
9
6
3
13
70
18
30
31
23
10
9
5
8
65
6
9
5
18
27
2
66
1
3
2
2
5
4
1
1
2
1
2
2
2
27
84
33
54
29
14
25
17
26
13
14
18
16
45
38
44
28
22
15
10
19
22
19
30
15
34
28
15
28
33
15
23
15
15
47
13
27
20
9
17
17
46
57
46
25
33
27
17
17
17
16
14
12
63
51
45
52
30
15
7
19
18
20
14
62
42
15
37
15
16
16
18
12
21
22
14
56
46
50
47
20
16
18
4
19
23
8
16
51
40
29
31
24
25
14
1
37
18
16
16
19
30
16
13
13
32
44
10
13
17
29
17
17
10
16
8
42
34
25
12
11
19
7
13
14
5
5
2
16
30
15
10
18
8
10
12
9
11
8
5
37
36
29
31
18
23
24
16
21
16
15
13
42
61
33
34
23
16
12
10
18
10
21
17
42
36
22
20
24
25
13
11
12
20
15
13
17
29
14
8
2
28
30
22
27
12
25
21
27
24
26
22
15
4
11
22
14
24
20
7
12
36
30
27
32
21
16
20
14
12
14
9
5
51
46
31
26
30
19
9
17
20
12
9
5
30
38
24
25
18
17
13
17
15
15
16
14
38
30
34
28
19
24
16
7
14
12
13
9
42
48
17
31
16
11
12
17
27
10
11
11
16
12
23
10
15
9
53
68
48
54
19
19
17
1
70
58
35
53
16
24
30
14
24
5
31
42
29
24
20
5
22
23
16
21
15
5
50
40
44
29
14
17
12
23
18
11
14
16
16
17
29
28
18
12
15
19
78
62
70
67
42
28
21
18
24
11
19
27
107
88
67
64
41
34
37
21
28
28
16
13
26
28
26
34
43
32
16
18
24
20
16
25
24
38
18
20
32
29
21
19
12
16
9
28
17
22
39
35
32
17
19
20
17
13
9
73
37
29
5
27
31
24
32
14
15
20
39
54
47
56
43
46
24
21
17
10
8
8
70
46
42
50
35
33
49
43
30
26
15
13
98
88
60
73
59
59
41
31
41
25
35
19
92
86
73
83
68
83
72
66
44
29
36
13
83
50
51
45
47
37
36
25
41
24
23
69
58
61
56
48
44
49
71
37
14
21
23
93
67
76
62
44
58
49
46
27
28
14
14
44
98
78
72
49
46
52
42
40
36
33
18
94
73
69
67
74
64
52
52
44
31
11
17
99
97
60
74
68
73
44
34
19
22
13
15
110
82
71
78
63
69
43
45
32
30
24
24
111
103
44
68
68
50
55
33
36
24
24
9
93
76
90
72
50
44
54
39
24
41
13
21
66
102
74
82
69
43
36
30
42
23
20
8
67
93
82
77
73
55
59
37
33
38
40
17
94
53
29
47
11
