19
3
11
85
111
91
58
49
16
51
17
3
2
2
78
136
139
103
108
59
73
20
1
99
104
69
34
9
99
101
93
40
36
21
21
7
4
4
29
81
46
65
55
21
42
13
9
2
3
7
4
2
108
60
91
71
45
31
14
5
14
28
1
6
12
10
15
16
12
15
8
3
1
2
5
4
23
23
12
27
8
7
6
6
3
7
15
1
1
13
20
15
7
11
7
3
2
5
9
18
20
16
13
16
14
10
6
6
10
9
13
26
11
18
23
23
13
10
7
7
13
7
14
30
16
26
25
22
7
12
1
86
42
19
9
26
30
38
26
19
18
6
7
4
6
14
25
54
42
67
26
30
10
18
17
33
52
36
32
1
32
58
44
3
22
61
4
4
2
5
5
2
5
1
5
19
16
94
17
29
13
25
25
2
19
26
1
12
7
10
39
18
10
14
110
7
2
1
7
12
11
15
19
28
13
8
5
53
4
68
12
21
17
16
15
25
6
5
5
7
1
8
9
16
26
40
15
34
3
9
9
8
9
21
12
4
5
6
12
102
2
8
9
9
30
3
1
11
12
32
27
22
4
1
1
1
10
1
1
2
3
1
30
26
2
3
3
5
1
16
10
7
2
7
21
16
13
9
7
12
12
5
4
7
9
2
6
7
5
2
7
4
6
2
11
8
2
18
9
2
1
8
40
28
3
3
7
5
6
30
24
6
3
3
7
1
25
23
21
6
4
5
1
8
2
9
6
1
1
1
3
10
6
5
7
6
6
21
24
28
1
1
3
2
12
43
20
19
13
23
5
3
1
2
4
15
41
11
3
15
5
1
17
38
37
6
16
4
64
79
6
1
4
4
4
34
81
87
1
6
2
7
3
17
46
20
2
1
1
2
2
9
50
44
7
3
2
1
5
10
18
47
4
2
7
12
3
8
59
60
22
11
3
2
4
1
1
50
40
2
3
7
6
1
49
52
1
2
2
3
19
58
49
49
82
64
6
9
30
29
33
48
49
102
84
125
192
165
2
22
17
28
46
87
106
109
119
127
164
164
15
18
34
32
40
27
28
64
42
18
65
22
2
23
2
26
15
36
55
54
72
67
74
3
1
3
2
1
2
4
2
9
3
7
1
3
26
7
57
39
55
38
15
15
18
16
27
28
15
25
22
27
53
43
82
8
16
27
36
14
15
31
50
16
38
58
54
26
17
47
65
92
17
11
24
18
28
42
31
26
23
50
35
64
13
16
26
24
23
26
30
33
42
88
60
9
11
9
8
11
17
17
16
14
43
54
62
7
14
19
22
11
19
18
10
24
60
93
70
6
14
13
4
7
8
11
9
10
34
61
67
13
17
15
5
17
18
26
20
20
46
42
26
9
16
23
17
13
14
17
16
37
40
54
63
5
7
10
8
13
9
12
13
14
16
17
8
12
20
27
12
24
37
20
20
28
36
37
21
12
15
16
14
19
22
25
33
31
38
47
5
10
22
18
15
26
40
26
24
31
44
47
7
24
29
33
32
41
12
10
13
29
13
35
26
30
30
29
55
8
15
20
15
18
17
20
31
29
56
55
58
9
23
7
22
17
28
16
19
32
42
49
35
7
14
12
18
19
7
15
19
9
34
44
52
5
7
13
17
11
8
18
12
18
42
53
49
7
6
5
8
7
8
18
16
21
41
51
39
10
5
4
3
1
1
6
2
1
5
18
18
12
14
21
20
22
34
39
39
65
3
26
25
31
33
45
60
83
10
11
8
23
12
12
17
12
10
30
42
35
20
13
12
15
16
20
22
14
4
42
48
61
9
7
16
10
21
20
6
11
13
28
47
67
15
23
20
16
15
14
17
29
33
41
76
86
16
19
26
29
18
22
38
33
52
90
97
11
22
25
19
30
22
23
34
18
54
26
14
46
12
16
11
6
11
7
9
11
27
29
7
14
27
20
11
12
14
7
17
11
30
23
14
24
20
18
16
14
16
15
9
29
43
51
9
17
16
25
14
13
5
16
19
15
35
34
13
25
21
18
16
10
11
14
17
17
59
56
23
13
30
18
14
8
17
18
13
22
94
78
10
45
70
19
18
7
28
27
9
42
54
15
25
49
27
23
29
17
37
41
44
74
69
11
45
54
72
52
22
33
39
54
61
72
73
49
37
39
40
22
25
23
40
17
51
89
89
22
28
25
31
13
22
29
18
31
36
80
98
19
29
28
33
18
24
23
33
24
35
89
88
41
35
40
39
33
48
55
27
30
53
96
91
7
22
26
15
13
19
19
17
15
42
86
109
9
31
20
14
24
16
19
23
30
37
81
102
20
19
15
11
9
22
16
25
37
46
98
109
16
21
17
19
15
22
11
22
36
47
108
99
16
12
16
15
14
24
38
38
64
62
69
82
17
42
52
38
40
35
21
56
33
40
77
112
