39
56
55
43
26
35
36
44
64
78
65
61
62
71
83
60
36
55
87
88
48
49
36
55
65
46
44
53
49
47
30
67
62
36
68
47
66
72
52
63
24
30
18
35
29
46
37
50
72
63
54
55
20
22
29
33
40
39
31
52
61
64
67
51
10
24
26
31
27
48
43
25
51
46
57
39
14
16
16
9
13
32
30
32
24
34
38
49
16
27
44
34
59
55
55
41
48
48
29
32
38
36
49
48
60
69
58
71
65
46
40
30
18
29
44
43
34
39
31
56
59
59
51
46
15
25
42
29
39
40
51
37
36
19
42
14
15
14
22
31
25
30
33
28
31
41
38
31
4
10
13
13
11
15
8
14
27
32
19
19
12
10
20
22
28
36
34
28
33
37
39
31
27
24
32
23
32
42
38
46
42
39
23
25
23
31
25
32
24
49
40
24
53
44
37
20
52
42
80
72
97
81
84
73
74
84
80
47
9
16
25
36
31
89
68
90
58
115
95
58
78
110
92
120
118
121
111
107
71
96
77
55
37
54
33
40
34
32
34
42
29
15
9
15
24
29
31
29
43
30
33
38
27
16
13
12
36
43
22
39
67
50
28
27
15
33
16
8
38
30
34
13
24
20
26
36
24
33
16
14
17
13
21
29
25
22
23
26
27
35
25
8
32
54
36
39
31
48
35
47
16
31
14
16
35
51
26
42
45
49
48
46
32
36
27
30
40
41
47
40
45
35
34
44
45
46
18
16
32
47
33
36
32
36
31
21
28
24
14
17
24
36
53
47
39
51
47
51
47
27
18
18
39
48
32
45
70
71
70
43
47
31
30
29
44
64
79
92
78
79
66
66
52
54
40
27
89
95
91
76
81
59
61
40
41
40
29
22
97
74
68
50
55
32
57
43
29
28
24
20
84
91
81
70
68
67
58
66
47
50
36
27
51
34
35
42
33
32
32
26
31
31
19
21
44
49
40
43
36
34
35
29
33
27
24
22
27
33
27
39
22
36
24
28
21
25
9
6
21
21
24
34
22
24
36
17
25
8
21
9
37
31
31
19
35
26
29
33
29
19
12
14
16
23
22
19
30
17
29
25
24
27
20
14
37
30
35
30
20
27
33
28
30
28
18
7
23
19
34
23
37
21
21
32
42
30
31
26
29
27
30
34
46
42
21
23
15
25
17
11
18
20
29
35
21
24
15
31
23
34
29
12
22
41
53
53
36
48
45
30
25
20
18
14
25
35
21
19
26
33
24
14
52
37
21
14
38
43
50
54
63
39
38
43
54
54
31
16
87
87
79
85
60
39
56
55
51
45
46
38
79
54
70
60
68
82
75
65
79
68
54
35
46
76
42
27
58
59
76
65
39
40
18
4
52
75
89
103
82
96
81
72
54
56
46
32
73
68
62
69
67
85
93
66
71
70
48
43
23
52
38
41
24
47
21
42
44
17
14
11
71
71
33
25
50
53
31
27
30
24
10
14
21
22
15
3
38
36
41
23
44
23
11
12
40
48
37
59
49
49
27
20
27
19
14
7
30
45
19
32
37
28
42
25
16
7
9
10
24
46
27
47
41
32
21
18
7
8
9
8
27
25
28
49
17
18
29
19
25
14
8
4
71
72
54
49
43
47
41
40
38
31
21
9
89
61
43
50
31
42
48
48
48
39
26
22
93
75
52
58
65
53
47
50
47
44
27
17
64
82
87
40
90
71
61
30
40
43
33
24
52
49
40
64
120
86
74
44
45
34
37
23
46
25
44
58
33
35
45
39
27
47
16
16
32
30
34
55
44
52
36
32
56
36
30
25
31
24
21
39
35
34
44
36
60
40
31
24
45
45
43
48
46
45
56
46
43
45
35
12
47
51
41
39
35
46
66
58
59
56
17
23
62
86
76
54
45
59
79
89
79
62
48
22
57
57
64
47
52
50
60
66
51
55
31
17
18
18
18
20
38
40
37
53
43
18
23
13
19
14
30
42
33
26
65
43
37
30
9
11
34
69
50
81
64
56
75
104
125
47
14
5
48
63
59
49
64
61
64
64
77
43
25
26
40
34
44
48
48
57
87
63
90
48
40
26
45
63
41
23
48
43
69
65
76
43
15
3
38
40
20
36
44
64
26
17
27
30
16
7
27
23
22
12
13
10
27
28
16
20
10
16
10
14
30
29
23
35
50
28
33
43
15
12
33
28
37
24
30
25
72
54
69
36
20
12
35
27
48
24
42
50
66
70
65
29
24
19
23
32
24
32
42
41
46
28
30
21
10
13
23
30
42
34
23
30
54
36
44
28
40
11
20
20
20
26
39
33
27
36
41
25
16
14
21
16
24
39
31
27
37
26
16
15
8
10
8
20
15
24
15
18
41
34
30
15
9
22
23
16
16
30
12
29
22
32
20
17
11
29
23
23
20
23
36
32
31
54
36
21
16
30
25
13
19
28
30
25
26
26
16
15
13
22
34
36
36
38
47
31
50
50
24
24
12
41
30
45
49
35
50
34
44
51
23
12
11
13
15
21
22
26
28
25
31
35
34
11
13
27
25
28
15
35
24
26
32
50
32
21
14
36
47
39
23
46
65
49
59
64
51
22
17
17
9
16
27
41
34
32
52
48
33
18
9
22
27
29
38
35
44
35
45
55
44
34
19
41
41
19
39
23
33
37
63
41
45
40
19
37
41
27
40
26
33
41
53
54
51
47
20
66
53
33
29
50
52
49
42
41
31
13
18
38
44
41
24
38
49
36
58
75
29
29
10
97
41
58
48
59
54
70
87
75
44
34
17
65
38
35
43
41
55
42
62
52
47
26
16
56
30
31
67
78
58
56
69
53
56
27
27
32
27
21
48
34
66
60
69
69
37
30
19
32
28
38
30
53
35
32
40
31
20
18
15
9
29
24
16
30
38
35
21
37
17
18
12
15
15
33
26
21
38
48
36
55
40
12
14
9
8
6
17
21
20
36
64
62
45
17
19
27
31
32
52
49
59
64
59
46
39
22
17
40
52
44
49
62
50
26
40
37
19
11
14
42
27
36
54
29
36
60
79
43
45
19
9
43
18
35
45
40
42
50
76
52
34
28
15
14
22
25
22
38
29
42
36
54
21
26
11
18
24
18
20
44
34
45
44
29
22
18
8
14
16
18
36
28
37
50
46
43
32
27
15
18
22
32
38
37
35
43
57
35
42
21
9
34
29
40
35
48
46
46
49
52
40
32
12
22
29
39
39
39
43
35
50
45
35
25
14
11
13
10
15
25
22
24
35
33
20
13
2
15
14
32
28
39
30
46
45
27
6
6
9
16
23
22
31
31
28
24
41
21
14
15
8
14
32
32
28
50
54
42
43
30
29
14
9
41
37
40
41
54
40
39
44
43
26
16
11
16
26
20
31
42
39
50
37
22
11
4
5
5
15
23
18
8
16
25
14
9
2
7
5
7
18
18
5
17
22
24
11
6
3
4
4
13
12
8
6
5
8
5
4
8
3
3
11
8
6
8
3
3
5
11
10
2
6
6
11
10
9
10
9
2
10
5
4
4
3
9
4
15
26
17
18
3
5
2
4
1
28
31
45
60
31
17
8
11
8
10
4
4
46
72
75
58
63
20
11
8
7
4
7
5
8
22
50
41
20
8
10
3
2
8
4
3
22
2
26
29
24
19
9
8
3
6
3
4
40
58
44
48
21
9
9
12
4
2
3
2
12
8
22
42
24
13
1
2
3
1
6
38
43
36
12
2
4
3
3
3
10
20
38
39
15
15
10
8
6
3
3
3
33
74
67
61
40
26
9
15
7
2
8
6
39
26
40
40
43
18
20
17
9
4
6
3
24
17
46
18
29
11
5
7
4
6
2
6
2
17
15
19
9
6
10
6
7
4
7
2
12
39
14
13
7
7
6
2
10
13
2
5
3
2
6
1
47
35
47
32
9
23
8
10
4
6
8
2
23
38
45
34
19
9
4
12
10
4
9
6
8
18
2
2
9
1
2
1
3
9
10
5
2
2
3
6
12
2
16
15
7
15
7
7
3
2
3
3
61
46
49
48
19
20
7
2
2
8
2
48
35
62
48
22
9
3
5
2
6
2
6
11
82
119
49
29
19
11
6
2
11
14
6
21
57
65
55
15
12
8
5
5
9
6
5
64
70
77
37
29
20
10
8
13
16
16
8
105
66
65
44
22
14
6
13
5
6
9
7
2
1
7
35
4
3
6
6
6
2
10
24
14
14
25
9
1
8
23
6
85
75
90
46
19
15
17
8
7
6
6
9
17
22
71
51
27
15
6
6
6
1
3
3
16
6
15
3
4
2
4
53
95
36
28
25
2
2
1
6
10
9
8
36
6
35
50
19
14
7
2
8
7
5
14
9
24
20
32
12
7
5
8
8
7
12
11
21
5
7
6
1
1
2
3
4
5
10
6
11
10
13
16
54
68
35
24
12
4
2
9
6
5
8
25
5
1
3
8
10
4
12
8
8
12
102
113
99
42
44
16
8
9
6
11
11
11
95
36
60
29
18
6
6
1
9
4
10
12
10
45
26
44
31
18
23
9
9
6
7
9
74
108
59
51
29
14
7
10
21
23
22
16
67
51
9
4
12
5
12
8
15
4
16
9
35
51
38
35
23
18
13
8
10
26
10
29
100
98
85
64
39
16
7
19
17
17
15
9
49
77
59
33
17
17
10
8
17
17
16
16
85
68
53
37
33
12
13
13
23
14
10
9
46
26
35
29
25
12
10
9
27
15
12
24
89
61
31
10
7
9
13
23
16
14
4
6
119
112
61
39
22
15
13
11
10
16
11
6
104
81
74
34
5
8
13
21
19
18
16
22
57
49
16
39
29
18
21
26
31
18
14
17
35
45
48
41
32
24
11
12
15
29
17
26
57
48
21
25
19
13
1
14
4
13
17
28
31
21
23
11
9
10
19
13
5
4
13
14
60
42
29
15
6
11
18
21
26
10
4
55
36
25
24
13
13
10
16
16
13
16
15
61
59
27
32
18
29
15
16
24
18
21
22
37
47
19
17
6
5
10
13
11
13
8
19
44
50
19
16
24
17
16
31
7
17
27
17
87
58
43
14
12
15
11
16
9
11
14
17
89
72
51
42
21
19
26
38
24
32
26
28
105
90
55
32
13
2
4
16
20
23
16
10
25
12
12
13
10
11
7
6
9
10
8
5
105
71
51
14
15
7
18
29
28
19
14
10
90
76
47
51
17
16
15
17
16
17
15
11
21
55
33
16
10
23
38
31
23
9
14
50
39
3
5
15
14
15
31
23
19
19
34
72
75
53
29
40
34
43
27
33
29
2
35
43
22
11
9
9
11
12
10
11
11
16
64
48
31
20
15
13
18
18
17
15
18
17
41
46
34
28
21
19
22
29
16
17
27
23
43
40
43
29
16
10
28
25
21
18
26
33
16
9
15
8
10
7
13
8
7
6
6
5
26
23
14
14
20
10
13
23
23
18
17
11
45
41
21
22
23
11
29
21
27
24
15
25
49
35
20
14
15
23
22
39
46
29
36
48
43
22
8
4
12
10
30
30
31
17
33
63
20
16
16
5
12
4
10
12
8
14
19
30
9
17
11
13
5
8
5
15
11
14
16
48
17
16
13
12
8
14
9
13
13
23
50
35
1
2
17
7
5
16
18
14
24
25
9
11
9
8
11
8
41
37
44
12
11
2
4
9
19
11
10
1
14
43
39
9
12
4
12
15
21
30
15
9
33
58
29
8
10
2
9
21
16
13
16
23
30
38
35
6
10
8
17
12
8
2
15
10
15
31
33
2
4
7
7
3
11
12
28
61
31
14
3
7
10
6
6
2
6
17
11
29
41
14
9
14
19
13
8
11
12
18
29
35
41
18
8
6
17
9
8
3
5
4
11
39
32
11
1
7
4
8
6
11
10
15
29
15
23
23
27
13
11
5
15
7
3
34
39
35
23
11
16
12
12
8
11
13
17
36
20
25
4
9
6
8
11
12
8
7
16
13
13
15
11
7
6
10
2
3
5
5
3
9
14
13
18
17
15
7
9
10
10
6
2
16
8
8
8
6
10
7
7
12
11
8
11
24
31
42
12
8
9
11
8
3
8
13
14
29
30
20
17
9
12
6
7
4
10
7
6
27
26
25
9
7
6
11
11
3
4
9
15
33
39
39
10
9
16
3
6
6
15
6
13
23
20
9
2
4
7
2
3
3
4
4
5
5
10
7
5
6
4
7
4
7
2
2
5
20
19
12
10
7
6
6
3
2
1
4
2
17
22
17
12
10
12
17
8
6
18
7
6
27
27
14
6
12
10
1
3
5
10
10
18
38
31
16
10
13
9
10
10
10
11
6
11
31
26
18
7
7
4
6
5
7
5
7
7
16
19
16
5
4
5
6
3
6
6
12
15
13
32
6
11
6
7
8
6
7
7
16
33
27
28
16
5
3
8
7
2
4
4
23
26
8
4
4
1
2
4
6
13
38
48
9
2
20
24
47
9
7
17
24
5
9
12
6
25
18
21
49
13
8
6
12
7
11
15
27
25
40
9
18
10
31
22
46
13
11
23
21
41
35
37
15
14
9
3
1
7
7
14
34
25
23
11
4
3
2
9
8
2
11
15
45
17
26
18
18
12
45
29
33
9
21
44
34
31
46
25
33
17
8
23
6
18
21
35
42
19
2
8
25
16
19
23
57
44
43
58
90
50
56
39
31
41
55
5
6
29
90
85
29
29
30
8
11
27
116
40
35
21
53
92
41
45
75
60
17
93
31
3
12
17
53
129
81
116
87
20
30
33
60
5
27
12
48
53
42
33
9
26
51
44
138
14
91
58
73
142
34
31
26
80
14
28
7
62
112
29
30
24
34
9
11
24
54
58
44
30
41
41
28
26
14
19
64
53
96
37
29
37
40
22
40
22
32
28
20
11
65
17
46
84
53
54
43
26
29
24
33
43
34
2
46
8
11
49
27
32
11
37
16
19
42
35
42
57
31
24
21
35
115
29
43
43
119
107
20
18
31
9
60
43
21
49
24
101
118
28
18
31
62
6
10
5
38
44
25
32
72
65
31
12
9
61
44
46
33
41
66
51
2
18
23
68
44
27
75
47
37
37
14
28
19
17
24
44
46
41
22
39
18
20
14
18
36
26
97
56
53
136
49
59
49
38
31
91
42
183
86
53
91
55
68
36
55
106
124
190
65
16
27
30
36
53
48
27
31
42
99
36
7
39
38
134
57
84
55
37
37
34
124
173
85
53
27
47
57
18
43
29
31
27
76
26
116
29
51
48
53
70
50
51
51
70
51
32
35
42
43
39
55
65
58
68
21
26
48
66
104
74
99
85
57
78
70
75
24
16
6
2
1
94
62
75
94
66
49
33
47
51
55
19
40
46
61
61
54
84
75
109
157
100
167
170
92
160
41
26
142
275
53
36
29
48
33
154
103
96
140
112
111
21
16
26
9
28
11
6
12
38
51
56
79
130
82
49
30
40
56
26
26
44
37
63
78
112
63
67
77
43
56
27
56
68
71
73
123
158
130
115
98
81
60
57
61
72
91
121
182
185
50
119
75
35
31
58
44
20
19
52
116
180
119
89
11
18
27
20
18
22
39
57
56
68
71
70
9
38
26
21
14
69
46
30
78
8
51
65
89
86
10
2
39
78
9
14
31
58
197
157
178
137
122
106
88
89
133
125
77
101
22
117
53
35
22
31
54
36
41
12
29
20
16
17
16
13
18
26
20
15
26
18
24
13
9
16
70
21
18
26
31
28
34
71
31
15
14
40
26
31
5
12
7
2
7
12
15
4
50
29
7
13
33
39
49
36
1
16
1
11
10
30
5
17
15
18
10
46
18
21
21
38
15
8
49
31
24
13
18
42
3
24
52
71
36
19
72
73
73
61
119
66
39
12
34
24
52
10
14
7
8
6
37
19
14
15
9
28
24
16
6
27
28
37
68
38
16
25
20
27
27
19
9
38
44
35
52
23
15
20
9
1
7
30
45
25
16
24
48
37
34
11
5
15
19
20
46
98
66
31
5
16
17
19
23
11
24
18
58
114
25
10
21
11
17
7
27
12
53
36
102
28
40
15
77
6
24
26
139
81
134
66
79
116
71
25
23
32
42
48
32
29
34
35
31
28
20
19
31
12
22
27
51
41
31
16
23
19
29
19
30
46
38
64
27
32
28
22
31
14
47
20
29
18
34
20
65
32
81
39
53
37
25
4
19
37
33
32
23
23
18
24
15
27
38
35
38
44
42
9
15
28
23
40
16
19
26
23
34
47
53
65
45
57
43
39
22
32
25
60
33
22
70
32
48
19
23
59
28
26
30
51
14
47
47
58
61
35
23
40
23
32
46
40
39
51
75
40
47
45
23
41
24
31
56
28
47
49
53
39
21
35
16
52
21
61
26
21
13
31
48
61
20
13
29
49
32
16
21
21
33
26
44
88
60
68
44
34
27
39
45
49
39
68
38
49
52
43
25
53
43
45
26
31
28
43
66,71
108
56
32,43
30,27
31
34
42
31
37
55
36
25
41
37
32
27
10
21
27
11
24
69
16
29
47
30
34
22
17
17
27
29
19
18
14
25
37
7
34
16
23
39
29
16
15
14
19
26
41
28
25
16
14
9
23
18
23
27
13
14
14
16
22
23
12
24
12
11
16
1
7
22
41
36
30
18
23
4
32
34
25
32
25
60
78
58
32
25
12
24
25
19
22
55
27
43
72
46
46
28
16
24
14
19
24
19
29
54
71
39
28
37
23
24
17
36
32
38
36
28
33
58
41
19
19
52
19
29
86
23
44
43
65
29
24
20
46
26
22
28
30
30
43
40
45
29
45
30
41
17
25
18
25
35
60
58
46
33
35
13
28
54
37
30
32
69
26
43
57
53
30
22
37
39
40
29
44
69
14
54
49
62
35
37
30
48
18
23
30
31
43
52
50
31
36
25
46
29
39
13
59
6
3
8
45
14
43
84
241
125
193
100
42
44
35
41
33
25
78
84
334
184
22
25
19
36
56
57
23
34
66
56
57
35
21
19
14
5
20
43
19
30
47
63
22
357
77
34
83
233
89
29
159
18
20
47
23
57
44
54
61
35
66
11
20
44
52
7
5
12
9
33
14
19
30
8
7
54
66
38
9
9
7
11
14
10
12
7
6
15
12
25
17
24
92
91
45
30
11
16
15
28
40
32
61
89
19
87
80
78
114
53
59
112
61
40
82
70
64
38
55
59
43
51
42
25
24
33
26
28
29
36
23
14
16
19
14
8
8
10
17
24
30
45
31
32
20
34
10
11
34
29
14
28
45
34
22
22
15
2
13
8
13
14
31
25
46
50
29
35
18
28
11
23
19
32
111
218
68,281
99
95
74
37
15
26
66
3
21
22
23
33
50
15
5
28
16
44
49
21
10
25
1
116
20
35
48
84
55
34
27
26
25
50
40
32
26
21
31
47
25
25
16
21
16
16
13
36
21
22
24
59
27
20
7
21
12
10
54
25
24
22
23
44
26
37
35
24
17
28
21
24
20
14
24
43
29
20
13
6
11
24
14
19
29
26
34
29
34
31
9
4
21
18
23
25
44
20
21
6
18
12
71
19
21
25
37
18
55
51
28
73
60
39
12
41
29
30
28
29
44
2
2
16
15
12
13
6
12
12
21
18
13
4
27
26
27
18
25
16
17
23
27
22
27
24
13
14
15
3
8
28
19
4
7
23
71
29
15
11
38
22
23
15
60
24
19
47
68
29
29
34
43
31
19
59
25
59
94
65
36
40
29
34
62
38
22
71
33
46
25
53
33
68
21
36
12
33
42
23
16
33
23
43
26
84
102
93
2
5
7
17
21
11
8
13
35
44
17
24
28
15
22
7
3
3
14
36
61
7
15
16
66
50
33
13
1
5
15
20
24
58
43
47
40
36
18
24
29
20
26
28
34
25
33
34
24
26
18
10
4
8
21
46
43
17
9
13
14
15
23
7
15
4
19
17
14
19
21
33
24
78
70
110
75
5
33
114
35
14
42
69
139
134
38
35
73
36
33
38
24
12
39
50
111
93
37
11
13
17
30
12
54
97
104
24
22
13
50
56
67
72
53
45
24
28
23
25
44
46
53
81
75
31
24
43
4
90
36
45
47
39
42
19
12
11
18
7
18
13
26
24
71
33
15
15
23
49
18
43
22
21
18
58
35
36
62
61
131
58
65
177
80
4
27
33
138
82
52
31
17
8
12
6
111
52
68
26
106
98
49
24
20
9
8
6
25
26
33
18
144
78
47
27
15
30
8
11
21
9
16
28
11
3
18
16
14
18
103
122
36
15
17
3
9
6
9
9
18
20
139
96
44
49
23
24
30
46
99
118
13
15
153
89
145
160
9
7
6
6
11
10
29
30
155
103
70
36
12
139
8
12
20
18
22
28
151
57
113
24
6
16
130
147
60
8
9
21
132
97
116
22
9
5
5
7
4
10
18
22
76
70
33
7
24
14
7
11
20
36
36
119
13
74
21
18
58
14
11
4
15
33
69,26
100
6
8
72
28
18
13
14
26
29
19
19
51,41
98
32
26
18
11
7
4
14
34
4
12
11
91,23
116
51
101
78
44
15
69
39
37
33
35
12
87,25
138
6
6
102
33
13
32
65
128
2
6
10
42
95
43
50
25
16
11
90
22
5
64,9
127
35
29
60
43
30
8
45
39
4
21
24
11
14
5
4
16
11
18
39
25
26
17
8
14
7
9
8
24
17
13
26
24
18
7
3
1
2
6
5
9
47,6
96
51
99
8
8
10
13
17
8
25
7
23
12
47,24
60,57
102
46
16,19
22,26
38
32
57
18
14
16
28
40
71
31
25
25
17
20
23
13
24
17
24
54
94,57
116
38
38
22
16
12
4
6
14
20
21
64
71,53
96
115
10,34
30
23
15
22
5
1
45
52
21
43
126
25
16
23
34
16
5
11
13
9
14
21
86,35
116
31
21
17
28
19
9
23
19
23
25
29
29
43
26
25
33
16
11
14
10
14
12
27
34
26
18
20
8
15
11
13
23
15
22
9
22
44
55
42
21
26
24
10
24
14
40
54
94
36
40
37
22
39
22
34
51
24
16
32
43
47
54
39
24
15
18
22
24
15
24
34
139
72
77
31
24
15
9
20
22
34
37
87
107
102
97
35
24
14
23
32
56
74
77
150
104
78
60
52
39
17
23
21
22
43
35
51
73
69
38
21
25
24
27
9
23
28
25
53
53
47
39
38
14
26
41
12
15
26
8
7
40
43
46
20
28
25
25
9
12
13
21
17
30
48
34
21
12
26
16
31
21
19
14
35
41
32
44
36
45
29
29
18
14
14
15
33
43
51
30
16
26
14
9
7
6
5
13
6
22
36
45
27
27
8
7
11
20
12
10
19
19
25
8
40
11
12
27
31
27
21
16
22
26
38
21
31
17
13
11
11
17
6
10
21
26
30
33
22
14
9
7
8
7
11
6
14
29
11
31
12
12
9
8
4
8
10
13
19
23
51
39
37
21
16
19
12
10
17
12
12
27
16
23
11
9
8
19
31
29
37
7
19
11
2
2
2
2
17
2
4
12
11
10
3
11
6
14
25
17
9
1
11
6
14
11
21
20
30
24
19
18
8
8
17
10
14
17
25
18
32
35
23
21
2
16
22
9
9
8
14
33
42
32
26
22
17
14
8
6
1
9
16
33
40
32
24
23
13
16
11
16
9
9
24
16
30
23
15
4
9
8
11
8
18
10
18
15
10
13
9
7
7
6
4
7
8
1
3
12
25
14
20
3
1
5
3
13
6
3
8
11
24
26
14
7
12
6
6
6
2
8
16
9
9
4
3
10
5
11
3
5
8
5
5
4
3
6
10
7
17
5
5
9
5
2
3
3
6
9
16
12
13
11
8
9
8
3
4
1
3
6
9
17
23
23
20
12
7
6
7
6
3
5
13
14
27
21
11
8
4
5
17
10
8
13
9
27
28
41
26
9
8
8
8
4
7
8
16
13
26
20
13
10
6
9
8
6
10
12
15
16
33
24
17
22
7
8
9
12
5
9
10
25
27
25
16
11
9
6
5
6
10
15
8
11
28
22
9
13
7
6
10
10
4
9
13
15
10
10
19
8
3
13
7
26
12
11
9
14
27
28
15
21
35
4
2
6
10
7
6
11
8
12
3
6
3
8
11
25
17
12
5
6
11
9
6
5
6
10
10
26
24
10
21
2
4
1
3
8
13
15
16
15
11
7
4
6
5
2
1
5
13
3
15
20
9
4
5
4
5
1
3
5
2
4
26
11
10
9
12
4
3
10
1
3
4
7
24
13
16
6
8
2
4
2
3
3
6
23
15
8
3
28
27
35
11
22
8
3
10
9
3
3
7
63
45
76
22
1
3
18
12
8
13
23
58
48
31
21
21
15
8
22
14
4
15
20
53,21
101
45
23
17
19
15
40
99
51
88
42
91
64
121
52
94
69
104
46
44
22
17
12
34
48
24
51
66
49
74
49
61
14
54
78
41
16
51
51
18
49
74
5
9
16
8
11
4
6
2
2
2
4
3
3
20
20
8
7
9
2
3
8
1
4
8
7
34
18
19
9
5
4
1
1
4
3
5
7
35
27
20
8
2
7
5
3
6
3
5
15
27
18
17
2
5
3
3
2
3
9
17
18
37
37
68
17
25
17
15
28
21
21
28
78
52
54
18
9
7
6
1
6
11
22
19
8
12
10
6
6
15
41
28
10
10
8
20
22
25
19
10
24
28
41
45
62
78
11
6
6
40
88
15
10
36
88
16
11
8
39
65
15
32
65
11
9
7
40
74
42
50
66
12
39
62
88
14
11
59
78
12
10
51
61
90
14
48
59
88
15
10
6
40
83
96
147
213
38,200
42,182
79
26
19,19
11,6
8,1
1
47
45
22
33
40
44
56
17
10
28
38
44
20
19
19
14
20
48
25
19
11
19
26
51
20
16
22
32
44
22
20
29
39
51
76
24
14
39
40
12
29
33
52
24
26
23
32
78
14
31
48
55
15
43
55
73
12
39
41
68
11
42
34
71
21
20
34
61
68
20
41
51
86
18
