24
47
57
36
26
59
44
27
36
29
31
33
72
70
86
85
76
72
39
10
27
40
43
46
50
45
61
43
60
79
101
105
115
91
65
63
64
76
93
101
82
46
54
54
24
29
23
28
60
62
67
97
64
34
43
26
18
23
20
24
65
64
72
61
59
60
38
19
18
17
27
17
40
52
57
44
41
28
23
10
11
9
15
16
55
43
60
57
32
35
37
21
17
22
23
19
39
14
17
9
13
16
12
12
10
16
17
43
40
21
17
14
15
9
6
14
7
12
22
23
29
10
5
9
8
15
8
10
5
10
7
13
19
12
9
6
3
8
4
3
10
12
10
6
23
17
13
9
4
7
6
4
3
1
2
9
8
8
7
10
6
5
7
8
12
18
18
16
11
4
6
9
5
10
16
10
6
11
20
12
7
11
14
9
9
18
10
17
12
8
18
13
11
8
14
8
3
15
12
19
27
46
36
37
19
18
21
28
26
30
44
57
16
19
48
33
19
20
32
22
25
23
31
68
52
50
31
37
28
13
25
22
16
27
25
14
35
18
12
10
12
3
4
15
6
6
11
5
11
9
8
6
19
17
3
6
6
32
8
20
15
20
10
5
13
10
10
14
14
15
11
14
11
18
11
7
6
3
17
3
7
10
11
9
9
19
10
9
9
8
11
13
11
16
12
18
21
22
12
12
5
13
11
8
15
22
14
7
12
13
19
16
12
5
13
12
13
11
19
20
22
27
18
10
13
10
11
8
17
8
10
15
20
21
19
9
10
14
11
6
15
10
2
7
12
8
12
14
14
11
9
13
18
13
14
23
29
35
20
16
13
19
18
23
32
17
36
50
39
38
25
18
17
14
15
14
19
21
39
29
42
53
22
13
19
9
15
30
29
23
35
27
30
32
29
30
14
7
16
26
36
30
50
61
62
93
14
14
9
7
14
2
14
11
13
21
19
34
10
9
6
9
13
4
18
11
13
27
22
24
13
12
9
5
7
10
10
15
15
10
19
26
4
5
8
7
6
5
2
2
9
18
23
12
6
7
4
3
11
11
9
18
14
23
19
22
13
10
7
1
5
12
7
7
7
5
10
12
13
11
8
2
8
5
8
11
6
21
13
14
9
4
7
3
2
4
7
7
8
8
16
29
12
11
9
3
7
9
5
15
10
17
13
19
16
6
12
4
8
13
6
6
10
14
22
16
7
3
4
12
5
4
15
9
15
16
17
14
8
5
9
9
12
10
15
10
13
20
30
22
7
9
8
8
7
5
13
15
10
17
17
21
11
18
8
6
11
13
10
22
20
33
46
52
30
17
11
13
24
29
23
28
21
24
35
47
29
13
17
23
22
22
26
24
10
5
11
17
14
9
14
5
15
19
32
40
49
45
59
39
22
18
14
15
31
20
28
29
25
40
48
59
25
4
6
15
23
33
16
11
18
14
24
29
10
7
10
14
2
2
13
6
4
9
11
28
10
8
7
6
13
6
18
1
3
13
1
6
2
1
10
11
2
4
6
15
17
26
15
9
3
3
6
10
12
10
13
21
20
29
9
7
10
12
12
9
7
3
14
22
16
13
7
7
5
7
10
7
8
4
10
14
23
43
15
5
8
18
9
26
20
19
28
36
45
54
10
12
7
12
15
8
20
30
26
14
9
28
8
12
10
14
23
17
14
14
29
47
61
80
32
28
25
17
19
10
18
29
21
46
47
53
14
11
22
14
11
18
21
26
61
27
22
39
11
18
15
26
12
21
25
29
23
13
21
16
7
8
7
14
17
21
12
5
16
24
30
26
10
8
7
6
10
6
14
8
13
22
16
5
11
12
23
11
10
17
11
11
18
26
21
36
18
11
12
15
14
22
14
19
20
13
22
37
18
5
4
10
16
15
23
38
34
37
43
59
14
14
22
14
12
28
14
23
25
31
33
47
15
4
11
4
4
13
10
9
11
31
12
12
3
2
15
9
8
6
5
3
6
15
12
5
11
4
11
4
3
10
3
3
9
33
15
30
3
5
12
18
11
8
9
7
14
30
48
48
9
7
12
10
18
10
8
16
13
14
13
26
10
7
14
13
11
14
13
15
19
28
28
57
7
4
9
9
13
12
8
9
13
17
42
12
6
13
7
9
5
8
17
25
18
9
20
9
3
9
7
7
8
7
11
8
17
21
22
7
10
7
7
13
17
6
19
10
11
25
26
13
14
10
5
12
14
6
21
12
12
14
25
13
12
9
6
11
8
11
12
25
11
24
23
4
7
2
11
4
2
6
6
10
10
19
22
15
12
7
5
4
6
7
7
12
14
11
18
11
8
7
8
6
15
14
17
21
27
36
22
8
5
6
6
8
10
1
13
12
17
16
11
5
8
9
3
3
7
10
8
6
7
14
29
20
4
7
3
6
10
19
5
7
4
26
16
8
7
4
3
3
6
4
11
14
20
14
14
6
5
4
6
3
3
5
12
27
8
28
27
16
6
7
9
17
11
11
10
25
25
36
33
8
10
10
3
4
16
6
8
4
3
21
16
5
4
7
4
6
3
3
7
4
12
14
16
10
8
9
4
8
8
10
11
11
13
37
23
9
10
3
10
14
12
7
11
9
7
21
25
13
3
4
7
12
9
8
17
19
10
19
13
12
9
5
12
5
8
7
7
8
28
39
28
15
13
8
6
14
20
9
22
29
23
42
63
9
2
8
9
10
8
15
21
39
32
43
52
8
8
10
18
18
19
26
30
21
32
48
60
12
13
12
17
19
8
6
13
25
27
43
68
8
5
8
6
9
11
15
6
9
10
27
45
8
4
11
8
6
9
16
13
15
25
37
36
13
5
10
12
13
13
19
12
28
30
23
39
13
6
7
13
9
10
17
17
15
27
30
43
7
6
9
12
6
8
8
8
11
9
6
26
5
3
2
5
3
10
1
13
17
14
10
13
12
6
6
6
14
4
9
4
1
3
3
6
6
3
3
5
8
7
14
9
19
28
23
14
6
9
7
15
6
6
16
26
25
33
37
4
6
4
6
15
13
15
30
24
19
38
42
11
7
6
5
7
10
7
13
12
11
22
32
8
13
10
7
10
13
3
3
6
7
11
14
8
3
5
4
3
4
3
6
5
1
9
11
2
2
2
6
1
2
9
5
5
6
16
12
3
1
1
4
7
11
7
5
6
4
17
28
7
3
4
1
7
10
3
6
8
13
10
20
4
6
1
3
8
11
1
11
10
11
16
17
11
2
2
6
1
3
4
5
4
1
11
6
1
3
2
3
1
4
4
9
11
6
6
6
7
4
6
8
10
3
5
6
21
6
5
8
7
2
2
4
6
13
9
17
5
5
6
7
2
13
1
4
7
27
28
9
5
5
3
6
4
1
2
3
6
19
19
4
2
1
1
2
2
2
3
4
2
1
1
2
1
2
6
8
5
1
1
1
1
1
3
3
3
1
3
1
1
3
2
2
1
1
1
1
2
2
3
4
4
8
2
2
2
3
3
1
2
1
5
8
3
6
5
1
7
18
22
22
20
8
3
9
33
4
6
7
13
14
10
20
18
26
41
40
59
11
10
8
20
22
28
24
26
38
36
54
5
4
9
9
7
9
22
17
23
41
30
43
22
2
17
15
11
11
21
30
39
42
31
41
27
4
3
3
3
10
8
5
16
10
5
9
29
5
2
3
6
6
25
17
18
17
8
20
18
1
3
2
6
17
18
17
17
22
32
38
8
3
9
6
7
18
30
41
27
34
49
45
33
10
10
14
21
17
22
33
20
38
24
55
45
8
6
6
6
14
16
12
27
23
42
35
29
2
1
4
10
10
5
17
10
4
14
3
15
6
5
14
20
34
37
34
13
1
2
2
4
19
24
25
13
13
3
3
3
9
20
15
15
34
20
38
24
51
37
28
5
5
14
19
20
26
30
34
46
47
19
28
7
12
20
22
23
19
18
32
23
33
12
1
9
8
12
24
12
7
5
9
4
9
14
12
22
27
18
16
1
1
14
12
12
1
5
9
30
3
2
13
27
25
23
4
1
6
3
19
35
46
51
31
54
46
34
6
3
5
7
14
28
35
24
17
17
1
2
5
4
16
24
17
16
26
25
7
29
34
14
12
14
7
23
27
37
36
44
42
81
68
7
12
13
16
21
25
19
7
3
1
24
15
1
5
15
16
12
6
5
8
2
4
7
48
47
42
32
34
27
13
10
16
7
18
21
34
60
47
43
20
7
17
7
1
6
12
15
47
57
19
7
6
6
3
14
8
11
12
13
1
12
19
11
19
13
17
1
1
14
5
14
6
13
15
25
20
9
10
18
14
10
10
27
34
41
9
7
1
16
45
56
26
2
3
12
8
23
34
48
21
17
25
10
4
2
21
7
12
18
18
27
19
52
65
69
126
91
41
15
18
25
38
44
28
24
40
23
75
84
104
13
8
13
24
10
32
27
66
23
23
34
54
8
12
14
39
12
32
37
30
24
41
1
10
9
21
32
32
30
10
16
9
40
23
32
65
46
51
46
34
11
4
47
87
16
13
20
30
40
16
8
1
45
28
19
35
13
21
36
32
28
7
7
17
105
86
67
124
8
7
12
8
17
14
23
68
79
30
5
4
26
22
47
63
85
70
96
82
82
77
72
40
32
15
21
18
17
13
60
75
85
101
46
15
21
30
38
73
59
70
29
73
37
9
69
70
4
23
30
41
31
16
44
53
104
80
63
90
7
22
27
37
43
8
3
13
48
80
97
100
13
22
21
24
25
22
5
3
4
24
35
30
20
23
38
37
2
1
1
9
20
26
15
18
25
29
32
61
27
2
31
56
18
21
51
46
60
29
55
53
5
7
21
6
12
18
25
26
43
55
76
86
50
6
23
50
3
26
33
31
48
64
29
46
28
37
54
56
31
25
43
44
50
75
96
78
74
54
74
69
15
36
51
66
61
74
93
73
70
50
3
12
5
21
23
31
50
51
68
50
5
67
88
12
15
38
35
68
70
111
107
108
76
87
95
5
10
34
30
60
84
78
16
13
51
69
50
22
41
52
57
27
51
16
77
116
103
105
101
8
25
30
42
56
63
85
96
67
94
85
37
21
29
19
17
11
9
8
61
58
82
43
81
15
32
26
28
17
14
5
21
65
70
16
25
29
28
2
10
3
2
1
40
42
61
67
59
72
43
40
55
30
18
28
37
48
51
52
68
47
43
104
96
114
120
84
3
1
30
34
19
2
14
49
53
39
12
42
17
39
28
35
63
51
50
64
66
75
63
62
27
49
43
36
59
78
91
73
32
67
60
61
50
49
42
41
78
88
112
76
86
92
61
56
45
42
32
58
64
70
83
57
74
29
18
23
13
37
19
14
41
59
76
60
33
15
53
60
20
36
44
17
19
35
55
68
67
53
60
52
88
62
53
50
97
141
129
105
91
72
55
51
110
100
64
15
86
97
64
52
17
53
13
15
86
74
64
65
83
74
47
6
44
51
18
17
37
26
37
22
25
36
50
34
21
36
39
32
75
49
49
42
72
93
108
70
58
43
36
30
26
32
31
52
89
55
27
32
20
9
15
20
26
9
12
23
29
29
33
26
14
21
26
22
53
35
43
22
30
43
28
12
15
20
29
7
7
3
21
16
22
19
33
9
17
1
1
28
16
24
33
17
27
11
11
25
45
38
43
47
24
43
49
31
14
10
7
18
9
2
38
49
42
42
22
3
6
1
25
27
4
1
3
12
17
25
16
13
23
42
32
38
35
63
54
30
30
35
36
11
40
39
60
41
62
22
29
24
31
40
16
11
45
30
40
32
15
3
30
9
1
6
20
25
42
24
20
36
32
41
38
29
33
29
25
18
21
42
11
3
4
43
20
26
16
17
28
43
41
56
35
25
26
15
10
17
13
12
16
30
34
27
23
3
2
10
11
22
14
15
31
21
13
32
39
40
40
37
26
20
14
20
21
5
9
16
17
23
41
4
14
18
13
13
24
39
33
41
39
35
37
23
18
18
24
13
37
54
70
48
19
25
44
33
19
31
25
23
22
33
39
59
63
45
40
8
9
16
17
13
33
39
41
34
26
30
55
35
12
31
12
17
25
30
40
40
24
14
20
12
9
4
4
1
7
12
4
15
18
14
16
22
19
13
6
9
24
30
41
34
25
28
34
20
1
10
9
8
19
33
32
35
42
31
17
7
11
17
17
15
18
33
22
43
32
22
37
31
22
27
19
16
22
18
11
4
7
22
30
27
20
43
19
11
20
40
29
39
31
16
58
36
17
6
9
15
23
28
28
35
39
23
21
13
11
8
12
10
18
17
11
28
20
13
15
16
29
20
14
6
27
27
44
43
31
36
46
38
30
26
13
11
15
11
23
13
24
18
18
20
20
16
13
7
5
51
24
17
34
54
30
26
20
18
14
14
15
6
10
8
14
13
8
7
11
12
7
11
9
31
48
43
21
46
21
16
20
22
21
34
31
1
13
25
36
25
14
32
42
35
32
54
42
4
15
3
6
10
26
15
59
12
30
13
39
41
59
25
25
36
44
42
44
70
6
33
37
43
52
49
63
36
72
76
88
46
24
31
24
33
23
34
35
67
83
103
77
53
6
33
39
55
79
68
65
65
78
191
168
69
68
64
102
148
70
65
16
144
206
150
209
130
35
26
76
98
97
175
112
182
216
230
235
195
219
170
213
198
179
146
59
83
149
216
234
212
235
232
203
208
162
115
23
114
185
222
225
216
183
142
212
182
171
105
92
155
185
176
207
8
6
12
116
127
51
82
56
87
76
78
148
117
67
85
115
95
81
36
30
76
92
106
79
120
102
105
80
71
45
44
41
99
88
104
80
176
170
87
73
86
124
74
67
2
2
2
1
2
2
5
5
47
56
10
31
49
84
85
57
81
68
16
55
26
7
10
41
43
86
45
65
66
82
109
129
103
91
81
51
66
50
51
62
53
54
63
104
86
151
93
39
68
77
77
84
92
77
48
52
33
54
67
58
62
49
46
53
80
121
85
25
80
47
49
72
78
88
128
24
31
49
51
67
78
75
76
91
82
61
54
59
49
8
41
26
49
44
67
87
102
109
91
135
123
136
9
120
60
60
65
62
57
93
48
51
57
46
39
56
138
58
59
65
74
101
166
6
9
6
15
7
51
85
79
89
102
155
159
8
90
175
77
46
106
53
62
74
67
74
121
138
70
72
74
93
67
85
126
88
106
96
93
86
49
45
42
56
78
80
92
96
145
108
73
89
43
69
30
132
92
103
85
148
115
103
105
58
110
181
78
57
67
105
130
133
108
117
143
94
70
76
62
72
84
83
85
87
83
88
129
131
94
66
113
76
86
67
78
76
87
72
66
163
219
177
167
75
48
107
142
141
89
57
39
49
101
32
19
100
66
145
158
152
152
148
148
104
90
100
84
44
78
184
174
191
192
172
130
105
99
119
122
81
78
203
221
183
207
244
147
172
247
87
62
58
249
230
249
237
257
207
156
170
164
103
1
152
176
138
150
119
68
81
93
43
110
76
65
83
130
127
96
103
64
54
61
60
57
47
58
20
70
59
46
43
122
98
100
90
74
69
69
38
112
99
88
79
60
45
39
31
26
20
120
111
99
61
59
44
106
98
120
119
102
77
2
149
124
94
68
69
47
34
41
37
112
130
152
159
131
45
64
58
35
39
34
41
29
106
91
84
63
63
58
64
61
53
59
57
13
74
96
73
77
68
51
50
29
18
111
46
21
31
26
31
28
27
31
17
31
26
34
36
15
36
49
41
27
34
33
19
15
38
39
41
88
79
77
74
62
56
58
66
72
55
90
81
13
24
22
21
12
14
7
5
49
32
28
27
22
20
6
4
9
17
21
10
11
15
25
21
9
17
10
29
18
7
2
22
123
57
49
28
29
51
111
70
18
27
18
7
88
54
52
41
46
72
64
41
74
62
43
86
7
21
32
18
8
49
48
54
74
67
34
35
25
37
25
29
18
90
111
86
120
153
47
42
27
39
31
31
45
147
69
74
33
85
102
145
104
60
62
30
23
6
18
36
102,67
88,59
79,50
71,44
68,8
46
60
54
48
33
78
32
51
78
59
101
33
36
82
25
32
15
12
27
50
68
69
61
111
130
84
69
106
90
59
55
52
55
61
72
59
92
61
47
48
44
76
31
39
32
38
56
65
44
63
55
33
64
65
69
78
74
53
51
69
42
84
135
111
130
70
35
68
57
69
44
61
47
68
91
56
50
76
94
59
69
58
37
56
69
29
52
53
85
50
44
39
76
41
45
52
54
54
75
48
41
42
57
85
65
88
87
56
63
38
48
62
59
43
43
35
38
52
53
59
67
47
69
78
63
84
74
58
70
59
65
69
74
72
76
65
70
97
56
74
53
94
48
70
60
69
59
53
48
56
41
67
62
79
40
44
30
28
51
52
35
36
62
77
53
40
75
40
45
43
59
40
93
102
82
99
15
58
55
66
67
74
87
75
76
70
80
54
79
67
72
91,80
79,89
79,89
81,89
65,89
53,89
49,70
44,93
41,71
37,81
40,73
37
61
71
64
60
64
64
41
44
35
47
66
48
71
60
59
75
85
60
34
27
66
66
23
63
53
46
42
47
69
48
37
44
56
39
33
32
39
34
44
51
58
50
30
38
52
35
47
33
49
51
30
41
61
48
34
51
33
31
36
25
42
75
43
44
53
36
41
43
30
24
47
53
88
75
87
91
110
69
36
72
40
35
36
5
55
62
63
81
103
116
57
42
36
60
70
62
75
98
52
66
91
75
75
57
38
56
71
47
69
92
88
71
63
88
65
64
55
67
72
76
60
71
57
95
92
72
77
45
62
43
42
49
43
81
84
70
78
65
53
82
45
65
37
44
88
81
87
85
72
69
72
98
39
28
52
48
62
70
86
71
88
57
64
67
54
50
48
49
121
114
92
113
107
118
98
106
64
35
42
71
56
72
56
82
83
66
71
58
52
69
50
43
93
79
78
70
69
56
18
10
10
12
4
78
129
152
78
24
60
61
59
65
81
123
123
103
96
145
153
28
135
141
124
105
153
132
51
56
50
49
67
95
177
66
31
38
65
84
60
77
47
71
76
154
100
71
32
53
70
72
81
5
8
7
6
21
18
13
26
52
70
59
32
58
63
45
32
41
44
36
83
77
61
69
69
53
54
52
60
51
58
66
27
12
22
26
17
30
19
23
29
14
16
10
3
14
19
15
14
21
24
37
29
24
29
35
40
22
31
27
87
88
105
92
76
88
61
93
9
68
64
75
54
127
108
111
85
49
65
97
61
28
40
38
54
36
32
27
36
38
35
47
41
34
42
34
61
71
55
74
47
34
5
26
67
40
33
36
46
44
82
53
35
45
40
42
43
39
53
48
71
150
59
92
33
38
67
57
45
218
102,182
86,181
74,112
75,115
66,151
51,66
50,59
39,207
44,290
36,119
32,99
26
44
90
72
84
56
97
19
4
29
39
67
35
34
32
19
41
67
71
89
137
84
63
41
44
53
52
44
62
52
61
71
71
99
90
80
54
59
60
63
42
12
54
42
58
64
77
70
97
68
68
71
37
49
57
21
40
37
60
44
91
61
58
91
56
44
34
26
69
75
109
94
83
94
113
114
107
52
32
31
36
52
78
47
47
20
6
8
1
60
52
63
81
73
85
61
96
68
54
45
47
30
47
65
61
66
113
56
79
62
63
56
53
36
37
58
83
42
56
41
75
33
29
32
44
13
34
38
52
39
53
43
23
70
73
69
91
31
33
9
36
48
67
37
48
21
48
53
61
63
49
57
43
34
10
99
39
55
34
45
57
37
40
38
55
57
73
45
29
33
6
31
32
94
48
35
42
69
54
73
60
91
72
66
104
39
25
36
53
77
84
61
89
75
42
48
67
69
81
59
56
33
24
6
25
6
7
14
19
23
16
18
50
49
54
16
89
38
34
18
26
33
38
18
16
23
19
31
38
46
36
50
53
83
85
47
54
16
57
27
85
34
18
48
55
65
56
41
36
20
48
47
27
34
20
20
27
25
30
48
31
19
45
45
29
37
28
36
28
39
50
33
31
38
34
70
26
42
56
68
69
76
102
114
93
114
129
35
67
93
64
68
61
40
74
65
79
31
40
58
15
29
47
70
64
59
52
70
86
6
16
39
24
15
47
47
49
70
25
9
6
6
32
29
6
21
77
45
72
45
54
44
27
36
25
69
23
43
34
42
46
48
81
50
65
37
39
21
38
47
29
24
42
75
169
143
159
138
153
57
22
33
34
59
86
70
71
73
44
44
46
67
107
112
26
108
50
58
48
55
52
52
58
76
108
136
20
34
43
37
47
40
39
23
25
7
57
166
53
62
43
50
39
72
124
24
44
72
21
30
44
48
29
50
29
64
79
96
68
90
24
37
22
50
33
41
28
49
40
40
106
145
16
2
85
48
51
64
62
46
83
56
72
101
90
107
105
23
10
14
30
65
96
88
94
168
29
54
47
65
55
97
138
157
99
8
51
82
32
67
85
49
35
48
36
31
30
52
119
90
63
60
72
148
111
144
62
56,61
29,70
66,66
88,57
40,63
19
28
122,94
99,67
90,58
93,39
87,44
64,35
59,69
45,69
45,18
49,6
34,6
27
41
149,57
111,58
98,63
93,59
71,65
63,51
58,65
40,8
14
16
46
15
208,32
197,39
143,53
119,93
100,44
94,81
97,136
87,62
78,104
53,58
49,50
40
28
210,45
184,50
132,60
101,29
100,31
82,41
80,38
69,27
70,82
64,63
51,100
101
128,21
130,21
101,31
83,42
94,28
79,53
60,49
44,70
37,83
76
93
15
100,23
103,27
97,24
79,23
67,14
61,36
58,15
49,36
41,16
23
24
64
84
91
62
36
24
13
19
21
16
17
29
40
52
54
63
18
11
22
27
16
33
45
16
4
88,5
70
64,1
59,7
41,1
44,1
38,15
40,32
31,11
29
26
70
101,84
84,91
78,86
70,53
69,24
61,14
57,14
48,10
45,10
39,8
31,11
103
100,119
94,136
94,109
88,94
71,63
63,90
49,76
36,99
30,111
24,118
14,41
20
120
96,148
71,154
69,111
45,71
40,37
34,36
30,38
27,46
22,45
20,33
16,33
93
92,128
74,142
88,123
69,56
43,77
35,96
57
58
16
31
38
19
100
96
74
69
51
49
40,1
39,38
29,24
23,37
20,10
14
61
101,84
89,103
71,70
70,41
66,30
48,38
34,43
30,40
32,18
28,26
20,39
16
31
102,74
91,71
80,55
75,45
75,39
58,35
47,43
40,39
40,22
31,37
29,35
22
58
62
104
67
27
21
39
34
28
39
33
82
69
100
63
91
68
57
105
36
6
43
92
34
38
58
85
76
43
51
54
34
43
41
60
40
105
73
80
72
39
30
43
29
47
20
77
66
73
86
82
60
49
87
48
98
53
36
63
27
140
154
146
139
117
104
96
76
159
87
116
115
96
117
133
113
126
114
46
76
130
92
105
79
111
143
156
151
86
109
133
127
100
98
86
81
73
105
96
66
69
69
99
38
85
70
39
70
52
57
65
57
52
44
48
31
51
69
49
50
54
98
78
61
37
47
49
75
31
43
91
47
75
92
82
66
54
34
61
101
54
35
26
26
41
62
54
43
37
41
35
42
22
42
38
53
41
85
56
25
20
3
28
32
45
41
42
44
29
78
46
41
35
54
37
17
35
46
26
35
24
41
37
29
20
21
30
17
14
6
17
22
43
46
43
46
34
32
47
40
21
11
20
14
23
33
26
27
22
22
33
39
27
21
32
26
26
43
42
21
29
25
15
19
15
20
14
29
36
30
28
26
14
22
22
21
33
39
37
31
48
40
38
33
29
33
21
33
22
3
33
11
15
19
13
27
18
22
23
25
47
2
2
2
16
25
22
19
13
21
18
9
20
17
7
10
20
38
8
26
23
24
16
30
23
15
26
29
29
46
58
45
21
19
29
12
24
37
35
19
31
42
60
51
39
25
33
30
30
17
27
29
48
68
51
58
41
31
42
34
37
36
57
49
39
50
45
28
35
23
42
43
41
31
34
27
19
34
28
15
21
26
18
22
18
21
25
25
25
31
26
26
19
19
12
15
9
11
9
23
37
24
29
32
28
26
23
17
18
18
14
23
4
11
18
11
18
12
8
14
11
19
16
8
13
14
20
15
20
16
12
13
14
19
12
8
7
13
21
20
11
12
20
17
10
15
10
11
12
20
23
8
15
14
15
19
26
17
14
17
28
21
28
35
32
39
23
28
23
24
16
15
23
32
46
35
40
31
36
26
23
31
29
29
33
30
27
23
28
29
25
19
23
30
21
25
26
30
39
40
32
28
37
23
26
25
23
24
18
26
20
36
25
23
18
24
17
20
18
21
34
18
34
20
29
21
31
31
23
22
13
18
26
26
31
39
19
20
20
22
13
20
9
17
15
25
31
40
25
16
33
24
28
34
25
20
47
5
16
13
17
21
13
22
27
32
20
17
14
13
11
20
23
26
14
22
36
24
32
28
15
24
15
19
17
20
44
12
20
21
11
21
16
16
7
9
8
17
17
11
24
12
11
11
9
13
19
20
18
14
34
14
12
21
20
18
12
12
19
14
7
31
15
18
23
19
17
8
9
16
16
28
22
23
23
8
20
20
9
9
15
6
16
16
16
16
24
8
17
14
13
13
11
36
27
51
47
58
66
73
84
56
68
59
66
36
24
39
37
61
51
52
110,78
95,62
74,69
78,50
61,38
49,29
49,28
40,31
35,119
29,78
23,176
90
84
91
72
69
56
44
32
30
28
22
20
99
88
80
63
41
38
30
31
26
108
99
84
70
35
31
28
21
18
100
91
80
64
41
39
30
26
20
94
88
79
51
40
35
26
27
21
15
99
91
80
70
59
40
38
30
78
61
69
51
50
45
45
38
30
25
24
20
100
87
69
55
45
40
44
40
36
31
31
28
98
104
88
71
60
44
100
96
90
80
54
41
32
102
99
81
79
67
56
46
48
35
30
24
19
111
102
90
88
74
66
59
40
39
30
28
21
96
89
74
70
68
50
49
41
36
28
25
19
100
88
76
66
54
46
40
35
32
31
25
21
102
99
88
79
44
37
35
30
27
22
22
12
12
14
10
3
6
10
9
22
19
24
19
2
1
3
2
2
4
14
18
23
33
23
16
19
21
16
17
5
23
29
24
20
29
27
16
21
18
26
24
21
22
31
31
38
31
44
15
17
26
13
10
14
15
9
10
17
38
34
12
16
10
5
7
8
17
12
51
42
55
51
52
45
29
27
21
33
40
22
57
42
68
21
7
24
11
5
10
11
11
7
9
14
15
11
17
20
24
9
5
5
5
5
14
19
13
18
25
42
42
39
20
14
8
7
3
5
4
20
73
69
69
50
49
38
32
28
29
21
18
101
90
78
66
40
37
28
23
22
23
23
16
141
128
102
86
74
59
38
32
31
27
25
25
112
108
100
87
73
69
51
44
31
28
29
20
111
98
74
70
69
60
55
49
40
30
33
19
99
91
80
79
84
58
44
36
29
29
21
16
124
97
78
64
57
41
40
36
30
26
19
108
89
71
71
66
59
45
33
29
29
21
16
119
90
76
64
50
43
47
42
35
31
25
20
102
99
91
70
68
42
34
30
30
26
25
25
111
100
95
88
71
59
40
40
41
32
25
22
100
99
88
69
64
50
55
46
39
31
29
19
79
98,30
80,35
83,171
71,94
60,97
59,115
49,87
38,69
33,128
26,12
25,18
20
99
90
70
40
32
29
29
25
19
14
7
10
89
80
81
74
51
39
40
35
29
28
20
21
68
49
41
30
24
17
19
21
17
27
20
14
74
70
39
26
23
15
14
21
20
21
22
22
68
64
51
20
19
16
19
16
15
15
17
20
26
23
97
60
50
38
30
28
29
26
20
19
21
18
60
33
28
22
30
20
20
25
21
17
14
22
100
89
68
46
37
30
29
29
24
26
20
20
92
87
79
60
68
42
39
29
28
22
17
23
102
96
88
79
59
44
40
37
26
26
24
20
99
92
80
64
49
40
36
38
23
22
17
17
100
89
74
69
54
48
39
37
31
28
22
15
112
99
79
71
66
38
14
18
20
20
25
29
101
74
40
33
27
26
21
19
26
28
24
20
134
100
99
76
52
41
40
37
21
30
28
20
