24
22
29
28
26
25
47
38
51
73
70
29
20
27
21
22
9
11
22
27
22
34
49
28
15
25
35
47
48
34
48
59
58
58
91
34
29
20
31
37
36
47
43
34
46
63
82
34
32
28
39
43
36
44
35
46
46
66
71
21
23
20
32
25
22
35
42
39
54
49
61
22
16
22
20
32
30
26
30
38
48
55
55
19
29
28
27
22
28
31
41
34
38
44
48
17
12
22
42
33
41
42
38
48
50
49
60
17
16
17
21
29
28
33
31
53
48
58
44
25
15
15
12
10
11
12
8
11
11
17
26
10
12
12
8
8
15
4
10
15
25
3
8
9
9
11
6
13
27
18
38
35
28
13
9
23
28
34
26
23
38
45
64
65
20
12
24
24
19
15
25
26
30
44
50
63
15
11
20
19
8
11
14
20
18
25
26
18
30
8
21
13
17
30
38
47
10
7
13
8
10
12
15
17
18
27
50
36
26
14
12
18
16
20
20
26
17
32
37
50
18
17
28
29
22
23
20
17
36
41
42
46
12
16
25
32
31
34
29
35
27
39
50
47
35
32
31
34
51
24
31
38
43
48
58
25
18
19
17
18
21
30
26
28
50
53
57
7
17
20
12
24
24
24
24
31
40
43
67
20
26
28
21
18
21
15
15
19
21
37
31
10
11
17
20
21
21
17
12
22
33
24
31
8
6
10
10
16
18
22
16
16
26
35
42
11
31
24
26
37
38
27
19
7
14
21
30
5
3
7
11
6
7
6
17
23
35
49
46
25
21
18
34
32
36
31
30
41
54
65
76
36
34
38
38
40
38
45
50
53
67
66
97
7
8
14
27
34
28
21
20
18
32
32
48
9
14
26
41
47
44
43
40
51
58
72
93
30
31
44
41
50
45
47
46
44
44
51
55
2
4
7
10
11
15
15
14
17
18
23
37
23
25
24
30
36
44
43
29
32
38
57
67
29
27
29
38
49
36
35
43
52
68
80
78
19
27
31
37
54
44
54
41
55
43
73
71
32
39
26
48
48
42
41
47
54
49
69
80
22
33
45
46
47
38
44
47
38
66
75
23
17
22
26
43
32
35
17
16
25
27
32
25
35
33
32
58
74
76
30
27
19
33
28
32
26
34
38
49
77
78
14
21
31
24
27
22
17
26
31
30
41
38
6
10
10
20
16
20
19
14
23
28
39
64
5
9
20
16
14
14
12
9
20
22
37
37
7
7
19
29
16
22
22
32
21
27
35
49
27
29
28
29
28
36
32
21
35
45
69
61
29
18
26
27
28
28
27
27
36
62
52
57
27
24
21
36
37
32
31
36
34
52
63
68
25
35
30
36
25
28
38
35
36
46
64
66
17
17
14
14
14
9
12
6
17
16
23
30
9
12
15
17
11
27
15
24
18
19
31
28
17
17
21
16
15
13
26
26
18
35
26
34
10
15
24
25
22
20
29
48
42
74
66
41
33
35
47
38
60
36
35
49
54
72
66
35
40
32
46
45
54
51
55
53
67
63
82
34
24
39
38
36
54
47
47
46
57
76
63
12
11
14
12
20
17
27
34
22
39
53
53
20
18
27
23
26
33
37
24
32
34
54
70
20
18
31
20
22
29
29
23
38
45
59
61
36
30
39
46
55
35
54
50
70
74
93
90
29
47
21
24
44
61
48
50
61
46
65
88
31
38
19
17
28
36
44
41
47
64
92
96
17
31
34
32
35
48
40
43
47
56
67
77
15
7
21
37
44
56
55
59
69
72
74
94
19
31
27
23
50
40
45
39
48
63
63
70
5
7
12
15
14
30
21
30
52
49
16
20
24
35
52
53
46
45
35
39
73
68
37
32
40
51
48
44
45
44
52
61
83
77
13
24
38
49
49
45
40
48
59
59
66
86
49
21
36
40
59
54
59
59
43
69
56
79
38
18
35
36
32
41
56
44
47
64
67
80
40
35
45
66
64
82
67
87
82
62
84
73
17
31
30
30
39
24
38
31
40
26
20
26
28
39
37
38
58
56
74
100
79
26
28
31
24
49
51
34
52
38
41
65
82
14
16
24
29
23
34
32
42
33
34
44
57
5
14
15
27
19
25
27
28
32
41
57
53
7
8
8
19
16
28
22
35
37
42
62
87
29
18
20
30
44
36
47
36
32
45
48
60
33
25
37
34
44
50
41
44
45
41
51
48
37
55
77
76
22
16
32
38
38
37
39
55
65
67
70
82
61
36
51
53
50
67
57
67
72
65
95
100
43
38
44
49
53
46
59
52
46
87
99
104
49
35
40
53
56
56
57
63
68
93
81
80
29
37
37
42
51
44
49
45
58
97
101
113
44
42
37
40
75
63
57
73
69
70
104
131
40
57
57
46
61
42
30
36
42
32
43
47
68
66
71
75
103
31
20
26
43
64
57
40
58
72
75
72
108
28
27
31
30
41
49
37
43
51
48
67
70
46
38
41
29
49
53
52
51
38
61
80
102
23
37
34
32
41
61
51
64
71
78
99
124
23
24
30
40
51
40
69
55
77
95
104
144
22
30
32
35
48
54
49
78
65
105
127
126
44
32
29
36
24
41
42
68
85
125
42
31
43
61
55
70
55
51
58
94
101
114
44
49
46
50
50
61
72
57
72
93
97
124
41
47
45
40
62
52
65
55
74
58
95
102
42
32
25
44
37
44
60
61
56
77
98
103
41
37
43
41
59
51
60
61
95
17
26
29
38
36
52
56
55
64
81
102
105
56
43
47
49
74
72
71
89
85
95
93
130
40
34
44
67
65
76
61
75
77
79
117
140
27
40
51
46
61
64
67
77
69
83
91
84
59
60
45
62
70
59
79
94
72
84
102
123
34
42
49
69
57
67
64
80
76
85
89
105
61
46
33
63
68
71
87
100
75
96
118
122
67
39
53
50
54
74
62
65
66
61
88
106
96
87
93
83
113
139
158
162
160
57
84
84
73
82
81
94
101
133
68
52
49
56
67
72
59
70
63
73
116
140
63
46
51
61
59
81
87
82
77
78
88
147
61
75
113
145
68
79
83
87
137
54
45
49
69
82
81
84
84
76
87
128
99
49
52
40
42
66
77
74
62
57
98
113
135
77
66
86
109
124
148
150
133
142
116
142
80
59
55
68
81
78
92
111
167
183
184
198
60
74
78
80
104
109
107
112
147
155
142
172
45
43
50
81
100
96
83
94
133
156
163
168
61
66
71
78
83
128
127
143
146
178
169
160
103
123
133
160
184
172
72
66
75
80
109
114
145
138
161
169
171
172
31
77
82
85
87
110
130
150
154
146
208
211
74
71
80
82
99
97
150
149
148
157
178
164
83
78
72
101
87
111
101
140
108
143
188
191
87
75
60
74
95
115
130
142
146
155
205
165
82
85
86
87
94
105
90
96
109
151
182
198
199
219
248
250
118
122
79
114
143
141
161
172
194
214
206
216
99
85
95
99
114
138
129
131
148
168
179
201
95
96
78
72
122
146
139
156
167
92
80
78
84
112
124
138
147
152
156
187
193
98
105
89
94
100
111
133
131
137
165
176
192
76
79
78
94
85
111
99
100
123
115
130
157
91
97
71
66
56
73
56
90
112
73
101
132
87
65
69
66
63
75
100
96
104
110
163
160
152
88
110
73
109
145
130
135
148
141
151
178
85
83
88
95
76
107
115
141
168
160
94
87
72
80
78
101
112
114
119
133
141
148
95
85
87
69
81
65
91
78
82
94
116
142
81
82
79
86
122
96
68
81
98
115
113
105
103
94
88
81
83
93
99
116
131
129
157
188
175
101
82
87
74
83
68
76
76
87
130
122
110
58
57
54
74
76
92
106
75
100
128
118
142
79
81
72
73
90
81
86
98
100
113
123
117
43
36
45
111
108
76
76
68
70
108
86
88
68
105
131
137
88
83
45
54
50
34
41
59
81
98
129
114
70
56
50
56
51
73
61
74
60
90
83
84
76
99
83
106
113
71
106
114
142
170
99
89
67
70
101
119
118
142
75
77
59
91
73
76
73
80
96
85
136
129
77
70
62
63
58
74
55
58
79
70
85
70
56
39
48
51
33
38
61
61
97
118
60
93
66
76
78
103
103
95
90
134
150
160
180
129
91
181
174
114
74
68
88
104
73
85
67
58
85
93
112
127
124
124
134
200
164
137
78
90
79
87
73
88
89
83
113
157
163
182
76
63
76
78
97
95
85
92
94
119
152
145
33
38
56
41
52
39
70
53
74
72
96
79
55
37
45
54
62
69
63
61
72
87
91
95
59
46
56
42
47
52
56
52
79
80
105
98
45
39
42
33
52
69
69
65
59
80
90
94
38
27
26
35
43
36
68
75
68
91
96
104
24
29
30
48
43
50
55
55
50
73
71
68
73
65
74
75
78
87
99
89
116
133
114
152
78
65
72
72
58
79
76
82
94
150
151
137
85
77
82
78
95
89
77
82
92
78
75
125
125
67
89
71
72
51
78
86
123
110
160
163
73
65
67
70
83
107
83
86
94
126
116
175
77
83
63
95
105
80
94
95
119
131
165
175
60
54
51
80
77
74
92
111
125
153
144
142
74
60
74
103
102
77
100
91
110
138
184
166
78
56
83
73
82
84
83
95
79
102
154
142
13
23
32
27
62
85
83
93
126
190
171
71
82
79
70
84
99
100
127
135
145
160
169
70
64
69
88
103
93
96
103
103
117
126
112
70
72
63
29
50
44
34
75
105
140
129
136
81
22
29
70
91
87
94
87
66
67
71
79
79
69
69
88
112
115
166
124
64
68
50
81
72
72
95
83
116
127
112
121
65
69
69
68
87
83
88
70
103
115
130
136
77
67
42
66
76
81
72
52
124
140
171
164
61
78
84
66
79
92
91
77
74
124
139
134
66
65
60
56
95
93
86
82
121
124
166
134
59
54
50
57
71
71
69
65
57
46
44
55
59
64
81
110
104
143
148
131
70
49
87
82
91
85
93
100
116
141
157
146
69
62
60
64
74
83
103
102
112
136
152
150
69
75
76
78
90
96
104
101
98
136
157
182
66
71
78
68
79
65
69
65
82
105
145
131
75
61
79
71
78
85
91
106
121
151
167
177
64
71
84
96
102
96
92
110
130
175
161
188
105
123
124
94
108
103
131
166
169
179
81
90
95
95
83
84
96
98
122
157
140
146
85
77
87
82
75
88
66
79
97
117
120
150
64
74
80
85
76
92
90
117
175
143
166
157
66
93
72
69
73
75
79
94
118
145
173
152
56
52
74
55
38
43
52
64
98
128
132
129
64
56
73
82
93
84
79
80
116
117
131
128
82
73
79
74
73
73
82
87
103
152
185
152
70
68
78
77
79
68
83
95
98
156
149
146
83
77
81
99
88
76
59
70
120
152
185
169
79
72
107
102
88
97
77
83
108
141
174
140
56
48
51
49
48
42
49
61
66
104
126
93
50
55
59
63
56
57
57
78
82
108
129
115
59
59
60
61
64
43
52
60
72
107
140
121
46
74
62
70
58
54
61
69
100
112
138
136
72
82
85
92
77
71
84
94
129
160
188
177
59
73
73
92
78
64
81
95
100
169
142
145
44
47
42
39
31
24
34
28
47
52
66
62
51
45
34
41
38
37
37
47
53
100
123
104
73
54
48
41
52
54
35
28
19
23
59
64
85
89
60
74
65
71
76
72
78
78
76
77
66
88
87
55
54
63
66
75
75
83
66
72
90
142
125
56
62
61
48
40
66
53
66
86
98
107
118
50
59
46
56
43
53
59
59
75
99
113
119
42
35
42
30
47
56
37
58
83
126
124
123
2
5
3
3
17
40
78
107
115
127
117
117
43
44
26
26
22
23
33
66
65
80
92
14
17
11
8
34
21
29
36
51
78
72
96
47
59
55
52
44
37
56
55
76
104
80
98
31
33
35
33
33
40
40
47
53
70
83
86
43
49
39
49
52
71
68
89
115
136
161
153
54
60
50
41
50
56
48
74
93
128
143
125
75
81
75
70
65
65
80
66
94
121
124
132
60
44
62
52
52
51
66
67
89
108
126
132
54
65
45
39
47
55
70
90
102
74
113
89
49
47
44
40
43
48
57
57
85
97
133
111
49
31
46
43
35
27
25
34
29
35
37
27
39
48
41
39
38
33
31
49
65
99
100
131
65
52
64
63
82
49
66
74
93
134
163
161
43
44
38
26
42
38
61
68
52
70
71
80
44
50
42
42
45
59
52
31
52
61
113
138
64
70
87
56
87
87
83
91
123
112
157
175
53
40
41
47
41
53
49
57
83
101
103
93
67
66
69
62
64
61
49
51
62
91
136
140
45
66
72
54
67
70
77
85
95
130
153
178
12
12
18
20
18
26
20
21
32
49
66
86
53
50
52
64
56
66
62
93
81
113
80
95
67
74
77
70
76
78
65
91
107
195
219
61
100
80
94
93
97
102
106
129
184
243
275
60
51
60
81
65
49
61
47
52
101
208
225
22
80
96
91
89
88
66
61
93
143
235
303
65
140
149
169
211
148
148
92
157
257
284
292
63
73
80
61
60
62
67
51
77
105
152
130
46
41
33
45
44
42
61
84
86
96
114
144
51
51
46
47
53
48
55
75
103
113
127
157
46
46
46
40
53
57
63
53
71
93
110
125
41
36
37
32
28
30
28
35
52
62
80
82
19
19
26
14
30
27
22
38
45
72
83
65
47
46
54
61
52
60
54
66
91
128
111
40
42
33
43
62
67
70
77
81
101
135
160
80
101
70
51
66
52
60
81
80
100
109
115
49
48
40
40
56
44
52
61
77
101
131
136
63
59
52
44
51
43
60
70
90
118
123
140
37
33
31
32
36
46
46
50
59
63
92
117
41
35
38
31
38
50
35
59
43
71
96
103
25
35
24
29
32
27
33
53
64
72
87
145
39
38
33
41
37
37
50
53
59
84
107
116
30
26
26
24
26
33
19
38
54
74
49
40
5
8
15
18
17
16
32
28
32
51
68
95
35
35
23
38
29
35
61
45
64
70
84
98
11
18
15
30
29
25
35
41
43
56
73
108
30
19
24
13
18
26
24
29
36
47
71
84
24
22
24
32
50
61
94
99
97
109
137
113
36
36
46
37
45
50
47
55
62
97
103
111
16
9
12
17
6
10
19
21
36
41
37
46
20
25
14
20
30
20
27
30
47
53
55
54
7
15
12
18
9
12
9
7
22
13
23
20
21
13
18
18
9
27
15
26
33
41
38
63
28
19
20
23
34
33
34
31
32
36
39
58
25
8
16
20
8
21
17
29
35
47
50
53
18
24
17
29
39
30
44
42
48
76
95
111
47
31
49
51
38
49
55
43
80
67
88
99
12
8
11
6
11
19
19
26
31
42
43
29
35
37
28
41
40
39
54
46
34
20
41
45
30
26
30
47
58
59
93
9
3
6
10
7
9
9
15
13
19
25
27
4
2
2
14
13
10
14
25
31
35
62
50
14
13
36
90
35
42
37
47
55
69
92
105
35
28
21
24
34
29
41
36
51
55
76
70
21
23
22
20
21
16
23
22
27
34
41
51
34
23
24
26
36
28
43
31
53
75
80
81
23
30
29
41
32
28
28
30
27
34
37
53
33
21
25
34
28
25
41
43
67
66
98
100
31
21
20
24
25
19
34
22
25
43
54
57
25
26
22
17
24
30
19
21
22
24
32
43
19
14
13
10
12
22
37
30
31
32
51
74
20
13
8
12
21
22
24
26
24
46
38
40
8
15
10
16
17
17
11
19
25
37
11
25
27
23
37
35
42
53
52
66
96
89
21
14
16
14
25
29
26
25
22
27
29
38
6
9
13
9
14
9
18
20
23
35
53
81
19
11
13
9
16
19
14
19
27
22
32
33
16
19
28
27
47
55
32
34
40
40
41
38
20
15
16
14
14
16
13
19
29
28
55
54
22
26
19
22
67
85
26
35
34
57
88
92
4
5
9
8
16
22
18
18
28
29
39
41
26
15
31
41
33
28
39
40
55
54
67
80
15
24
27
24
34
26
27
40
63
41
66
89
20
19
22
17
38
34
38
37
40
60
68
66
39
27
32
37
47
37
39
62
43
66
92
93
36
26
36
36
42
42
42
49
52
67
27
21
37
31
42
40
44
49
54
29
31
22
27
31
33
27
24
42
55
70
67
5
8
4
9
16
19
19
24
14
25
42
42
19
22
42
33
20
31
28
26
48
41
63
56
31
24
32
27
38
37
32
38
44
62
90
90
30
40
41
34
39
49
52
40
66
68
101
123
27
34
44
31
49
53
51
47
50
91
83
115
23
25
27
29
28
39
31
39
45
65
62
74
7
7
6
10
11
11
6
11
18
15
27
20
25
22
40
33
34
32
27
30
37
53
69
69
28
28
32
27
40
35
24
28
30
37
47
50
15
28
28
23
27
42
34
51
36
44
90
86
38
26
39
36
36
36
39
53
51
90
34
28
27
34
38
35
49
47
59
61
81
70
27
31
33
34
39
30
47
46
44
47
57
94
1
4
4
7
7
6
4
11
5
17
29
18
2
1
3
3
4
4
2
8
10
19
19
27
14
33
26
24
46
34
22
27
32
47
62
55
11
5
14
11
5
2
4
8
7
7
33
24
12
29
36
37
38
16
24
28
53
81
28
29
31
37
25
31
37
31
39
40
47
43
2
1
7
4
5
4
1
3
3
22
20
1
3
3
9
5
11
8
11
21
22
43
16
13
23
22
32
37
24
30
35
40
48
57
29
12
32
27
27
29
21
32
41
48
50
63
20
26
19
18
26
38
32
33
41
49
64
57
28
23
34
33
29
43
46
25
56
33
16
14
19
22
23
25
20
32
41
42
31
8
6
7
5
7
4
4
9
10
7
21
29
11
4
5
17
24
19
25
23
32
49
83
69
18
19
26
18
18
13
16
21
20
24
19
40
17
31
16
20
27
31
36
36
20
42
42
73
10
8
8
8
10
13
11
19
25
45
57
70
5
3
4
5
1
3
8
3
11
7
9
13
5
3
5
1
2
6
3
5
10
1
6
3
3
4
6
1
4
3
7
21
30
34
29
26
32
39
23
34
32
51
48
48
60
28
26
31
18
38
28
40
34
29
36
46
8
3
3
1
3
3
7
3
9
23
28
4
1
4
5
5
4
7
11
21
33
31
19
10
23
35
27
33
63
30
30
30
38
43
52
34
34
23
29
42
61
45
42
73
28
34
31
42
95
36
41
51
54
80
99
27
32
40
29
44
43
62
46
57
65
73
92
28
28
37
25
18
23
26
17
26
21
42
46
7
7
5
15
21
26
25
37
43
49
43
49
31
30
32
42
47
63
58
46
51
70
95
82
27
16
31
21
23
22
20
15
20
25
22
29
5
8
7
15
28
29
16
36
22
37
31
46
26
35
33
32
39
30
34
47
44
66
61
77
31
33
29
41
27
44
49
33
46
51
77
63
8
10
10
14
11
10
16
10
19
18
35
45
19
17
13
21
32
39
42
34
29
36
49
49
23
29
30
36
45
54
47
48
53
51
65
92
47
28
34
43
60
51
72
41
54
57
80
85
35
39
38
41
38
43
46
41
49
73
68
77
32
30
27
29
47
38
35
23
42
32
35
30
31
35
35
35
47
43
44
46
65
79
70
87
9
13
15
8
17
13
24
15
18
29
46
50
20
27
27
40
45
46
59
52
40
64
53
86
1
1
2
37
44
3
18
2
1
1
1
1
1
1
1
1
28
26
34
32
46
51
51
56
67
68
77
93
26
22
18
28
23
38
31
48
46
68
100
121
34
33
21
34
38
52
36
45
57
99
114
105
20
29
30
30
37
45
64
59
70
70
101
104
36
30
30
35
36
48
54
41
32
70
79
107
38
36
17
14
4
10
30
14
2
67
37
30
31
49
77
112
31
28
26
40
50
59
50
49
33
52
58
75
46
34
27
47
41
49
36
47
27
76
81
100
15
17
20
27
42
50
36
65
68
75
82
88
28
38
35
34
49
44
39
55
60
82
96
119
48
33
49
52
48
64
72
63
75
93
102
111
52
41
41
58
68
53
54
66
64
71
70
102
45
54
48
65
59
66
65
59
60
60
48
77
28
15
25
23
30
31
43
52
46
55
81
74
39
33
47
35
56
55
64
31
25
41
34
39
26
33
40
32
55
63
81
21
17
17
37
35
33
42
31
31
50
55
73
13
12
32
41
37
43
50
37
49
41
58
63
21
39
32
24
45
35
31
36
29
45
50
64
27
23
22
33
35
27
40
48
44
33
65
65
26
24
36
29
36
35
29
36
38
31
50
48
46
26
34
43
38
30
60
45
30
31
43
47
31
31
48
39
40
29
42
38
47
50
46
54
48
68
72
34
33
26
45
46
45
43
32
35
45
60
72
34
34
24
92
17
16
8
15
10
20
22
31
63
96
102
67
40
43
48
55
65
64
71
83
83
117
32
27
39
36
41
57
46
58
49
68
94
135
35
33
23
37
46
46
47
25
22
7
4
17
74
81
64
31
45
54
58
63
62
76
115
123
29
26
34
32
41
57
62
60
101
141
37
38
37
48
55
60
72
69
61
79
105
99
42
32
27
38
33
31
50
48
56
70
100
119
84
137
46
31
38
45
55
58
69
58
86
84
97
106
46
46
40
55
65
65
58
63
65
72
99
126
47
21
42
37
31
42
32
53
40
78
56
71
62
64
80
81
85
104
118
113
137
138
168
52
45
52
64
95
91
113
120
122
124
146
164
67
54
66
81
90
120
103
108
121
139
142
153
59
60
47
56
74
65
96
93
109
115
125
151
48
55
61
47
55
80
89
121
129
125
118
151
64
44
55
51
65
83
90
91
97
87
112
114
46
38
36
46
44
54
78
86
90
88
98
140
55
39
41
51
51
72
66
76
116
119
125
120
51
38
47
59
53
64
84
67
93
81
93
92
45
37
53
40
44
82
65
93
107
119
149
181
66
46
59
71
72
113
136
167
177
62
53
60
64
99
124
121
164
165
166
195
191
67
55
47
64
77
78
105
117
161
132
160
176
68
63
69
89
96
145
155
91
106
136
57
49
54
66
70
81
61
62
61
93
117
123
54
52
52
72
53
77
73
64
66
79
94
68
47
18
15
2
8
24
43
47
70
70
35
43
38
26
47
42
41
34
51
62
47
38
34
27
41
42
49
59
48
38
40
59
73
65
56
82
80
91
105
54
55
54
57
48
57
64
94
67
65
58
83
80
97
98
106
116
64
45
40
54
70
69
65
89
87
98
99
125
39
56
56
46
59
85
75
88
92
91
101
112
58
67
49
55
47
66
60
76
90
96
106
103
42
46
45
54
51
65
57
79
66
82
102
69
80
56
64
55
63
69
64
71
78
105
100
107
44
45
50
57
52
58
69
79
77
92
104
93
43
46
41
26
38
34
45
42
46
57
52
59
56
98
60
88
94
101
111
73
55
47
45
52
47
44
57
67
43
46
51
63
81
54
68
51
49
48
43
46
77
73
70
76
94
90
91
60
57
51
44
51
52
54
55
40
113
70
59
52
45
49
67
89
96
79
107
104
118
56
48
53
32
38
46
62
49
60
63
88
82
72
57
52
73
66
66
80
76
88
81
101
92
80
90
73
81
89
76
79
95
104
106
124
55
63
53
59
60
80
55
51
93
87
138
117
53
73
79
80
100
81
129
109
53
45
48
25
42
75
71
35
49
63
74
98
66
54
57
58
69
80
78
50
84
89
85
98
49
48
42
27
58
46
44
59
51
50
65
46
39
41
46
66
56
72
86
99
112
106
72
56
55
48
75
79
97
79
110
113
56
51
47
57
68
69
88
80
85
91
87
104
63
51
74
93
58
97
46
75
120
108
132
43
49
36
75
27
73
42
53
49
50
48
59
69
61
87
95
129
128
43
32
43
41
44
51
82
61
71
82
125
103
54
86
106
37
33
43
51
51
58
69
60
77
116
137
138
58
56
49
67
68
71
89
80
102
138
150
130
34
39
59
53
88
68
52
66
80
91
123
121
57
62
54
73
77
81
75
68
84
109
115
145
66
70
61
70
68
85
81
90
86
116
126
137
24
20
37
35
35
47
51
71
62
78
77
93
45
39
50
56
67
62
63
67
72
118
114
109
56
50
49
65
102
120
101
62
45
53
74
69
72
71
74
51
66
84
80
50
53
59
60
84
75
74
78
86
93
132
141
48
57
40
47
48
39
36
36
50
80
94
108
39
58
73
61
65
78
78
112
113
121
111
54
52
58
71
88
126
131
117
52
42
57
52
73
62
57
64
77
102
129
121
15
20
31
11
1
2
5
29
36
29
115
108
55
35
50
70
68
75
69
106
108
102
53
43
45
45
50
62
44
76
98
102
127
124
56
49
57
93
69
60
76
75
78
97
129
134
45
53
60
64
70
67
67
87
85
114
151
145
50
55
79
74
60
81
59
85
96
96
116
79
42
48
46
57
40
51
47
55
53
99
117
80
38
42
41
50
63
49
55
82
82
144
140
126
42
49
51
59
61
58
55
62
91
107
133
120
57
59
58
63
69
91
65
75
104
106
131
141
54
63
69
89
77
85
88
81
96
106
140
124
44
50
41
58
55
46
48
53
70
93
83
105
47
52
53
51
40
55
53
65
80
115
158
124
72
51
62
57
68
69
51
77
106
102
144
140
53
65
66
62
46
58
39
53
77
92
109
101
40
37
57
58
57
53
46
56
60
90
102
96
57
65
56
55
63
73
73
57
85
110
119
110
56
49
56
63
63
52
54
51
76
108
119
114
33
42
53
55
56
61
61
74
65
116
143
115
37
54
54
49
51
55
51
58
98
120
112
109
50
55
51
65
61
51
60
70
101
132
146
119
57
56
63
53
52
44
65
73
101
133
137
126
58
56
60
51
65
52
59
72
110
154
140
138
68
56
52
40
47
51
63
75
82
92
68
110
60
71
63
60
66
67
78
84
101
136
110
99
57
60
56
42
37
37
41
50
77
99
111
89
30
39
30
36
53
38
55
54
69
114
128
96
40
41
55
42
46
48
64
71
79
122
144
115
65
53
50
49
52
44
27
51
51
63
30
67
53
74
57
51
68
60
51
64
77
110
116
53
69
62
50
60
44
64
52
87
119
135
118
53
77
60
64
66
64
55
61
76
134
50
54
71
56
45
51
36
56
88
119
115
102
46
38
40
54
54
37
50
61
85
104
122
108
63
33
49
49
43
45
54
49
82
93
117
125
33
27
34
33
34
33
49
38
78
75
115
79
36
53
34
27
35
40
46
52
61
59
55
45
33
33
42
39
33
44
56
82
49
68
50
46
60
56
58
61
43
57
101
126
130
127
38
43
50
44
52
47
50
66
86
100
126
115
35
39
34
49
41
47
48
75
63
81
108
104
43
59
39
43
51
48
36
66
85
101
93
123
15
14
16
14
19
16
17
21
21
38
34
39
38
33
32
33
26
48
42
54
52
92
107
96
29
30
41
44
32
41
34
55
47
90
98
98
38
35
31
29
27
38
31
37
36
67
77
77
45
34
37
30
36
43
52
50
57
88
111
120
40
40
44
32
44
53
38
67
56
93
89
85
40
43
31
49
33
27
40
34
48
69
81
99
39
46
39
45
28
40
48
39
56
90
76
93
38
51
32
49
37
36
45
34
60
102
129
123
28
46
40
54
47
49
61
62
84
84
103
125
43
54
37
37
54
60
68
83
109
119
114
147
53
36
46
46
53
46
46
48
65
96
96
119
32
41
48
43
40
43
43
36
47
61
71
118
118
48
50
47
42
52
60
46
57
86
102
103
123
46
44
53
55
43
48
56
65
67
34
44
36
45
32
30
45
59
53
76
121
162
44
47
53
54
48
59
44
47
71
105
162
193
43
54
64
50
74
62
71
68
57
94
207
228
66
80
96
92
76
70
96
65
90
151
266
289
59
76
121
161
174
187
193
209
186
293
319
249
75
123
126
133
146
107
113
104
119
179
225
191
59
45
43
44
42
57
63
57
69
91
111
107
33
43
40
53
45
36
55
45
58
70
90
128
42
32
42
29
43
36
45
69
59
95
101
107
32
26
32
29
27
31
33
21
33
42
58
59
16
10
9
12
25
15
28
30
21
40
42
46
21
25
19
28
33
19
30
24
39
46
48
58
27
22
23
26
30
24
33
46
28
54
75
77
38
27
38
43
35
36
33
45
54
63
80
100
2
1
4
1
1
1
44
36
26
31
33
43
28
23
30
29
36
22
8
6
5
8
10
3
11
35
48
55
59
56
27
29
23
22
29
31
32
49
37
63
73
100
27
24
20
24
32
23
38
39
28
14
16
52
35
34
33
42
36
40
51
49
59
72
101
101
29
25
19
18
29
20
24
33
49
50
58
47
13
15
7
25
16
23
25
35
43
54
87
85
41
29
42
55
97
110
131
146
185
196
193
154
7
9
9
7
9
10
7
17
26
17
40
37
1
10
4
7
6
19
22
17
18
27
28
23
10
13
8
7
7
9
12
16
22
31
40
47
15
15
25
11
20
25
22
24
19
38
40
29
22
19
27
30
27
35
39
46
64
54
87
76
29
23
17
26
30
28
37
35
57
57
89
80
36
23
20
14
23
34
36
50
28
57
68
63
7
11
5
9
7
6
4
8
14
26
34
48
29
22
30
25
30
24
25
41
43
19
34
56
6
4
5
4
5
4
3
5
13
12
7
12
9
23
32
24
29
31
45
36
36
60
38
39
39
25
10
32
22
41
31
33
34
36
36
48
77
2
3
3
2
2
3
3
6
2
10
7
4
6
4
5
3
5
1
8
6
18
17
18
3
3
7
3
2
6
1
4
7
7
3
12
6
5
5
3
7
5
21
19
14
38
40
52
11
7
4
5
3
9
5
7
14
21
30
37
9
23
15
22
14
15
23
39
29
44
46
58
14
25
18
23
34
27
26
36
33
52
65
72
17
20
20
31
32
26
32
39
40
65
53
71
21
22
16
22
19
35
28
26
23
31
42
47
18
12
14
15
12
26
21
35
40
65
80
57
23
17
20
23
20
28
22
22
22
37
64
57
20
10
13
22
22
20
16
19
26
41
38
59
23
20
20
28
22
21
25
30
37
35
59
84
15
13
18
22
25
29
25
25
35
39
49
60
10
13
12
14
16
13
20
34
25
41
46
44
24
12
25
23
31
26
23
26
38
41
51
38
15
18
20
18
20
30
28
26
35
29
63
67
7
7
9
10
2
5
6
4
3
5
18
13
13
14
14
20
19
16
13
12
26
20
49
57
24
25
19
22
24
33
35
27
17
30
28
28
3
12
13
21
18
30
28
34
49
33
47
57
9
11
11
23
32
25
29
26
24
19
23
25
14
21
29
23
12
16
31
30
47
5
6
5
2
3
1
3
2
2
4
5
11
2
2
2
4
7
4
7
8
18
14
19
19
4
1
2
1
1
1
2
1
9
2
3
2
3
2
7
4
9
19
20
18
42
29
25
36
29
53
45
55
24
19
26
19
24
17
10
11
7
24
26
16
22
6
16
20
22
29
39
36
42
45
43
36
4
2
3
8
6
4
6
10
7
16
15
17
5
11
15
15
23
27
27
24
27
32
42
45
57
11
14
15
20
32
26
27
31
30
54
57
61
11
7
4
10
12
11
18
17
25
41
28
37
16
21
21
30
32
23
22
37
42
42
54
68
14
6
10
5
4
6
7
2
12
31
38
30
20
14
13
18
20
20
29
26
37
44
71
48
25
22
16
19
23
27
16
8
7
11
17
19
1
3
9
5
14
21
32
27
35
21
34
9
9
7
6
4
8
7
15
4
4
4
7
5
2
3
2
4
3
5
1
3
4
10
23
15
19
15
24
22
31
36
15
20
35
47
40
43
1
7
5
8
10
10
19
23
32
41
47
70
4
13
17
20
33
26
16
26
33
39
62
59
21
17
21
23
28
24
25
38
34
43
51
67
23
19
20
27
27
24
29
25
28
42
40
13
17
19
19
22
37
33
40
37
59
57
79
22
19
19
32
32
32
25
24
34
51
60
60
18
18
38
33
33
31
43
26
32
48
38
51
5
9
10
8
8
10
10
10
16
18
29
21
9
2
4
8
8
10
6
12
8
19
30
52
26
30
21
25
35
23
31
20
23
30
22
40
22
22
25
30
30
34
33
28
38
47
67
54
18
14
11
23
30
40
38
56
50
19
15
24
15
17
8
4
11
5
14
23
40
3
6
11
4
7
6
5
10
7
10
5
16
3
6
6
2
7
4
3
5
6
6
11
9
11
11
8
9
16
35
21
27
34
34
36
46
6
5
9
9
9
8
6
11
26
54
4
4
5
8
13
25
27
21
37
30
35
48
11
13
21
18
27
23
23
23
17
24
30
40
22
20
24
18
34
23
22
27
20
26
55
57
15
22
16
21
36
27
20
28
16
13
23
38
6
10
24
17
37
30
21
30
32
31
26
45
24
22
22
30
19
19
27
24
28
34
45
48
28
16
20
26
25
36
19
29
9
12
15
20
6
7
7
4
8
8
11
20
22
20
28
30
2
5
5
4
10
11
14
19
28
43
45
57
14
9
16
21
19
17
24
18
16
16
24
24
20
15
19
24
22
18
28
41
36
53
19
21
25
27
41
24
25
22
34
35
38
54
1
2
3
2
2
3
2
1
1
4
5
3
3
6
4
5
5
1
7
5
6
10
9
5
4
7
1
2
6
6
4
4
6
6
11
7
5
8
8
9
10
14
12
17
15
20
37
23
29
30
23
26
34
27
23
30
41
49
48
11
20
9
13
22
19
14
14
28
27
29
25
7
9
11
8
17
15
10
14
14
20
18
16
14
10
10
10
13
16
18
17
22
28
29
35
18
15
21
31
34
38
29
34
34
36
52
42
7
11
13
11
15
38
27
35
26
33
12
20
12
8
9
10
9
13
11
10
25
18
6
8
5
10
9
15
18
19
25
10
40
40
9
7
11
13
16
39
24
23
28
30
33
36
4
6
9
15
10
11
16
19
27
27
28
35
9
18
20
32
37
59
45
37
57
35
50
67
12
26
31
32
35
40
30
32
43
43
60
61
15
16
18
21
11
17
20
31
18
31
44
56
7
5
4
13
16
26
21
12
18
23
24
28
5
5
9
11
30
29
41
35
34
42
57
93
38
53
53
52
60
73
12
4
9
12
9
6
12
5
19
15
26
31
5
8
6
10
6
18
20
17
23
29
29
49
7
8
3
22
18
22
27
12
31
65
68
73
33
30
29
24
33
47
35
35
48
45
65
58
40
26
23
32
39
45
56
54
57
51
62
77
16
22
27
39
37
58
61
49
54
50
79
77
38
37
28
36
29
34
26
51
55
51
80
83
22
34
29
37
30
41
40
43
52
51
66
78
30
20
30
35
32
46
45
38
38
46
75
88
34
25
23
29
29
42
37
44
45
68
71
106
29
26
35
26
33
47
44
47
55
66
69
88
25
31
23
27
26
45
45
44
51
52
55
57
12
13
12
43
35
44
36
39
53
61
78
71
32
24
24
30
39
24
39
33
36
53
66
62
3
11
8
8
14
14
22
17
22
17
45
55
10
13
7
17
13
17
16
22
34
46
47
41
12
14
33
42
39
36
50
46
84
25
23
18
44
30
43
38
37
39
64
67
100
35
26
20
36
47
32
26
26
15
7
16
38
31
36
30
33
27
42
36
34
41
46
62
76
98
43
29
22
33
41
40
47
61
32
80
54
25
21
11
24
19
17
24
16
18
15
22
30
10
10
11
12
13
22
13
20
20
35
43
49
13
11
5
16
27
32
41
36
31
47
55
58
21
35
23
37
33
55
46
42
70
67
58
75
45
48
57
25
24
36
35
41
36
37
58
55
55
66
73
25
14
24
35
37
48
53
49
37
78
75
84
34
25
32
29
47
41
44
49
41
59
70
89
41
39
24
31
40
54
65
63
48
53
58
86
35
42
22
41
51
41
51
44
35
45
63
70
15
16
19
28
31
52
41
39
35
55
57
87
36
38
42
42
32
54
71
61
46
50
69
91
39
40
35
47
44
47
53
44
34
50
54
74
42
25
34
37
40
43
59
51
33
47
55
144
26
21
26
21
32
44
48
30
34
57
65
85
57
48
42
23
31
45
37
41
68
76
26
27
26
44
51
46
41
49
51
69
86
98
43
36
30
21
39
23
33
22
40
37
50
32
19
14
16
26
40
33
36
27
23
28
58
81
49
31
35
33
73
52
42
40
20
42
71
77
37
25
40
36
51
60
51
50
58
67
94
119
21
31
42
36
60
35
51
69
107
115
35
29
38
38
47
48
48
40
55
64
86
94
42
40
45
53
69
63
71
72
94
102
32
22
11
35
35
23
53
56
58
66
49
59
78
110
137
2
18
39
50
56
65
43
57
73
77
106
137
62
123
81
67
42
71
87
88
101
125
112
134
147
132
47
56
64
75
74
77
85
95
113
109
124
26
35
28
43
56
64
88
115
30
37
31
41
57
60
80
62
89
88
73
107
67
30
51
48
55
63
74
58
92
93
103
141
58
42
32
46
54
56
77
69
86
120
121
166
59
28
36
45
61
74
75
64
80
77
102
102
38
37
69
76
62
82
79
110
146
149
166
58
42
47
60
72
76
94
87
111
87
133
162
45
47
56
49
66
70
94
74
92
108
109
112
54
56
33
29
50
65
54
103
122
127
150
141
51
44
49
66
73
74
89
93
106
115
97
141
157
186
185
191
196
174
88
110
68
86
93
105
104
118
148
139
91
91
105
44
48
52
54
58
65
83
61
55
79
44
47
43
39
51
39
43
72
59
74
89
99
46
106
100
38
28
36
45
48
48
50
40
64
93
113
108
53
51
46
43
54
61
62
63
88
88
69
83
45
59
37
49
61
54
63
65
57
67
103
98
51
40
52
46
44
51
49
65
54
55
72
74
46
42
59
47
54
66
52
48
33
74
94
108
29
41
63
50
56
82
79
81
87
105
118
116
57
49
37
63
51
58
68
82
91
85
116
119
81
59
66
34
55
54
30
102
94
62
65
62
49
36
38
31
51
45
48
52
66
95
75
77
62
48
35
43
42
59
53
53
62
98
94
87
30
34
39
33
43
70
181
117
22
20
5
1
36
27
35
32
27
43
54
57
77
72
48
60
61
47
40
42
56
77
83
68
75
84
93
115
39
23
31
25
26
41
39
46
52
61
58
71
67
49
42
51
41
93
110
73
118
122
109
43
43
42
55
65
48
50
73
59
88
110
113
66
52
31
51
49
59
59
53
78
94
105
115
62
29
37
48
52
69
70
65
78
111
110
56
46
63
49
46
52
56
69
75
80
97
95
40
37
28
42
43
38
39
70
66
64
97
97
41
40
38
40
41
45
57
58
51
61
73
83
44
41
38
45
57
48
56
51
71
62
62
71
54
52
59
63
63
72
63
71
87
103
99
94
55
37
29
47
48
33
57
40
59
81
90
111
81
50
37
39
51
41
31
38
45
59
78
132
43
43
46
42
49
56
74
84
91
83
99
98
52
47
40
52
58
60
49
52
85
77
86
93
44
55
65
59
92
47
52
43
40
54
76
73
80
98
104
113
121
43
48
66
54
69
53
70
66
65
67
120
101
35
37
30
29
40
54
36
7
9
11
65
54
41
40
47
53
53
46
57
70
65
87
99
97
48
96
33
53
30
31
36
27
37
69
61
74
72
54
41
37
40
42
58
46
51
66
79
84
100
87
52
46
65
46
66
66
53
51
73
77
68
67
52
35
44
52
33
47
46
33
52
69
70
91
54
42
46
57
76
53
71
63
82
82
113
118
54
50
42
64
62
52
59
66
87
92
98
118
29
29
28
30
39
37
30
49
55
61
87
87
45
51
65
50
47
61
54
58
66
96
97
95
38
36
36
61
64
58
54
78
67
94
90
86
56
36
30
34
42
60
29
40
67
81
99
113
39
34
50
45
48
49
43
72
86
88
115
73
56
48
58
45
54
42
71
50
56
52
74
90
36
52
45
53
49
48
39
65
70
103
122
123
34
43
37
54
55
54
61
53
49
86
107
98
64
56
46
47
59
66
61
66
78
110
130
99
63
51
50
62
90
80
78
58
72
67
46
27
13
11
3
2
2
1
20
32
59
28
22
18
42
57
56
60
57
62
73
60
44
99
84
59
46
40
41
33
34
18
14
1
6
2
54
60
47
51
56
41
57
66
82
102
117
124
52
57
61
57
60
82
72
63
77
107
43
88
117
130
118
45
34
25
36
16
78
45
115
3
49
15
39
39
50
48
44
43
56
59
73
65
70
65
82
95
135
127
44
16
16
9
33
47
28
23
46
93
119
53
56
49
63
74
86
81
103
92
126
157
130
55
56
55
67
78
82
57
81
49
110
93
119
59
57
58
59
68
56
77
69
89
100
115
130
73
47
72
66
77
69
62
62
79
96
109
107
63
46
55
64
64
52
77
76
85
99
112
97
73
93
74
80
70
64
70
82
78
90
130
116
38
53
62
75
58
76
54
61
74
80
88
101
38
36
36
49
48
70
57
70
82
126
138
119
33
29
35
38
51
34
38
42
81
92
124
117
52
46
38
51
51
58
63
61
75
118
125
119
52
47
53
62
66
43
69
81
86
116
114
101
39
60
106
77
80
53
62
58
89
89
111
114
43
55
34
48
50
54
44
46
55
99
103
110
49
39
58
59
62
87
56
56
81
108
119
113
61
43
53
47
46
53
49
88
86
111
121
110
53
40
45
48
52
62
63
63
81
101
98
100
40
39
38
44
55
59
61
67
88
108
140
113
51
41
65
56
55
46
37
47
50
73
78
117
51
46
64
79
63
74
62
76
75
99
130
110
53
49
64
64
53
62
50
67
84
117
137
141
61
42
75
58
68
75
61
64
86
108
133
118
47
47
53
78
45
65
54
60
85
98
126
126
48
61
46
58
63
59
63
61
80
120
153
128
64
40
51
52
61
61
60
85
92
66
117
139
56
52
55
45
61
49
60
49
68
107
113
119
43
39
43
38
33
41
44
51
64
84
94
91
37
33
22
25
30
18
24
22
47
47
63
88
24
30
30
23
36
29
32
23
44
62
72
71
48
47
46
49
44
40
51
42
64
94
92
102
50
40
23
34
36
37
42
39
57
81
81
81
41
47
38
60
46
45
60
52
80
102
128
115
61
44
47
40
32
35
41
51
80
86
94
92
58
45
47
47
56
43
53
55
66
81
86
87
58
47
41
36
44
29
49
66
69
54
78
107
20
53
61
57
63
56
48
70
78
107
126
123
46
48
31
34
30
35
37
30
52
72
75
87
38
33
27
29
32
20
37
44
52
82
96
70
28
15
15
21
16
42
37
29
49
59
84
72
34
34
34
31
43
51
49
57
66
83
121
92
34
38
28
36
44
49
55
44
49
89
80
89
38
25
38
34
37
35
29
59
67
78
93
122
39
46
45
42
34
39
48
36
68
73
99
119
38
49
33
42
47
44
60
61
68
103
111
112
41
27
30
29
27
44
37
42
60
81
105
99
38
35
51
46
39
32
45
46
65
62
94
108
36
