65
67
77
58
60
65
49
44
28
19
32
27
67
72
60
65
81
69
60
58
45
34
27
19
68
65
58
60
67
57
60
44
47
42
39
42
64
75
73
63
68
80
45
30
16
18
20
37
63
45
60
74
79
64
52
27
39
33
27
25
51
43
40
32
58
47
37
29
27
17
19
25
46
43
39
51
69
48
39
24
25
25
29
31
37
34
67
57
65
52
29
39
31
27
23
22
58
44
50
56
50
43
34
48
35
51
38
22
48
62
51
45
48
52
39
34
28
33
29
16
28
31
42
41
29
29
16
14
24
11
8
9
15
21
39
30
28
28
16
4
9
6
2
3
44
47
57
59
77
57
49
69
55
41
30
19
76
54
66
77
80
49
38
35
27
35
30
12
46
46
43
40
55
48
46
45
59
40
31
13
35
38
40
28
35
42
22
29
57
28
41
30
29
38
30
20
16
7
16
12
46
50
51
36
49
47
41
36
39
29
27
32
57
43
54
47
60
54
36
38
36
34
30
27
44
48
43
23
62
61
73
54
62
38
33
31
71
62
59
82
64
52
62
65
41
44
37
24
74
55
52
52
58
59
55
36
36
20
22
33
76
53
53
49
40
44
33
44
33
20
16
29
34
40
26
15
22
17
16
19
23
18
7
11
43
48
47
54
53
44
44
18
27
13
4
11
37
43
37
28
35
23
23
21
33
29
12
10
31
23
24
19
12
12
15
8
4
6
2
5
49
61
56
42
36
37
24
40
33
33
41
28
61
58
67
75
89
76
64
54
54
36
41
43
74
64
81
76
55
56
49
35
27
31
21
6
49
60
51
62
49
29
22
16
18
13
13
5
78
80
85
93
89
83
74
66
68
36
46
29
48
54
40
41
39
27
11
19
15
7
3
2
38
55
58
63
56
51
53
41
27
34
25
21
72
63
68
63
72
91
75
77
65
57
51
51
72
75
58
81
57
53
43
38
22
31
20
18
89
75
89
80
87
95
62
60
64
50
35
49
63
70
88
85
86
73
87
66
61
57
39
50
59
46
52
53
62
67
47
88
35
25
29
86
88
94
72
47
36
22
81
83
64
80
104
54
59
46
36
43
35
32
70
66
59
60
49
52
55
44
35
41
23
18
46
40
43
30
31
35
30
25
32
22
17
8
50
40
44
31
30
27
22
22
16
12
8
9
42
48
57
44
22
29
19
23
21
11
10
9
42
54
70
79
85
88
75
80
68
65
56
24
75
71
78
110
95
83
52
47
50
45
37
24
59
72
66
78
52
59
52
63
58
62
43
18
65
63
75
62
79
76
93
72
46
37
32
36
72
69
58
59
49
61
50
45
33
20
32
13
22
29
27
25
21
35
21
24
20
24
10
9
28
50
43
38
33
46
30
42
46
28
29
25
50
34
41
79
66
84
120
95
115
99
121
94
78
55
41
76
70
83
103
84
75
69
74
88
79
62
46
86
101
99
120
125
122
84
108
106
37
71
65
60
111
109
103
67
55
57
49
35
26
44
63
68
85
69
63
38
40
53
46
23
36
61
57
66
74
81
67
73
78
78
70
26
15
92
81
77
67
73
52
49
57
35
33
33
29
108
86
108
103
108
87
67
80
89
62
80
50
63
101
115
125
111
96
73
75
85
66
75
41
87
88
87
82
96
73
46
27
20
15
29
13
72
75
57
64
73
61
36
48
50
53
47
25
98
80
91
137
114
106
89
75
80
52
60
40
76
77
75
79
79
69
50
46
43
25
24
15
54
59
54
71
35
17
18
25
34
32
49
25
67
77
111
109
76
71
59
45
60
33
29
39
94
78
96
82
56
47
55
33
46
33
18
30
100
76
99
171
162
114
66
81
83
84
65
48
77
68
100
86
93
84
70
94
67
61
36
92
65
99
108
138
120
120
110
119
113
80
53
82
87
105
105
80
62
59
36
42
30
25
27
48
44
27
37
25
29
37
37
38
42
35
23
80
82
94
82
78
83
76
79
85
69
34
43
80
86
66
42
55
39
23
20
36
23
16
5
42
54
14
12
19
10
6
8
17
14
6
6
77
61
63
48
42
18
17
10
11
12
2
4
114
91
74
104
72
68
60
58
73
82
67
42
60
67
105
73
100
73
73
75
88
64
73
41
100
104
99
46
39
36
42
27
40
33
22
19
96
103
129
129
133
110
112
123
143
128
73
73
108
148
121
141
122
102
109
150
140
124
91
57
117
147
126
131
105
94
95
118
121
93
79
60
94
96
95
89
77
83
69
98
120
88
66
47
135
141
143
156
135
134
137
132
141
120
102
60
137
165
142
144
93
102
122
149
164
109
80
61
92
144
100
107
93
59
72
85
103
75
55
35
95
117
125
93
71
88
95
86
123
91
54
32
116
108
85
100
85
69
108
114
113
99
58
44
96
82
114
71
75
93
74
99
100
87
61
34
117
141
94
86
80
86
58
75
78
52
40
28
137
139
107
79
69
49
63
68
55
46
46
25
131
143
120
122
116
98
86
73
89
52
25
18
137
143
166
142
117
118
141
160
160
137
91
76
117
126
133
130
136
119
132
75
133
144
147
145
105
92
81
110
120
101
74
52
143
137
110
120
82
76
93
112
121
104
56
46
175
145
128
109
132
103
154
186
194
168
83
45
130
123
115
105
89
51
74
74
130
115
50
47
108
86
92
102
88
100
98
144
118
86
54
20
117
122
107
100
97
95
143
162
195
184
125
60
141
143
140
144
125
120
141
145
130
117
93
47
122
144
178
124
125
102
99
129
128
103
70
49
122
137
132
117
109
109
130
149
169
157
111
77
120
133
131
112
92
101
104
132
130
105
52
43
138
134
154
142
98
135
93
133
163
106
71
82
151
157
132
152
149
151
149
131
145
190
211
160
170
158
159
147
108
124
192
186
174
191
149
141
142
119
158
151
137
134
122
108
118
165
155
110
111
69
128
165
158
133
115
110
102
139
177
177
164
146
135
125
122
118
110
168
181
152
93
75
129
171
136
111
97
85
91
113
109
74
58
56
121
167
181
127
137
87
125
178
219
153
140
108
116
87
108
201
184
151
148
151
117
102
99
114
87
83
85
154
138
157
163
178
122
74
104
108
108
89
63
170
160
132
146
134
148
125
120
116
146
102
84
163
133
140
151
134
114
114
153
145
160
183
137
118
106
134
95
161
157
148
146
172
171
211
168
174
123
172
134
118
150
144
128
122
96
178
176
153
169
165
147
118
114
102
110
93
100
169
152
159
144
135
118
125
129
138
134
117
74
168
147
123
157
148
136
148
144
170
140
121
105
150
119
99
236
227
229
224
219
145
150
152
231
198
228
218
151
140
128
143
142
149
140
118
176
184
184
193
191
157
130
178
185
180
151
118
144
141
151
182
157
118
148
142
137
133
123
80
192
180
213
165
171
151
139
124
182
183
142
109
198
180
193
155
143
137
146
136
156
116
100
104
141
117
127
116
117
151
140
151
156
100
80
90
135
141
121
114
143
169
147
132
104
130
142
132
149
123
108
106
130
162
150
119
131
149
147
120
140
119
75
68
80
113
90
77
78
142
161
169
192
137
122
123
137
129
138
122
86
169
125
149
161
140
120
130
150
152
159
129
126
153
120
153
186
170
145
130
120
106
118
135
130
128
163
125
144
133
115
100
96
103
121
31
106
163
175
178
161
143
128
172
149
124
113
169
166
165
193
152
157
121
130
153
137
126
113
64
103
151
143
132
132
134
103
116
113
100
77
112
122
147
165
135
116
87
115
137
88
105
111
120
112
111
130
126
131
142
106
90
122
111
88
109
101
65
129
106
127
146
146
135
122
122
135
150
123
106
143
141
138
149
147
111
116
133
148
139
134
106
104
112
103
111
90
81
89
103
122
127
128
98
100
122
120
98
102
104
155
143
146
131
125
96
111
123
141
134
120
93
130
139
138
147
148
125
126
149
154
135
97
95
121
97
104
134
114
94
118
108
107
121
99
104
68
102
108
139
103
100
80
43
67
87
89
73
107
112
132
106
125
147
121
120
144
128
93
93
129
139
139
127
130
86
142
144
161
92
86
110
126
135
128
129
135
166
131
112
88
176
146
156
179
136
126
127
138
133
132
118
108
144
133
126
88
174
146
171
152
124
133
135
133
157
130
115
108
158
134
84
76
82
94
92
88
96
82
70
73
72
77
94
89
71
65
63
103
101
94
71
56
104
101
96
61
47
47
56
45
57
64
65
63
103
86
115
70
97
73
89
79
99
101
72
59
102
75
71
71
95
74
72
70
82
91
67
48
98
86
83
93
80
74
66
72
66
54
58
40
84
52
60
58
55
122
129
111
109
98
144
146
159
159
147
124
133
140
130
131
110
89
107
136
144
158
134
132
147
141
153
133
109
89
101
36
90
129
156
135
184
198
211
234
163
218
179
181
111
157
143
134
119
83
139
157
183
177
164
132
114
123
123
113
98
84
148
146
126
137
103
110
129
135
131
124
116
77
163
143
160
164
113
119
149
136
128
102
81
61
146
149
126
122
167
163
159
155
151
137
103
99
159
135
154
154
192
154
150
168
127
125
129
83
90
87
87
120
147
133
133
122
106
91
23
19
150
149
164
135
110
142
126
138
132
114
97
96
158
162
153
145
115
119
123
103
121
119
124
79
78
107
113
108
100
90
83
58
62
74
71
72
117
95
109
108
81
96
81
84
79
84
71
63
134
115
125
117
101
112
111
124
133
114
67
103
142
112
85
75
75
97
106
110
84
107
90
71
112
99
118
85
106
94
91
127
130
93
83
67
117
104
135
143
119
128
105
105
99
104
86
78
150
134
126
134
158
146
129
128
117
133
117
91
129
125
124
155
132
115
133
133
120
106
92
71
130
118
101
120
118
119
102
104
92
79
76
65
121
102
98
87
94
92
83
71
65
141
136
148
139
124
136
116
114
98
114
101
65
150
154
143
159
177
130
109
118
123
130
103
78
155
150
167
161
139
115
130
112
134
129
94
88
162
150
136
166
127
142
115
143
131
121
102
75
124
115
106
138
120
124
114
132
117
97
85
73
130
140
146
143
138
142
114
115
121
123
117
101
160
139
148
218
143
122
117
133
122
128
113
85
133
113
138
143
142
142
147
129
123
108
104
86
156
148
124
155
139
112
106
114
110
94
90
78
114
93
111
116
110
122
94
112
104
131
95
78
169
134
140
131
155
118
111
126
122
123
110
75
154
132
142
126
124
115
122
128
131
111
98
66
117
96
98
118
117
114
110
130
134
113
108
93
118
106
115
120
109
112
102
98
104
95
111
80
138
136
134
137
134
111
95
102
98
89
100
78
130
126
126
114
123
105
113
108
122
93
88
73
122
119
113
123
134
141
111
124
131
90
98
61
92
76
93
98
50
22
25
33
18
28
33
39
95
106
106
96
105
111
83
87
81
78
65
51
134
101
88
123
122
96
81
105
79
71
83
73
115
90
114
118
148
102
86
96
101
91
97
72
168
124
137
146
140
123
93
77
113
97
88
77
146
123
132
107
109
100
90
99
77
61
41
40
64
62
53
50
50
62
66
57
53
46
50
57
82
72
53
74
74
50
61
68
80
66
91
56
19
38
53
36
97
117
119
113
106
119
118
94
76
82
92
120
110
68
67
74
63
67
59
46
58
153
105
136
95
70
54
60
46
61
42
63
68
90
93
93
64
82
77
68
45
55
41
55
44
111
99
106
121
107
64
56
36
48
63
71
57
132
100
85
106
119
94
43
25
6
5
6
3
139
143
114
120
108
99
93
77
74
45
40
39
70
54
42
39
38
55
42
49
59
37
17
18
63
86
81
88
89
89
88
86
82
69
72
61
87
61
58
38
59
97
95
91
72
57
37
45
42
64
75
85
79
88
79
70
56
66
74
41
140
110
128
132
121
105
111
114
80
80
75
67
122
110
102
113
113
109
95
92
89
80
74
51
116
102
97
95
104
80
67
95
60
58
42
49
120
120
105
102
108
127
95
115
79
79
48
55
95
82
114
111
118
104
68
71
76
76
51
42
117
96
106
91
76
79
94
70
58
52
52
59
54
83
62
85
78
75
73
51
43
54
53
38
81
96
90
109
103
106
94
117
111
85
61
59
138
123
127
103
118
95
105
103
101
75
70
54
102
91
96
52
65
82
101
99
80
62
67
58
118
101
114
79
91
88
97
107
115
85
69
72
152
134
118
122
130
118
89
67
63
49
73
37
111
87
101
78
83
95
97
97
96
73
73
73
132
111
110
51
54
64
58
57
66
73
42
38
143
129
133
119
85
66
81
67
32
30
29
23
96
108
80
74
42
49
62
67
73
58
41
37
110
81
70
69
72
89
60
22
13
4
27
40
213
198
183
160
145
152
121
102
97
77
82
88
256
209
206
161
154
159
102
118
89
75
69
70
211
157
169
101
101
90
82
88
50
65
61
38
267
206
137
85
66
64
48
59
53
42
50
33
289
237
186
156
119
99
91
70
68
56
45
53
137
122
98
114
85
64
81
64
57
58
30
53
123
118
113
108
104
108
99
87
75
69
53
51
162
136
135
101
123
126
112
108
78
61
64
52
132
105
124
106
117
149
108
101
72
71
48
50
68
48
57
47
57
59
48
65
49
31
23
23
86
84
104
75
60
45
54
37
40
37
47
41
94
94
112
96
116
114
92
69
61
45
58
56
123
154
133
157
153
117
109
84
88
54
58
98
93
119
115
108
99
103
93
72
68
51
67
133
114
126
124
115
100
93
86
89
69
60
45
141
143
130
83
108
106
112
94
76
64
57
43
87
102
95
103
101
75
80
70
80
69
46
45
106
97
76
128
98
93
110
67
81
64
60
30
125
129
103
123
140
101
111
100
82
70
69
41
95
82
92
77
66
66
65
68
52
59
25
37
63
74
54
43
46
23
25
35
23
16
5
7
76
87
94
109
89
82
80
71
89
66
41
46
75
84
88
72
55
41
31
28
42
36
23
11
92
127
112
116
90
59
106
82
39
18
29
30
72
94
100
131
145
129
127
91
76
44
49
33
46
108
95
74
61
66
79
72
47
29
21
13
11
59
59
54
66
55
65
90
67
57
50
45
33
62
67
66
70
74
38
28
25
15
9
3
16
17
17
16
17
32
24
35
17
18
26
26
9
56
53
59
73
64
66
72
68
57
25
25
19
51
61
60
66
60
64
49
51
41
38
16
66
40
56
59
76
91
70
88
56
45
31
28
13
95
91
91
86
107
105
110
86
82
55
37
41
87
75
68
85
105
77
56
56
43
19
15
10
48
46
60
80
129
132
120
90
90
53
59
53
102
102
129
128
128
129
112
93
72
61
36
91
98
102
91
108
94
96
52
21
13
11
7
29
20
23
28
24
19
18
17
19
8
4
5
60
55
62
71
89
114
113
75
54
13
3
4
85
89
77
82
87
91
101
87
53
49
37
40
71
54
64
49
65
70
55
54
48
53
23
29
48
41
46
54
62
69
56
47
46
27
25
24
72
89
94
107
112
114
75
83
58
46
41
29
43
41
33
59
54
71
49
44
44
47
39
28
80
99
76
62
65
70
64
79
88
65
57
38
61
48
49
72
57
48
41
31
26
24
25
18
34
25
34
50
31
35
35
33
24
20
29
17
91
87
82
71
93
77
69
62
57
50
35
31
38
49
46
42
46
49
34
36
29
29
12
9
32
37
36
18
33
25
18
19
13
9
9
5
97
85
95
84
85
100
82
68
77
61
31
16
25
24
52
19
22
15
8
10
8
1
3
6
34
58
57
71
73
45
29
35
15
16
11
9
41
56
54
47
52
60
70
50
54
35
32
28
48
39
42
57
48
53
54
42
40
20
27
21
61
54
60
68
69
71
46
55
35
36
29
23
88
53
45
63
53
67
41
31
14
7
5
7
52
59
61
65
60
48
38
26
49
32
25
16
80
62
69
58
66
55
56
56
57
43
26
22
77
68
66
68
60
77
72
42
52
48
34
20
77
89
73
81
79
79
65
45
48
49
36
30
95
80
83
89
88
73
63
85
60
52
37
32
97
91
108
90
69
73
72
56
82
44
45
37
92
89
77
76
79
63
66
79
73
42
53
66
73
57
56
60
57
46
58
38
37
41
37
27
48
42
33
54
54
45
46
42
25
25
38
45
47
52
42
39
29
83
73
72
73
74
65
86
71
87
62
52
41
85
88
87
74
73
74
74
72
62
51
47
30
81
87
85
89
73
88
85
87
88
48
42
70
70
74
55
82
74
63
55
52
50
43
38
14
11
21
17
15
25
12
5
8
16
41
32
24
72
76
58
83
62
55
78
56
43
53
40
43
52
39
65
71
69
63
74
59
61
39
32
37
84
75
75
71
103
93
85
66
59
67
40
36
91
75
90
91
85
89
79
60
69
74
64
44
83
65
78
85
74
81
78
75
63
59
54
31
70
76
65
73
94
66
68
67
45
3
6
2
28
18
22
18
13
11
5
10
9
2
1
5
35
46
58
67
67
66
52
43
47
44
51
27
64
55
44
52
67
42
48
38
28
17
11
12
39
28
22
15
14
4
12
6
8
17
2
5
80
72
91
76
80
56
56
47
50
46
39
31
39
33
18
22
23
18
12
23
19
21
8
4
13
17
25
41
22
14
9
7
6
11
2
5
51
62
47
48
49
30
30
36
32
47
31
19
60
59
66
59
82
82
60
62
54
43
39
44
57
71
54
62
78
61
54
39
34
30
19
16
55
47
59
48
43
34
33
39
58
35
45
29
56
61
80
71
83
67
39
31
37
26
23
36
42
34
39
28
30
17
19
14
12
7
6
2
28
23
12
13
4
10
7
12
10
15
5
10
52
75
65
74
89
74
67
64
59
40
42
12
58
38
53
58
50
54
85
69
52
50
47
32
67
59
47
39
44
19
22
25
20
15
11
8
60
68
85
69
94
65
79
55
63
46
23
8
8
7
8
7
13
6
5
6
7
5
4
1
6
9
16
4
4
2
10
11
7
8
8
5
45
32
29
12
18
27
15
10
15
26
39
39
76
73
73
69
88
76
62
56
67
78
51
43
9
5
8
9
13
7
6
3
3
8
5
2
38
23
25
8
4
2
6
5
8
11
3
6
43
39
52
43
36
21
20
15
28
19
18
15
58
68
66
55
62
55
56
47
25
31
12
16
56
60
67
88
87
83
97
89
77
62
59
50
83
65
88
117
111
106
86
124
85
85
60
42
79
82
81
107
119
79
96
95
86
91
64
37
32
26
29
33
30
23
13
15
19
18
16
16
61
68
91
94
126
90
82
98
86
69
69
35
63
85
64
73
74
60
50
56
53
35
30
22
36
45
38
41
35
35
20
21
12
9
12
4
44
51
59
83
88
72
54
60
56
50
43
47
85
68
91
130
90
71
60
56
74
72
39
41
68
89
100
141
133
100
87
53
51
24
15
16
29
20
22
30
23
22
12
18
22
14
15
18
54
59
69
92
92
91
59
69
63
44
24
13
80
91
119
131
114
120
117
101
119
124
90
55
91
72
85
83
63
72
60
85
111
57
58
32
80
82
91
79
92
85
78
87
88
82
61
39
29
35
17
34
96
111
70
128
114
94
83
51
94
79
43
42
43
34
37
47
30
37
23
12
79
57
89
92
64
38
43
34
33
26
21
12
89
80
82
38
18
8
2
2
1
19
6
1
1
1
4
1
1
4
1
1
1
1
1
1
4
129
130
116
83
74
57
60
58
74
52
32
26
135
117
82
87
79
60
51
84
74
44
24
27
129
130
130
74
63
60
65
53
46
37
27
23
116
110
87
90
88
66
51
45
58
51
28
22
80
131
127
134
105
116
91
126
139
130
70
68
117
83
37
108
113
112
109
90
120
109
107
122
155
141
128
125
133
164
148
130
72
49
90
100
109
90
102
104
120
173
152
125
75
40
96
92
96
75
66
47
54
57
81
46
31
16
86
69
56
45
56
30
54
69
64
45
35
17
124
102
93
86
85
76
96
92
74
70
71
25
119
137
145
114
105
104
113
139
122
119
77
51
130
140
136
137
137
114
128
176
173
157
104
58
100
103
102
115
84
100
120
136
148
72
63
39
90
109
109
103
72
69
96
81
119
94
88
98
58
59
82
74
103
111
89
51
30
75
76
84
74
38
31
37
37
45
45
17
24
89
110
84
82
70
84
67
84
60
48
31
16
66
55
56
48
30
40
39
49
74
48
33
20
79
77
91
63
67
50
53
82
85
58
33
32
83
68
86
84
68
77
64
95
126
102
71
40
73
79
85
56
70
102
87
125
139
109
91
78
66
78
94
59
59
50
80
97
116
55
52
64
46
50
48
106
110
91
83
65
77
87
127
144
117
80
71
61
69
82
63
72
66
101
121
133
120
75
43
107
113
102
93
72
74
140
103
106
90
85
82
94
149
162
173
150
104
74
146
125
123
90
106
72
85
100
111
89
68
30
146
128
98
73
54
45
103
167
132
133
84
55
75
135
102
97
89
84
145
187
180
141
75
57
142
134
165
109
107
92
154
55
148
118
123
120
104
117
179
237
210
154
100
53
116
85
97
76
81
83
156
171
202
156
93
45
80
93
72
67
106
91
169
179
173
155
117
56
143
137
127
102
71
94
157
219
222
144
86
60
78
57
89
68
57
72
134
175
187
155
81
56
132
107
100
75
68
110
147
202
196
146
99
48
77
138
127
122
100
116
94
113
112
107
90
56
139
110
103
106
100
102
97
83
133
110
89
82
131
122
133
119
109
91
96
114
100
100
67
124
124
95
122
77
89
74
83
78
93
88
49
144
110
119
137
100
97
91
79
117
103
79
67
115
97
104
114
86
91
78
75
69
91
72
69
83
100
97
108
116
72
75
77
79
79
88
57
103
111
88
109
90
77
71
96
118
100
79
68
91
87
101
112
93
87
74
75
95
91
73
51
163
132
116
121
110
109
123
101
183
188
187
150
139
121
114
102
120
119
84
60
214
204
158
180
144
138
128
128
143
149
88
70
169
145
125
125
126
123
93
105
126
105
69
57
137
121
111
88
98
90
144
127
110
106
81
82
90
89
104
110
85
65
111
84
64
82
95
70
86
87
103
104
70
60
87
48
88
87
74
64
63
94
84
78
76
57
76
57
82
66
65
56
59
90
95
97
78
87
80
103
102
86
43
108
97
86
65
79
63
90
81
72
88
98
82
76
77
103
74
70
89
99
103
95
135
98
88
91
99
116
107
93
65
102
99
95
109
113
100
80
105
116
117
93
71
88
92
79
98
93
94
79
104
97
106
85
54
106
86
91
103
114
104
85
86
101
113
84
60
66
77
90
86
102
77
91
85
93
108
83
88
104
85
95
104
92
92
86
99
116
112
70
70
98
89
99
90
69
71
59
58
33
62
43
41
99
53
83
65
74
67
63
84
94
101
78
104
105
103
70
86
79
97
85
69
89
75
65
77
77
66
47
104
76
96
71
64
92
124
88
90
83
78
89
57
97
83
74
102
80
100
95
73
75
100
62
63
90
77
64
69
56
63
54
62
70
59
59
103
87
95
115
121
94
92
73
86
97
82
91
97
99
106
120
113
91
111
105
111
128
126
116
97
88
104
93
94
71
55
113
103
97
106
114
89
155
140
106
108
80
63
102
104
91
99
136
102
92
56
109
95
86
101
75
84
86
95
124
108
83
75
98
81
103
91
86
89
86
85
103
116
85
73
46
99
61
54
36
62
67
80
60
77
73
73
111
88
91
84
106
85
73
61
92
117
82
79
118
103
95
79
106
93
98
94
99
92
69
65
117
84
112
67
59
45
75
71
91
106
122
107
102
103
103
106
122
106
95
91
93
71
87
85
99
119
104
99
72
54
75
104
61
103
85
91
64
76
93
97
73
54
49
61
73
64
57
82
77
83
94
50
77
69
59
118
72
75
81
74
89
82
93
80
72
79
77
124
130
99
98
93
112
97
101
61
52
102
99
89
92
97
111
120
109
118
78
65
60
129
112
113
70
93
91
104
114
101
87
58
133
108
108
119
99
79
81
87
75
56
51
45
85
96
79
90
79
87
74
91
80
60
51
45
88
86
97
82
86
95
97
86
84
96
82
84
91
70
80
94
71
105
110
93
87
99
92
94
103
67
64
121
98
108
109
72
76
86
84
88
82
88
56
99
82
86
99
114
92
88
91
101
115
100
123
93
129
101
101
83
85
63
73
123
103
99
88
110
101
87
84
102
89
87
65
91
89
91
92
92
76
54
84
82
56
60
51
67
50
68
90
103
79
83
109
100
75
65
69
95
108
108
122
100
80
102
85
91
98
67
66
128
97
113
112
113
114
117
83
87
86
79
62
85
119
134
109
116
87
74
108
98
78
79
62
105
97
105
102
120
81
82
105
94
71
58
53
85
78
66
67
61
91
64
51
52
51
34
32
82
97
82
69
48
60
62
54
54
48
54
55
103
93
126
124
115
85
76
103
103
94
67
57
107
123
115
107
76
98
117
91
83
85
78
60
113
89
103
112
90
94
96
89
84
95
84
53
124
99
98
115
113
84
68
87
53
50
58
42
111
106
112
111
91
98
79
80
89
73
70
41
124
115
133
124
124
131
127
149
110
110
80
81
97
117
107
111
93
67
77
49
57
59
48
47
78
94
99
82
93
101
55
80
70
58
58
48
97
104
134
102
128
88
80
84
91
77
64
70
95
77
66
99
116
97
72
59
74
69
55
41
94
99
66
99
83
47
58
45
47
49
52
46
126
108
77
94
66
64
63
41
37
29
32
51
93
90
81
109
109
107
83
89
90
87
70
71
107
104
81
80
72
82
82
93
75
67
54
55
114
83
82
92
78
91
117
89
97
61
74
100
90
90
73
76
71
77
93
101
98
62
54
89
96
113
100
96
124
97
97
87
83
78
53
102
86
88
99
129
70
77
85
95
65
50
50
79
63
87
99
82
51
37
39
26
36
32
26
119
91
80
60
60
35
35
46
37
36
24
109
86
80
93
107
86
78
77
70
64
64
47
78
109
95
91
106
99
83
74
66
78
75
60
101
97
95
118
128
117
87
82
82
70
54
59
91
100
96
123
121
85
76
84
79
66
64
59
117
76
89
87
96
88
90
83
77
72
55
56
86
80
79
76
70
76
62
84
98
71
42
55
93
93
99
80
89
72
71
81
64
72
63
58
114
100
82
80
74
72
54
60
40
29
35
28
84
69
80
60
56
62
40
39
39
44
41
36
68
53
58
90
47
83
87
87
66
92
88
94
77
87
58
52
41
96
112
92
117
121
81
63
74
55
48
41
34
95
79
84
96
69
59
53
48
45
43
38
40
82
89
93
90
69
100
80
79
78
62
52
64
92
95
78
69
52
43
36
14
19
12
23
16
41
58
52
47
34
37
31
32
33
26
26
28
97
83
83
85
83
87
71
44
49
47
48
33
89
66
70
72
90
103
71
49
48
39
47
52
92
76
88
64
70
50
61
48
46
39
36
29
93
80
85
106
106
88
78
87
81
57
46
50
88
65
54
68
79
84
74
79
67
66
59
51
81
61
74
83
74
99
79
76
83
50
51
37
85
88
83
84
91
81
77
90
84
63
54
45
126
117
102
79
101
94
101
72
61
48
46
50
118
108
100
86
104
98
103
77
73
55
61
39
119
113
103
89
101
94
102
86
70
57
47
46
94
94
107
88
93
84
92
68
74
57
48
40
67
75
63
43
42
120
107
113
110
93
82
69
82
62
44
56
50
123
118
91
119
104
93
72
78
70
58
46
48
109
88
89
89
82
77
69
41
32
40
141
132
101
113
128
95
73
75
61
65
37
32
159
139
112
77
96
69
72
55
38
50
43
43
246
170
162
102
83
92
74
61
51
57
34
46
270
219
157
94
77
71
46
59
51
54
53
49
260
201
199
125
71
88
75
73
60
49
42
176
152
106
115
109
95
89
88
73
51
60
57
105
105
114
105
90
81
71
79
57
43
46
33
103
99
92
86
83
97
75
58
56
42
38
50
89
66
76
91
89
92
68
56
46
27
44
33
78
61
51
48
49
48
42
35
35
41
18
21
25
44
31
39
42
33
27
51
33
26
38
24
45
63
62
53
65
40
61
45
48
39
30
27
84
90
94
106
68
82
75
66
67
52
35
42
81
79
74
77
72
59
38
1
1
1
1
44
17
1
1
78
83
95
63
63
49
49
49
33
29
12
21
22
11
12
13
12
9
11
6
7
47
58
38
43
54
60
55
46
54
37
23
18
72
75
66
64
90
136
10
55
50
31
46
24
71
90
67
63
66
91
79
71
51
46
42
33
89
105
82
108
94
75
69
52
59
40
45
31
57
63
51
48
68
70
48
47
33
26
31
20
99
103
106
123
136
153
166
124
99
83
59
64
151
184
109
151
166
113
91
68
47
19
6
11
39
31
29
32
37
19
21
15
14
7
8
5
19
22
21
26
30
23
25
16
17
14
6
7
49
39
35
65
70
52
29
25
25
17
14
7
33
21
32
31
44
58
58
55
46
47
36
27
70
77
90
87
77
91
84
76
62
46
39
28
52
88
63
79
94
89
74
36
62
59
60
34
56
54
28
33
18
11
11
11
38
44
48
62
20
28
32
27
23
32
46
23
49
45
36
29
20
21
20
21
15
7
4
5
21
11
18
15
24
17
16
20
16
5
10
7
46
85
83
95
104
71
69
49
39
24
78
88
91
72
79
75
51
46
34
37
24
33
26
35
44
64
58
13
12
13
20
9
9
10
6
6
3
3
4
8
8
12
14
14
19
9
16
5
5
5
3
5
15
9
12
36
33
21
20
12
5
12
5
11
10
3
8
14
10
17
7
5
5
3
3
51
50
46
60
54
35
49
28
14
13
13
11
29
55
70
48
49
35
28
14
16
12
6
11
59
56
56
54
55
50
51
45
29
23
41
19
58
54
68
69
64
55
60
37
53
33
33
18
56
47
43
55
53
41
59
46
43
40
23
22
47
55
36
56
38
39
44
43
34
23
25
12
66
61
62
61
80
65
62
41
42
44
26
31
56
48
31
40
33
40
49
37
52
35
34
29
56
45
41
46
60
43
38
40
45
32
24
35
61
67
61
58
64
55
43
33
35
31
33
22
39
40
47
52
48
39
41
27
30
22
22
13
31
44
58
52
53
52
50
43
37
32
37
21
48
34
29
42
43
35
38
23
23
20
22
12
60
45
56
52
66
59
60
52
45
34
21
10
7
15
15
9
18
28
23
21
15
9
8
7
52
41
45
38
39
42
22
22
19
12
17
20
17
25
10
1
5
9
2
6
28
25
51
66
71
67
83
58
51
22
22
22
17
15
37
61
73
65
88
66
39
40
45
31
27
29
38
28
25
27
27
26
11
11
17
8
10
2
5
9
3
4
8
9
5
9
6
3
4
4
11
26
32
22
22
3
7
5
4
1
1
2
1
3
2
4
2
4
2
3
2
1
3
5
11
12
3
8
4
3
12
6
45
22
52
40
51
63
45
41
51
48
54
50
35
19
21
26
35
32
47
40
29
25
26
18
23
20
57
41
34
23
17
13
17
17
9
12
13
12
22
28
43
47
14
22
10
12
8
13
14
6
66
75
64
70
66
69
62
33
30
17
10
13
55
42
38
27
29
28
29
14
17
18
16
7
55
51
60
56
51
43
31
28
29
11
14
11
37
38
49
46
51
36
21
20
27
33
18
17
47
56
49
44
50
47
43
33
21
37
45
54
62
64
57
47
53
31
18
14
72
55
52
51
33
31
32
24
18
15
17
17
42
50
53
45
49
55
55
46
51
25
19
25
19
16
12
15
13
10
11
9
12
14
5
2
13
21
39
75
70
62
37
19
16
19
11
5
17
12
10
10
10
9
3
8
7
5
6
4
12
16
9
60
61
49
46
33
38
36
33
30
63
38
29
49
41
19
16
12
13
8
10
3
49
45
39
40
33
25
13
10
17
11
9
7
53
36
64
46
57
51
42
42
64
38
34
27
67
51
39
55
53
44
59
41
49
35
24
22
48
43
50
57
65
56
63
55
45
43
32
21
64
58
79
64
64
59
64
40
48
44
35
29
51
53
55
52
60
51
57
67
59
42
36
26
46
62
54
46
27
19
15
19
19
22
7
5
28
43
33
34
16
18
16
9
9
8
7
5
58
56
55
75
72
60
44
59
43
36
48
27
54
63
65
62
71
66
50
39
53
39
18
22
53
42
65
85
62
62
53
36
39
35
54
27
58
55
62
62
32
25
59
55
66
72
69
73
60
56
57
39
10
6
12
13
23
11
14
15
9
12
9
11
8
6
4
12
12
10
9
11
14
12
12
14
10
5
49
33
37
44
24
42
31
37
15
10
5
7
56
36
48
68
66
60
42
51
40
31
8
3
48
41
37
68
54
52
50
57
51
36
26
27
40
39
81
57
52
62
56
51
47
47
38
22
32
24
13
11
6
3
2
1
25
57
46
40
20
23
25
34
19
31
19
19
33
17
10
11
40
41
41
42
53
47
36
19
37
35
29
23
42
37
59
32
53
60
53
55
63
39
28
12
23
26
25
32
24
23
19
22
22
9
10
34
39
36
46
34
21
21
25
15
20
7
14
37
51
55
55
57
59
44
41
17
14
20
18
27
47
45
49
40
49
32
25
49
72
33
61
55
67
77
79
60
54
41
47
33
33
21
45
33
39
48
35
29
30
22
17
7
3
2
5
10
13
13
10
9
11
12
15
13
8
5
10
9
9
9
9
7
9
7
10
7
3
5
9
18
11
11
8
7
8
6
7
12
5
3
27
36
37
25
73
64
40
43
50
50
24
27
46
48
42
28
51
29
32
25
34
20
22
11
30
28
24
20
33
27
19
31
29
23
16
16
20
24
19
21
26
21
6
17
14
18
27
17
46
60
61
74
82
41
55
50
58
51
36
30
48
65
57
64
59
65
57
47
40
31
26
12
20
27
33
33
21
26
28
28
16
24
14
7
29
23
19
48
53
50
35
31
32
15
11
3
28
46
21
26
23
17
20
10
20
13
4
15
35
40
19
23
19
24
11
13
28
13
13
8
34
43
69
65
38
20
31
29
51
33
25
18
71
81
81
78
58
49
49
63
65
64
34
34
69
65
92
86
80
61
64
65
58
35
24
9
41
41
45
69
28
30
22
10
17
17
8
7
47
57
38
22
16
15
15
25
17
14
9
9
83
104
82
109
120
87
86
28
75
105
105
89
89
74
93
98
92
83
49
14
27
17
29
20
21
28
20
19
18
18
9
6
35
55
53
41
42
27
32
46
55
34
12
10
56
82
104
104
76
79
67
64
77
62
42
40
75
81
98
101
72
78
85
88
60
81
70
40
73
70
70
81
54
49
64
42
80
76
87
75
55
42
70
91
127
90
82
66
104
129
117
83
57
28
75
95
111
115
97
77
92
90
92
78
77
44
99
117
105
112
78
79
89
75
114
95
73
43
85
101
99
82
91
104
97
104
102
75
56
35
108
124
94
70
86
102
119
112
106
71
79
54
103
124
144
109
98
108
99
107
93
76
54
39
92
99
90
55
92
59
71
69
86
61
34
19
106
99
102
103
97
104
101
105
118
89
65
37
83
104
108
74
97
77
59
67
56
28
19
8
60
71
58
41
41
38
24
40
52
29
28
11
42
41
32
42
40
40
57
72
66
33
27
20
101
105
77
112
72
57
36
46
62
48
28
18
83
100
88
66
67
48
64
68
80
71
59
35
65
71
101
81
81
101
90
95
117
102
58
43
86
100
88
90
78
54
90
120
96
86
49
40
85
99
93
74
69
65
56
81
77
63
47
18
24
31
23
16
16
22
29
30
38
39
25
13
65
52
46
55
51
30
37
42
56
37
28
22
64
69
59
36
52
48
44
53
83
45
33
16
89
84
88
88
68
79
90
72
77
106
95
91
74
84
111
115
92
46
32
80
84
86
75
73
82
105
116
109
107
61
31
89
96
94
85
74
93
109
126
114
99
69
46
84
94
89
80
83
83
67
105
120
104
88
49
99
106
104
99
103
84
70
90
95
154
84
42
99
100
96
75
69
47
36
67
73
59
41
44
94
80
86
65
73
48
85
121
111
113
83
52
80
84
101
95
106
98
116
133
126
224
234
48
89
81
77
68
52
60
107
117
201
104
72
60
82
139
189
149
133
181
166
89
41
121
107
91
69
79
74
86
97
109
102
65
92
73
88
109
106
90
81
120
128
143
94
58
44
107
113
100
108
76
100
142
155
187
143
93
63
75
68
51
74
90
58
97
162
136
99
49
32
92
105
85
70
97
103
144
164
159
131
87
42
102
107
113
80
107
110
119
155
179
131
96
51
117
114
109
61
71
82
100
165
173
122
103
68
113
133
119
94
83
91
135
179
171
136
83
45
121
112
79
100
84
99
110
129
121
92
115
134
217
295
243
142
69
42
14
81
85
57
42
51
117
163
150
124
74
55
139
142
116
125
120
127
169
231
236
196
109
62
138
101
77
66
66
56
55
48
59
70
78
62
62
120
110
120
105
80
61
82
115
90
92
86
94
88
71
90
93
80
71
45
113
82
101
98
84
87
69
108
80
65
55
51
108
105
87
85
85
64
83
69
77
79
76
53
95
96
70
94
97
87
99
101
120
105
74
70
103
92
95
108
76
80
92
82
74
62
66
64
72
80
96
90
98
89
69
76
87
150
122
132
103
75
106
76
80
102
83
71
45
145
138
134
126
110
104
64
113
115
87
62
50
142
168
105
116
87
75
81
50
171
133
123
116
108
104
73
66
149
127
106
97
71
91
180
183
141
187
156
160
157
139
139
100
113
110
107
95
94
55
65
66
72
70
65
72
52
73
77
85
73
71
54
104
72
77
65
66
86
78
87
122
77
69
60
59
76
88
75
70
62
54
66
70
58
44
47
71
67
56
72
85
63
83
60
85
90
67
70
75
68
78
77
76
83
76
78
82
67
71
55
79
67
97
83
80
117
84
84
66
94
54
65
90
68
72
62
89
83
87
63
52
99
98
74
49
65
53
45
52
68
51
37
33
117
86
86
76
74
56
47
71
81
81
66
59
98
88
75
74
100
123
124
140
142
155
83
72
84
62
63
58
50
78
83
88
78
86
64
43
68
61
51
61
57
77
61
71
105
76
58
45
71
81
72
57
73
51
60
71
64
50
51
43
52
77
57
46
56
68
77
48
41
77
87
75
69
61
53
46
56
59
53
53
48
99
78
88
84
79
65
67
82
84
105
70
66
57
57
61
71
79
89
75
75
82
117
92
53
93
103
100
87
88
58
65
68
109
117
69
57
112
104
110
89
77
74
71
93
87
73
73
58
98
87
77
74
63
61
43
39
50
60
55
111
132
109
95
93
92
86
67
104
92
96
101
67
89
109
92
102
108
80
79
89
102
119
83
68
86
70
83
74
102
78
82
94
98
81
53
43
86
60
59
66
60
47
69
67
70
57
60
41
66
51
63
59
64
57
62
50
60
65
57
58
110
91
90
77
79
64
66
89
97
89
61
48
90
83
74
76
61
75
70
60
89
88
75
119
52
75
66
82
61
58
54
58
58
34
96
83
69
77
71
70
70
64
91
65
76
54
75
74
82
98
109
102
84
90
67
60
68
104
75
60
85
104
42
87
67
109
107
63
84
43
63
55
54
70
56
42
41
105
96
89
97
84
92
63
58
95
68
41
32
16
6
2
43
89
70
74
67
97
103
73
52
79
66
52
74
77
73
84
98
70
98
61
45
148
114
144
98
88
84
83
82
83
92
86
62
70
68
61
76
73
49
53
40
58
51
51
44
72
59
52
49
56
57
52
55
71
53
59
58
96
56
63
60
67
56
59
82
107
78
62
61
106
91
99
94
102
94
82
94
97
76
58
37
103
97
107
96
76
76
75
92
79
54
51
64
102
79
74
62
49
32
32
40
41
40
23
20
71
80
103
99
76
57
74
92
107
88
79
64
88
51
70
73
47
56
65
63
111
106
83
55
73
85
62
76
91
87
97
106
89
79
68
69
76
79
77
89
70
88
92
105
88
79
79
59
61
72
71
89
77
105
83
87
123
78
78
70
46
75
47
72
68
58
70
93
100
81
78
54
104
105
113
101
85
95
89
101
87
84
86
52
79
74
99
95
101
86
93
115
113
104
78
62
87
74
95
85
77
92
107
103
100
95
64
63
78
29
35
3
61
93
92
113
94
87
56
22
9
30
67
47
74
98
99
112
85
85
88
76
92
67
45
72
116
92
102
112
105
82
73
72
7
9
19
40
58
79
45
83
66
70
107
91
114
109
84
85
89
78
78
73
69
54
78
95
68
63
92
97
111
87
96
77
79
57
41
58
38
26
32
124
91
21
34
10
26
34
32
57
101
103
112
85
93
97
111
79
77
63
103
93
104
93
108
74
89
111
104
95
89
117
77
95
68
68
54
101
82
91
111
133
86
95
120
96
97
66
36
121
109
99
66
76
74
76
86
86
78
79
64
109
104
71
75
85
94
89
95
82
84
54
50
108
115
100
117
93
110
99
110
101
91
69
56
111
104
120
104
104
90
77
68
95
93
79
57
83
102
115
115
110
89
100
96
98
91
62
88
121
102
131
110
120
83
97
84
81
89
72
44
83
82
87
77
55
58
46
41
45
36
37
34
132
121
117
74
59
67
57
49
56
56
54
39
111
113
125
82
52
57
69
66
66
66
64
56
116
99
110
104
89
85
67
64
74
47
65
42
98
91
127
86
91
87
79
90
81
75
40
24
107
96
102
97
90
93
73
74
81
71
69
44
88
54
7
22
60
65
81
84
82
76
47
47
95
105
101
86
72
70
53
65
66
84
76
59
111
71
64
57
53
71
73
55
62
57
56
43
93
66
96
68
94
70
76
76
53
57
52
45
103
69
83
93
80
94
75
82
62
69
64
54
88
76
102
111
93
96
103
93
97
78
52
48
118
117
100
112
90
99
56
41
52
55
50
51
124
106
111
103
85
92
80
72
81
62
76
62
119
95
101
111
110
86
82
72
60
49
54
55
97
101
107
93
92
82
75
51
54
61
52
46
103
83
94
98
57
36
48
63
40
24
52
49
122
83
119
100
111
92
80
76
70
71
76
49
111
80
78
69
86
71
54
53
50
64
45
46
83
97
83
63
48
61
62
51
48
56
43
32
73
57
54
57
76
68
50
55
54
45
39
32
78
77
59
67
63
51
61
50
62
48
50
40
68
46
45
60
43
40
34
45
33
30
26
37
68
60
68
87
79
79
70
79
69
54
47
44
92
76
89
104
95
89
78
75
48
60
47
39
66
69
74
62
64
60
55
57
58
48
61
59
77
53
60
13
5
11
78
70
62
55
64
49
91
99
49
69
62
77
88
68
71
55
37
5
122
100
114
86
106
66
82
73
61
54
53
29
84
58
70
59
54
49
42
29
39
25
33
38
60
67
69
57
55
47
49
35
45
39
42
37
63
56
38
49
43
50
42
43
44
40
46
39
77
74
81
60
57
60
74
66
80
56
64
44
97
68
87
68
64
59
66
71
60
60
61
35
91
90
78
73
63
69
78
56
56
53
49
39
90
87
100
72
92
91
61
65
65
58
56
35
122
98
89
85
94
62
74
60
37
60
38
42
97
78
70
81
72
77
68
63
55
44
51
29
95
71
84
90
91
83
80
69
91
57
4
52
