jun| 00h| 01h| 02h| 03h| 04h| 05h| 06h| 07h| 08h| 09h| 10h| 11h| 12h| 13h| 14h| 15h| 16h| 17h| 18h| 19h| 20h| 21h| 22h| 23h|
 01|  0 |  0 |  0 |  0 |  0 |  0 |  0 |  0 |  0 |  0 |  0 |  0 |  0 |  0 |  0 |  0 |  0 |  0 |  0 |  0 |  0 |  0 |  0 |  3 |
 02|  7 |  10|  6 |  3 |  5 |  10|  11|  17|  9 |  16|  10|  5 |  9 |  9 |  6 |  6 |  6 |  3 |  2 |  3 |  1 |  1 |  2 |  2 |
 03|  4 |  2 |  5 |  19|  10|  11|  10|  13|  14|  13|  18|  24|  14|  10|  11|  16|  34|  17|  17|  23|  20|  15|  24|  26|
 04|  32|  34|  28|  37| 253| 173| 439|2198|3280|1736| 145|  53|  50|  59|  59|  44|  29|  19|  14|  7 |  24|  20|  22|  29|
 05|  28|  30|  22|  24|  48|  59|  63|  35|  35|  56|  57|  64|  64|  56|  45|  26|  32|  22|  12|  9 |  16|  14|  19|  21|
 06|  16|  14|  28|  22|  78|  43|  21|  24|  30|  41|  51|  59|  58|  40|  59|  42|  15|  7 |  19|  19|  8 |  12|  20|  26|
 07|  26|  29|  36|  68|  73| 108|  67|  55|  27|  29|  52|  33|  64|  47|  41|  46|  36|  23|  16|  15|  14|  18|  17|  16|
 08|  22|  27|  41|  52| 103|  87|  60|  56|  33|  41|  50|  71|  77|  48|  39|  49|  16|  15|  16|  7 |  18|  21|  18|  30|
 09|  26|  24|  25|  56|  66|  98|  77|  87|  34|  44|  83|  96|  93|  80|  69|  38|  47|  30|  12|  25|  22|  12|  19|  21|
 10|  19|  30|  34|  56|  68| 126|  72|  51|  40|  34|  45|  57|  79|  73|  32|  39|  25|  21|  16|  4 |  23|  23|  18|  24|
 11|  16|  22|  19|  23|  53|  54|  39|  23|  37|  78|  60|  72|  45|  55|  52|  30|  22|  14|  12|  8 |  18| 137|  18|  16|
 12|  13|  13|  20|  17|  24|  27|  34|  30|  27|  38|  44|  43|  33|  37|  40|  33|  29|  18|  15|  16|  13|  9 |  10|  21|
 13|  15|  20|  25|  43|  69|  77|  50|  18|  42|  54|  71|  30|  50|  53|  44|  22|  30|  20|  16|  11|  16|  25|  20|  18|
 14|  14|  15|  9 |  50|  57|  99|  35|  37|  29|  31|  48|  45|  41|  28|  39|  35|  35|  16|  5 |  17|  17|  4 |  18|  16|
 15|  24|  26|  17|  39|  55|  52|  38|  29|  29|  21|  22|  34|  41|  36|  34|  28|  26|  12|  15|  6 |  12|  15|  19|  17|
 16|  23|  20|  27|  47|  57|  56|  42|  33|  24|  29|  35|  34|  28|  47|  31|  27|  17|  22|  17|  16|  15|  33|  20|  14|
 17|  16|  22|  39|  37|  65|  44|  39|  29|  38|  45|  50|  38|  34|  50|  37|  43|  51|  22|  13|  24|  9 |  17|  10|  27|
 18|  16|  24|  21|  30|  33|  49|  52|  42|  28|  32|  51|  36|  37|  47|  37|  27|  21|  12|  15|  9 |  20|  8 |  20|  20|
 19|  22|  32|  27|  41|  45|  66|  53|  23|  19|  33|  35|  44|  37|  40|  46|  21|  12|  17|  6 |  18|  8 |  15|  8 |  13|
 20|  22|  22|  18|  26|  34|  37|  26|  33|  30|  37|  35|  50|  39|  45|  43|  30|  20|  17|  8 |  16|  24|  14|  13|  27|
 21|  27|  29|  35|  60|  44|  58|  57|  40|  26|  28|  40|  44|  47|  59|  34|  27|  13|  18|  6 |  11|  12|  10|  15|  13|
 22|  19|  24|  18|  37|  66|  45|  33|  31|  30|  35|  56|  58|  45|  36|  28|  24|  15|  10|  5 |  2 |  7 |  11|  5 |  9 |
 23|  20|  12|  19|  14|  13|  27|  27|  30|  19|  29|  32|  22|  30|  28|  18|  11|  6 |  10|  2 |  4 |  12|  3 |  8 |  11|
 24|  11|  11|  14|  21|  19|  20|  29|  24|  22|  18|  44|  41|  22|  13|  15|  8 |  26|  29|  8 |  8 |  18|  12|  7 |  21|
 25|  16|  28|  16|  39|  66|  40|  35|  28|  26|  20|  27|  34|  32|  30|  17|  28|  29|  12|  17|  10|  7 |  13|  15|  10|
 26|  17|  15|  19|  23|  27|  43|  27|  35|  34|  33|  43|  29|  24|  24|  28|  30|  20|  18|  17|  10|  11|  19|  7 |  11|
 27|  12|  24|  26|  41|  24|  44|  47|  28|  14|  26|  26|  27|  23|  27|  21|  21|  16|  1 |  16|  3 |  9 |  13|  17|  18|
 28|  19|  19|  14|  23|  34|  35|  26|  44|  27|  26|  44|  34|  22|  31|  19|  23|  18|  12|  21|  9 |  17|  19|  20|  14|
 29|  19|  21|  16|  35|  55|  20|  28|  22|  21|  25|  24|  23|  44|  18|  21|  21|  25|  18|  14|  12|  7 |  67|  6 |  25|
 30|  85| 258| 151| 167|1580| 339|1396| 305|1469| 170|  33|  30|  35|  13|  21|  12|  13|  3 |  7 |  3 |  1 |  6 |  5 |  7 |
 31|??? |??? |??? |??? |??? |??? |??? |??? |??? |??? |??? |??? |??? |??? |??? |??? |??? |??? |??? |??? |??? |??? |??? |??? |
[Observer]Lockyer_Observatory
[Country]United Kingdom 
[City]Sidmouth
[Longitude]003°1307
[Latitude]050°4116
[Frequencies]
[Antenna]Quad Yagi
[Azimut Antenna]135
[Elevation Antenna]0
[Pre-Amplifier]None
[Receiver]ICOM IC-706 MKIIG
[Observing Method]HROFFT20dB Length Datas
[Remarks]winxp
