apr| 00h| 01h| 02h| 03h| 04h| 05h| 06h| 07h| 08h| 09h| 10h| 11h| 12h| 13h| 14h| 15h| 16h| 17h| 18h| 19h| 20h| 21h| 22h| 23h|
 01|  6 |  6 |  4 |  6 |  4 |  3 |  9 |  8 |  2 |  7 |  4 |  5 |  3 |  8 |  4 |  1 |  4 |  1 |  1 |  2 |  2 |  4 |  2 |  6 |
 02|  2 |  6 |  6 |  4 |  5 |  7 |  3 |  7 |  8 |  5 |  4 |  3 |  5 |  2 |  2 |  5 |  2 |  6 |  1 |  3 |  1 |  2 |  1 |  3 |
 03|  2 |  4 |  6 |  5 |  4 |  5 |  2 |  5 |  5 |  2 |  5 |  2 |  6 |  0 |  3 |  6 |  4 |  2 |  3 |  1 |  5 |  2 |  4 |  0 |
 04|  4 |  5 |  2 |  8 |  2 |  8 |  5 |  5 |  6 |  5 |  7 |  5 |  0 |  2 |  4 |  2 |  5 |  2 |  2 |  2 |  3 |  3 |  7 |  6 |
 05|  9 |  11|  6 |  10|  5 |  7 |  4 |  7 |  14|  6 |  8 |  9 |  4 |  7 |  4 |  6 |  2 |  2 |  2 |  3 |  3 |  4 |  5 |  8 |
 06|  7 |  3 |  6 |  4 |  8 |  8 |  8 |  8 |  7 |  8 |  8 |  11|  10|  8 |  4 |  2 |  5 |  2 |  1 |  5 |  2 |  2 |  4 |  6 |
 07|  7 |  13|  7 |  7 |  3 |  6 |  9 |  2 |  6 |  6 |  1 |  5 |  2 |  7 |  4 |  2 |  2 |  5 |  1 |  1 |  1 |  4 |  4 |  6 |
 08|  4 |  6 |  6 |  5 |  7 |  4 |  8 |  9 |  9 |  7 |  11|  2 |  3 |  2 |  9 |  4 |  3 |  0 |  2 |  1 |  1 |  3 |  1 |  6 |
 09|  12|  7 |  6 |  7 |  9 |  2 |  2 |  5 |  5 |  9 |  9 |  6 |  3 |  4 |  3 |  3 |  4 |  7 |  1 |  4 |  1 |  6 |  8 |  8 |
 10|  10|  8 |  7 |  9 |  5 |  12|  7 |  9 |  8 |  6 |  12|  15|  10|  7 |  6 |  7 |  2 |  6 |  2 |  3 |  5 |  4 |  4 |  8 |
 11|  7 |  5 |  8 |  3 |  6 |  4 |  9 |  10|  3 |  11|  6 |  8 |  6 |  3 |  2 |  1 |  1 |  1 |  2 |  2 |  3 |  2 |  1 |  6 |
 12|  8 |  7 |  4 |  2 |  3 |  6 |  3 |  4 |  4 |  8 |  4 |  4 |  7 |  6 |  10|  3 |  1 |  1 |  1 |  1 |  1 |  1 |  5 |  2 |
 13|  13|  3 |  10|  6 |  5 |  10|  7 |  4 |  5 |  4 |  3 |  7 |  4 |  1 |  4 |  5 |  1 |  4 |  4 |  3 |  2 |  5 |  2 |  6 |
 14|  6 |  10|  5 |  5 |  4 |  6 |  5 |  5 |  6 |  4 |  8 |  4 |  3 |  3 |  2 |  3 |  0 |  6 |  4 |  3 |  5 |  0 |  2 |  5 |
 15|  9 |  5 |  7 |  13|  4 |  9 |  8 |  0 |  0 |  0 |  0 |  0 |  9 |  14|  7 |  9 |  6 |  9 |  11|  11|  12|  10|  15|  20|
 16|  19|  26|  17|  14|  24|  25|  21|  19|  16|  18|  22|  10|  14|  15|  11|  14|  6 |  5 |  10|  12|  14|  10|  14|  13|
 17|  30|  21|  16|  17|  21|  21|  28|  24|  8 |  26|  24|  18|  15|  15|  20|  18|  17|  20|  7 |  11|  14|  16|  10|  25|
 18|  23|  21|  42|  31|  21|  26|  23|  25|  34|  22|  21|  23|  21|  14|  11|  21|  11|  6 |  15|  13|  10|  10|  11|  19|
 19|  23|  17|  19|  15|  21|  30|  26|  19|  18|  18|  23|  14|  20|  15|  8 |  12|  3 |  10|  4 |  7 |  1 |  4 |  13|  9 |
 20|  10|  10|  16|  13|  18|  11|  16|  15|  13|  18|  11|  13|  9 |  13|  12|  7 |  5 |  7 |  7 |  5 |  9 |  10|  7 |  16|
 21|  9 |  9 |  13|  19|  19|  12|  14|  16|  19|  15|  13|  16|  17|  11|  7 |  8 |  10|  7 |  5 |  8 |  5 |  5 |  12|  14|
 22|  17|  14|  14|  14|  27|  32|  18|  16|  12|  20|  22|  14|  9 |  19|  5 |  9 |  7 |  7 |  7 |  6 |  4 |  11|  10|  20|
 23|  15|  27|  17|  24|  17|  28|  24|  26|  18|  19|  16|  12|  12|  16|  8 |  15|  9 |  9 |  5 |  6 |  9 |  8 |  11|  15|
 24|  7 |  11|  20|  9 |  20|  17|  12|  15|  11|  15|  25|  19|  15|  10|  8 |  8 |  12|  12|  7 |  3 |  5 |  3 |  4 |  10|
 25|  3 |  12|  14|  16|  7 |  12|  15|  9 |  14|  8 |  11|  10|  13|  10|  4 |  7 |  3 |  5 |  10|  8 |  9 |  8 |  14|  16|
 26|  16|  27|  29|  27|  26|  30|  26|  27|  22|  16|  26|  26|  25|  25|  18|  26|  14|  17|  8 |  16|  11|  16|  18|  19|
 27|  26|  34|  22|  34|  22|  26|  29|  34|  27|  26|  29|  27|  23|  22|  34|  14|  7 |  7 |  15|  10|  11|  13|  16|  26|
 28|  22|  20|  28|  24|  29|  42|  40|  22|  27|  24|  35|  20|  30|  22|  23|  10|  18|  15|  11|  16|  16|  21|  13|  19|
 29|  20|  23|  26|  36|  25|  43|  43|  24|  31|  27|  23|  19|  21|  18|  18|  16|  13|  14|  11|  11|  16|  8 |  7 |  21|
 30|  25|  17|  27|  35|  35|  41|  35|  23|  27|  17|  21|  18|  19|  14|  19|  20|  13|  10|  10|  14|  23|  13|  16|  20|
 31|??? |??? |??? |??? |??? |??? |??? |??? |??? |??? |??? |??? |??? |??? |??? |??? |??? |??? |??? |??? |??? |??? |??? |??? |
[Observer]Lockyer_Observatory
[Country]United Kingdom 
[City]Sidmouth
[Longitude]003°1307
[Latitude]050°4116
[Frequencies]
[Antenna]Quad Yagi
[Azimut Antenna]135
[Elevation Antenna]0
[Pre-Amplifier]None
[Receiver]ICOM IC-706 MKIIG
[Observing Method]HROFFT20dB Count Datas
[Remarks]winxp
