jul| 00h| 01h| 02h| 03h| 04h| 05h| 06h| 07h| 08h| 09h| 10h| 11h| 12h| 13h| 14h| 15h| 16h| 17h| 18h| 19h| 20h| 21h| 22h| 23h|
 01|  0 |  1 |  0 |  0 |  1 |  16|  6 |  2 |  0 |  0 |  5 |  6 |  1 |  9 |  1 |  0 |  0 |  0 |  0 |  0 |  0 |  0 |  0 |  1 |
 02|  0 |  0 |  2 |  0 |  1 |  5 |  0 |  0 |  0 |  1 |  5 |  0 |  3 |  3 |  2 |  7 |  0 |  0 |  0 |  1 |  0 |  0 |  0 |  1 |
 03|  2 |  2 |  0 |  1 |  1 |  6 |  0 |  5 |  1 |  3 |  1 |  4 |  0 |  4 |  5 |  0 |  0 |  4 |  13|  3 |  2 |  3 |  0 |  9 |
 04|  4 |  4 |  8 |  4 |  5 |  6 |  14|  6 |  5 |  4 |  8 |  12|  2 |  3 |  5 |  4 |  0 |  2 |  1 |  1 |  0 |  6 |  0 |  0 |
 05|  2 |  4 |  1 |  0 |  5 |  3 |  5 |  3 |  3 |  4 |  3 |  1 |  8 |  6 |  1 |  9 |  1 |  3 |  0 |  0 |  3 |  3 |  6 |  1 |
 06|  3 |  0 |  1 |  3 |  0 |  6 |  1 |  3 |  0 |  9 |  6 |  5 |  1 |  2 |  3 |  1 |  2 |  6 |  1 |  1 |  7 |  1 |  2 |  1 |
 07|  1 |  6 |  4 |  4 |  3 |  4 |  4 |  5 |  5 |  1 |  1 |  3 |  1 |  4 |  2 |  4 |  2 |  0 |  0 |  2 |  1 |  4 |  5 |  1 |
 08|  4 |  4 |  0 |  5 |  2 |  0 |  0 |  1 |  6 |  2 |  4 |  0 |  6 |  0 |  2 |  3 |  4 |  4 |  0 |  0 |  1 |  2 |  0 |  0 |
 09|  1 |  1 |  4 |  0 |  3 |  0 |  2 |  2 |  4 |  0 |  2 |  7 |  0 |  3 |  2 |  0 |  1 |  2 |  0 |  3 |  4 |  1 |  1 |  5 |
 10|  9 |  5 |  4 |  3 |  7 |  9 |  13|  41|  15|  4 |  2 |  2 |  3 |  9 |  2 |  6 |  1 |  1 |  1 |  0 |  5 |  4 |  3 |  3 |
 11|  9 |  5 |  3 |  7 |  12|  4 |  5 |  1 |  5 |  5 |  1 |  4 |  24|  2 |  3 |  4 |  43|  5 |  5 |  3 |  1 |  1 |  1 |  6 |
 12|  4 |  8 |  3 |  0 |  7 |  6 |  4 |  6 |  0 |  3 |  2 |  5 |  3 |  1 |  3 |  2 |  2 |  14|  2 |  3 |  2 |  5 |  2 |  4 |
 13|  2 |  1 |  5 |  2 |  6 |  6 |  9 |  1 |  1 |  4 |  12|  1 |  3 |  1 |  12|  2 |  3 |  4 |  3 |  3 |  4 |  2 |  1 |  4 |
 14|  0 |  7 |  4 |  5 |  3 |  5 |  8 |  4 |  6 |  2 |  6 |  11|  3 |  2 |  5 |  5 |  3 |  2 |  0 |  2 |  3 |  6 |  1 |  3 |
 15|  2 |  3 |  7 |  8 |  3 |  3 |  6 |  17|  31|  1 |  8 |  6 |  10|  5 |  2 |  2 |  2 |  0 |  0 |  2 |  0 |  1 |  3 |  6 |
 16|  5 |  6 |  6 |  3 |  1 |  8 |  7 |  2 |  3 |  2 |  1 |  14|  1 |  4 |  2 |  0 |  5 |  3 |  1 |  3 |  2 |  1 |  1 |  8 |
 17|  8 |  4 |  6 |  1 |  1 |  3 |  9 |  7 |  2 |  2 |  6 |  1 |  8 |  2 |  1 |  0 |  2 |  1 |  2 |  2 |  1 |  1 |  0 |  1 |
 18|  4 |  5 |  2 |  4 |  10|  6 |  3 |  0 |  0 |  0 |  2 |  7 |  1 |  6 |  0 |  4 |  1 |  1 |  5 |  1 |  5 |  4 |  0 |  7 |
 19|  6 |  12|  5 |  4 |  5 |  4 |  1 |  8 |  1 |  2 |  4 |  4 |  3 |  2 |  1 |  2 |  9 |  2 |  4 |  1 |  0 |  2 |  5 |  1 |
 20|  4 |  2 |  15|  7 |  2 |  4 |  4 |  8 |  9 |  11|  3 |  2 |  4 |  4 |  2 |  0 |  4 |  2 |  3 |  1 |  2 |  7 |  3 |  1 |
 21|  5 |  2 |  7 |  1 |  3 |  6 |  8 |  1 |  4 |  1 |  2 |  3 |  3 |  1 |  2 |  2 |  0 |  2 |  4 |  0 |  2 |  1 |  0 |  3 |
 22|  1 |  3 |  4 |  4 |  2 |  2 |  4 |  3 |  8 |  1 |  2 |  4 |  0 |  8 |  2 |  0 |  0 |  3 |  10|  0 |  3 |  12|  3 |  6 |
 23|  3 |  4 |  7 |  5 |  2 |  26|  6 |  3 |  11|  3 |  5 |  6 |  4 |  6 |  6 |  5 |  5 |  1 |  9 |  0 |  5 |  3 |  14|  7 |
 24|  3 |  4 |  7 |  10|  7 |  4 |  13|  6 |  1 |  4 |  2 |  4 |  2 |  7 |  3 |  8 |  2 |  6 |  1 |  5 |  4 |  1 |  13|  5 |
 25|  7 |  8 |  13|  11|  9 |  13|  9 |  11|  7 |  4 |  6 |  6 |  4 |  20|  3 |  5 |  6 |  4 |  2 |  2 |  3 |  4 |  6 |  4 |
 26|  13|  10|  13|  8 |  9 |  16|  13|  8 |  15|  12|  6 |  19|  17|  6 |  5 |  3 |  13|  2 |  3 |  4 |  8 |  4 |  15|  9 |
 27|  8 |  5 |  7 |  6 |  9 |  6 |  3 |  5 |  4 |  1 |  4 |  7 |  3 |  5 |  2 |  2 |  4 |  6 |  0 |  3 |  3 |  2 |  0 |  7 |
 28|  11|  11|  6 |  6 |  7 |  4 |  0 |  7 |  7 |  0 |  1 |  3 |  6 |  1 |  3 |  1 |  2 |  5 |  3 |  2 |  0 |  5 |  5 |  5 |
 29|  7 |  14|  6 |  2 |  10|  3 |  4 |  0 |  2 |  1 |  0 |  1 |  7 |  4 |  9 |  3 |  1 |  3 |  1 |  3 |  3 |  5 |  5 |  5 |
 30|  15|  9 |  5 |  8 |  6 |  17|  8 |  3 |  6 |  3 |  0 |  12|  2 |  2 |  4 |  4 |  4 |  2 |  2 |  5 |  3 |  1 |  4 |  7 |
 31|  5 |  15|  28|  10|  15|  7 |  12|  1 |  3 |  4 |  0 |  2 |  3 |  2 |  1 |  9 |  2 |  3 |  2 |  5 |  4 |  1 |  3 |  5 |
[Observer]Lockyer_Observatory
[Country]United Kingdom 
[City]Sidmouth
[Longitude]003°1307
[Latitude]050°4116
[Frequencies]
[Antenna]Quad Yagi
[Azimut Antenna]135
[Elevation Antenna]0
[Pre-Amplifier]None
[Receiver]ICOM IC-706 MKIIG
[Observing Method]HROFFT30dB Length Datas
[Remarks]WinXP
