aug| 00h| 01h| 02h| 03h| 04h| 05h| 06h| 07h| 08h| 09h| 10h| 11h| 12h| 13h| 14h| 15h| 16h| 17h| 18h| 19h| 20h| 21h| 22h| 23h|
 01| 242| 174| 145| 184| 220| 197| 171| 191| 204| 152| 128| 156| 129| 976| 101| 108|  91|  81|  60| 107|  93| 112| 133| 124|
 02| 156| 129| 147| 180| 175| 202| 220| 269| 225| 179| 156| 127|  99|  94| 101|  72|  55|  25|  45|  34|  20|  51|  60|  7 |
 03|  5 |  5 |  0 |  0 |  0 |  36| 137|  97|  77|  87|  75|  91| 133|  88| 117|  68|  88|  69|  94| 123|  76|  82|  98|  99|
 04| 214| 132| 151| 202| 241| 179| 175| 130| 163| 150| 101|  95|  98| 110|  69|  43|  56| 284| 212| 110|  95| 109|  76| 189|
 05| 150| 146| 169| 196| 235| 226| 225| 195| 156| 408| 132| 152| 145| 110| 100| 119|  67|  79|  80| 149| 115| 114|  93| 111|
 06| 143| 113| 144| 108| 188| 187| 225| 248| 149| 179| 135| 130|  96|  86|  60|  91|  49|  51|  64|  46|  44|  70|  80| 100|
 07| 100| 139| 131| 151| 216| 165| 571| 304| 106| 139| 107| 144| 126| 160|  65| 101| 120|  79|  52| 102|  82|  71|  94| 104|
 08| 153| 192| 170| 156| 111| 140| 120| 121| 122|  99|  55| 169|  76|  46|  49|  50|  55| 107| 120| 171| 536|1712| 224| 122|
 09| 143| 125| 174| 226| 207| 180| 249| 167| 116| 143| 134|  97|  88| 100|  96|  88|  61|  60|  50|  58|  74| 148|  71|  75|
 10| 124| 135| 121| 155| 300| 201| 236| 172| 204| 112| 126| 129|  76| 112|  98|  54|  49|  96|  44|  71|  41|  62|  71|  69|
 11| 163| 143| 145| 144| 286| 273| 188| 152| 233| 252| 207| 137| 136|  70| 117|  66|  98|  66|  68|  68|  94|  96|  75| 110|
 12| 174| 212| 186| 266| 187| 283| 350| 238| 168| 230| 180| 250|  86| 115| 159|  87|  61| 145| 153| 175| 267| 328| 235| 294|
 13| 328| 302| 552| 634| 572| 724| 539| 617| 490| 354| 400| 294| 260| 207| 136| 158| 108| 196| 160| 174| 143| 119| 120| 172|
 14| 270| 185| 306| 251| 258| 380| 480| 360| 281| 216| 186| 192| 195| 174| 110| 151| 134|  94| 103| 152| 302| 120| 147| 136|
 15| 236| 217| 252| 220| 150| 240| 233| 592| 217| 160| 195| 162| 150| 118| 154|  98| 106|  86| 109| 146| 107| 131| 132| 552|
 16|1795| 609| 875| 813| 949| 998| 888| 859| 800| 771| 666| 670| 768| 611| 553| 547| 428| 294| 357| 464| 462| 432| 417| 415|
 17| 420| 458| 573| 603| 697| 675| 659| 558| 595| 352| 387| 303| 295| 286| 263| 310| 256| 126|  82|  93|  62|  56|  70|  92|
 18|  79|  97|  86| 103| 129| 136| 114| 155| 120|  94| 116|  77|  98|  68|  69|  74|  51|  59|  77|  58|  67|  64|  51|  66|
 19|  97| 114| 123| 136| 142| 127|  96| 123| 148| 127| 144|  93|  95|  72| 133| 113| 121| 132| 153| 193| 154| 158| 102| 117|
 20| 107| 124| 123| 163| 190| 233| 225| 187| 193| 171| 184| 164| 113| 180| 170| 167| 130| 116| 151| 231| 180| 154| 112|  88|
 21| 100| 136|  94| 142| 130| 198| 215| 218| 255| 217| 211| 208| 227| 215| 176| 112| 121|  98|  68| 146| 125| 137| 116| 105|
 22| 146| 118| 109| 153| 135| 269| 195| 205| 207| 218| 170| 177| 153| 150| 143| 192| 147| 113| 105| 130|  92| 109|  90|  84|
 23|  81| 111| 123| 108| 144| 288| 131| 165| 139| 151| 262| 142| 211| 211| 163| 141| 121| 178| 124| 229| 158| 116|  60|  71|
 24|  81| 114|  98|  87| 206| 150| 167| 243| 168| 197| 198| 226| 175| 153| 108| 126| 100| 127| 142| 123| 101| 114| 113| 112|
 25| 112| 122| 128| 222| 220| 228| 304| 344| 249| 301| 218| 280| 333| 196| 184| 344| 261| 261| 143| 376| 272| 185| 117| 137|
 26|  84|  98| 101| 180| 321| 315| 380| 347| 284| 286| 355| 257| 269| 148| 129| 110| 106|  96| 120|  95|  72|  96|  73|  89|
 27| 102| 123| 148| 136| 154| 176| 171| 171| 159| 190| 133| 130| 113| 107| 106| 116| 128| 101|  88| 115| 118|  80|  80|  99|
 28|  99| 123| 137| 135| 173| 156| 184| 218| 142| 152| 194| 181| 180| 162| 184| 138| 101| 211| 116| 118|  0 |  0 |  0 |??? |
 29|??? |??? |??? |??? |??? |??? |??? |??? |??? |??? |??? |??? |??? |??? |??? |??? |??? |??? |??? |??? |??? |??? |??? |??? |
 30|??? |??? |??? |??? |??? |??? |??? |??? |??? |??? |??? |??? |??? |??? |??? |??? |??? |??? |??? |??? |??? |??? |??? |??? |
 31|??? |??? |??? |??? |??? |??? |??? |??? |??? |??? |??? |??? |??? |??? |??? |??? |??? |??? |??? |??? |??? |??? |??? |??? |
[Observer]Lockyer_Observatory
[Country]United Kingdom 
[City]Sidmouth
[Longitude]003°1307
[Latitude]50°4116
[Frequencies]
[Antenna]Quad Yagi
[Azimut Antenna]135
[Elevation Antenna]0
[Pre-Amplifier]None
[Receiver]ICOM IC-706 MKIIG
[Observing Method]HROFFT10dB Length Datas
[Remarks]WinXP
