may| 00h| 01h| 02h| 03h| 04h| 05h| 06h| 07h| 08h| 09h| 10h| 11h| 12h| 13h| 14h| 15h| 16h| 17h| 18h| 19h| 20h| 21h| 22h| 23h|
 01|  21|  21|  23|  17|  20|  38|  19|  31|  26|  22|  22|  23|  20|  17|  16|  10|  12|  8 |  7 |  8 |  10|  5 |  11|  13|
 02|  12|  9 |  6 |  10|  20|  15|  16|  11|  13|  20|  7 |  7 |  5 |  13|  6 |  8 |  6 |  5 |  0 |  0 |  4 |  0 |  0 |  0 |
 03|  0 |  0 |  0 |  0 |  0 |  0 |  0 |  3 |  13|  20|  17|  21|  13|  12|  12|  9 |  7 |  11|  9 |  9 |  11|  5 |  12|  17|
 04|  20|  17|  17|  17|  35|  34|  29|  27|  34|  27|  18|  17|  21|  22|  18|  21|  8 |  9 |  7 |  6 |  4 |  13|  9 |  12|
 05|  16|  23|  11|  26|  16|  11|  22|  24|  31|  14|  13|  23|  18|  22|  13|  15|  12|  5 |  10|  6 |  9 |  13|  12|  12|
 06|  7 |  10|  20|  10|  20|  36|  28|  23|  18|  10|  11|  9 |  16|  9 |  10|  6 |  7 |  6 |  9 |  4 |  6 |  5 |  6 |  6 |
 07|  10|  11|  10|  13|  15|  24|  30|  16|  10|  9 |  8 |  6 |  13|  9 |  19|  15|  17|  9 |  12|  7 |  10|  11|  11|  24|
 08|  17|  18|  17|  25|  25|  32|  29|  32|  20|  26|  18|  19|  11|  12|  14|  16|  14|  12|  17|  12|  13|  15|  11|  11|
 09|  11|  8 |  11|  14|  12|  23|  28|  17|  16|  13|  14|  4 |  6 |  6 |  2 |  7 |  0 |  0 |  0 |  0 |  0 |  0 |  0 |  0 |
 10|  0 |  2 |  11|  20|  19|  30|  29|  25|  24|  5 |  0 |  11|  15|  17|  18|  11|  7 |  9 |  9 |  6 |  7 |  14|  13|  14|
 11|  15|  18|  19|  19|  19|  28|  19|  22|  18|  13|  12|  11|  12|  6 |  12|  10|  6 |  11|  5 |  10|  11|  10|  5 |  15|
 12|  8 |  4 |  13|  8 |  11|  19|  19|  18|  9 |  7 |  8 |  8 |  7 |  9 |  6 |  3 |  8 |  5 |  5 |  7 |  3 |  11|  13|  8 |
 13|  11|  13|  18|  20|  18|  25|  20|  12|  18|  21|  16|  20|  15|  23|  9 |  17|  16|  6 |  4 |  3 |  6 |  8 |  13|  8 |
 14|  5 |  11|  16|  6 |  18|  17|  15|  12|  11|  22|  18|  26|  18|  20|  15|  12|  2 |  6 |  4 |  6 |  5 |  5 |  4 |  10|
 15|  13|  11|  16|  10|  19|  12|  11|  18|  18|  16|  20|  19|  13|  13|  11|  8 |  4 |  9 |  7 |  7 |  5 |  7 |  5 |  8 |
 16|  1 |  11|  9 |  11|  13|  11|  14|  14|  14|  10|  0 |  0 |  0 |  0 |  0 |  0 |  0 |  0 |  0 |  0 |  0 |  0 |  0 |  0 |
 17|??? |??? |??? |??? |??? |??? |??? |??? |??? |??? |??? |??? |??? |??? |??? |??? |??? |??? |??? |??? |??? |??? |??? |??? |
 18|??? |??? |??? |??? |??? |??? |??? |??? |??? |??? |??? |??? |??? |??? |??? |??? |??? |??? |??? |??? |??? |??? |??? |??? |
 19|??? |??? |??? |??? |??? |??? |??? |??? |??? |??? |??? |??? |??? |??? |??? |??? |??? |??? |??? |??? |??? |??? |??? |??? |
 20|??? |??? |??? |??? |??? |??? |??? |??? |??? |??? |??? |??? |??? |??? |??? |??? |??? |??? |??? |??? |??? |??? |??? |??? |
 21|??? |??? |??? |??? |??? |??? |??? |??? |??? |??? |??? |??? |??? |??? |??? |??? |??? |??? |??? |??? |??? |??? |??? |??? |
 22|  0 |  0 |  0 |  0 |  0 |  0 |  0 |  0 |  0 |  0 |  0 |  0 |  4 |  14|  15|  7 |  4 |  10|  15|  6 |  9 |  9 |  8 |  5 |
 23|  10|  21|  14|  12|  19|  13|  18|  16|  13|  15|  18|  10|  11|  18|  18|  13|  6 |  8 |  3 |  9 |  5 |  10|  9 |  10|
 24|  10|  8 |  13|  14|  18|  23|  16|  12|  10|  18|  18|  20|  25|  16|  17|  13|  7 |  9 |  2 |  6 |  6 |  5 |  13|  12|
 25|  10|  10|  12|  12|  15|  25|  19|  12|  17|  13|  13|  13|  11|  11|  11|  9 |  8 |  11|  9 |  5 |  12|  12|  7 |  13|
 26|  15|  9 |  8 |  12|  24|  22|  25|  20|  14|  12|  16|  15|  9 |  14|  10|  13|  12|  12|  7 |  8 |  8 |  9 |  10|  13|
 27|  14|  14|  17|  22|  22|  18|  14|  11|  14|  12|  15|  19|  15|  18|  17|  11|  16|  11|  8 |  4 |  9 |  4 |  14|  3 |
 28|  8 |  12|  12|  13|  14|  19|  19|  1 |  0 |  0 |  8 |  10|  16|  15|  15|  21|  7 |  10|  6 |  12|  8 |  14|  11|  2 |
 29|  9 |  13|  5 |  10|  19|  15|  18|  18|  7 |  14|  17|  8 |  23|  16|  14|  12|  10|  4 |  7 |  5 |  5 |  2 |  4 |  7 |
 30|  6 |  13|  9 |  11|  18|  14|  18|  7 |  9 |  11|  12|  13|  19|  11|  10|  0 |  0 |  0 |  0 |  0 |  0 |  0 |  0 |  1 |
 31|  7 |  9 |  8 |  17|  17|  8 |  14|  17|  15|  15|  24|  25|  16|  22|  9 |  8 |  6 |  6 |  6 |  4 |  2 |  8 |  10|  5 |
[Observer]Lockyer_Observatory
[Country]United Kingdom 
[City]Sidmouth
[Longitude]003°1307
[Latitude]050°4116
[Frequencies]
[Antenna]Quad Yagi
[Azimut Antenna]135
[Elevation Antenna]0
[Pre-Amplifier]None
[Receiver]ICOM IC-706 MKIIG
[Observing Method]HROFFT20dB Count Datas
[Remarks]winxp
