mar| 00h| 01h| 02h| 03h| 04h| 05h| 06h| 07h| 08h| 09h| 10h| 11h| 12h| 13h| 14h| 15h| 16h| 17h| 18h| 19h| 20h| 21h| 22h| 23h|
 01|  5 |  6 |  7 |  9 |  15|  4 |  2 |  2 |  2 |  4 |  1 |  1 |  1 |  4 |  0 |  0 |  1 |  2 |  1 |  5 |  3 |  8 |  3 |  5 |
 02|  6 |  11|  15|  8 |  20|  8 |  14|  14|  13|  16|  9 |  8 |  6 |  9 |  2 |  4 |  7 |  3 |  8 |  1 |  3 |  6 |  2 |  8 |
 03|  8 |  18|  8 |  6 |  12|  7 |  17|  8 |  17|  15|  17|  19|  11|  14|  6 |  3 |  7 |  1 |  6 |  7 |  5 |  7 |  4 |  6 |
 04|  5 |  14|  11|  12|  17|  9 |  2 |  3 |  8 |  24|  10|  7 |  14|  8 |  6 |  3 |  2 |  2 |  4 |  2 |  2 |  4 |  2 |  2 |
 05|  8 |  9 |  5 |  13|  22|  3 |  4 |  11|  5 |  3 |  5 |  13|  12|  4 |  5 |  2 |  9 |  2 |  7 |  2 |  2 |  1 |  3 |  7 |
 06|  10|  9 |  11|  8 |  8 |  17|  6 |  11|  8 |  12|  11|  13|  16|  13|  6 |  4 |  5 |  6 |  5 |  3 |  6 |  6 |  2 |  5 |
 07|  11|  11|  11|  11|  6 |  5 |  5 |  18|  7 |  14|  9 |  9 |  8 |  5 |  10|  3 |  8 |  2 |  1 |  5 |  2 |  0 |  12|  6 |
 08|  13|  12|  4 |  7 |  8 |  8 |  4 |  10|  13|  9 |  23|  12|  12|  7 |  9 |  0 |  4 |  6 |  2 |  3 |  2 |  12|  4 |  4 |
 09|  4 |  5 |  10|  8 |  7 |  9 |  7 |  6 |  8 |  12|  7 |  6 |  6 |  17|  10|  6 |  5 |  1 |  0 |  7 |  2 |  5 |  10|  7 |
 10|  3 |  11|  12|  5 |  3 |  7 |  8 |  7 |  11|  10|  6 |  9 |  14|  5 |  12|  8 |  1 |  4 |  2 |  4 |  2 |  9 |  5 |  8 |
 11|  7 |  6 |  11|  9 |  5 |  4 |  6 |  5 |  11|  12|  10|  8 |  5 |  6 |  7 |  4 |  0 |  3 |  2 |  3 |  4 |  7 |  62|  6 |
 12|  9 |  7 |  16|  11|  6 |  13|  15|  4 |  21|  6 |  8 |  6 |  9 |  8 |  4 |  3 |  8 |  4 |  3 |  3 |  3 |  6 |  5 |  5 |
 13|  6 |  5 |  10|  8 |  10|  3 |  6 |  15|  22|  10|  8 |  13|  5 |  9 |  2 |  6 |  7 |  9 |  3 |  1 |  2 |  6 |  2 |  26|
 14|  8 |  10|  22|  11|  14|  8 |  12|  13|  11|  11|  18|  21|  21|  8 |  7 |  1 |  4 |  12|  1 |  5 |  5 |  3 |  7 |  5 |
 15|  4 |  9 |  9 |  9 |  10|  10|  10|  14|  11|  15|  21|  15|  11|  13|  5 |  8 |  6 |  3 |  2 |  6 |  7 |  3 |  3 |  6 |
 16|  2 |  8 |  8 |  5 |  8 |  4 |  14|  7 |  10|  11|  20|  14|  13|  8 |  5 |  16|  2 |  1 |  2 |  4 |  2 |  7 |  5 |  5 |
 17|  15|  9 |  16|  7 |  9 |  7 |  6 |  11|  13|  16|  8 |  7 |  6 |  6 |  11|  11|  4 |  2 |  0 |  4 |  4 |  38|  4 |  6 |
 18|  3 |  15|  8 |  5 |  4 |  11|  3 |  3 |  8 |  11|  5 |  10|  6 |  4 |  6 |  7 |  5 |  3 |  4 |  1 |  2 |  3 |  3 |  4 |
 19|  9 |  7 |  7 |  6 |  13|  8 |  12|  16|  12|  12|  10|  8 |  7 |  7 |  8 |  9 |  2 |  7 |  3 |  1 |  4 |  2 |  4 |  4 |
 20|  10|  6 |  7 |  8 |  2 |  10|  7 |  7 |  17|  22|  14|  11|  7 |  11|  2 |  1 |  0 |  6 |  1 |  1 |  8 |  0 |  5 |  1 |
 21|  17|  9 |  6 |  4 |  8 |  4 |  5 |  8 |  5 |  10|  6 |  15|  10|  10|  5 |  1 |  8 |  8 |  0 |  8 |  1 |  5 |  3 |  14|
 22|  13|  6 |  10|  10|  7 |  10|  12|  8 |  6 |  9 |  19|  13|  14|  8 |  11|  8 |  6 |  2 |  2 |  0 |  1 |  5 |  3 |  2 |
 23|  8 |  8 |  14|  14|  7 |  10|  15|  15|  10|  12|  12|  14|  13|  31|  6 |  11|  10|  7 |  6 |  6 |  12|  9 |  9 |  17|
 24|  8 |  10|  11|  14|  2 |  15|  8 |  11|  15|  12|  13|  12|  9 |  36|  10|  7 |  4 |  6 |  8 |  6 |  3 |  4 |  7 |  4 |
 25|  6 |  14|  14|  25|  8 |  7 |  13|  11|  20|  24|  11|  6 |  4 |  6 |  5 |  2 |  3 |  4 |  11|  7 |  5 |  2 |  55|  12|
 26|  11|  12|  14|  10|  6 |  5 |  25|  12|  12|  12|  13|  14|  4 |  2 |  8 |  0 |  0 |  0 |  3 |  4 |  2 |  7 |  5 |  10|
 27|  13|  8 |  8 |  10|  16|  5 |  6 |  12|  21|  12|  12|  12|  7 |  8 |  5 |  7 |  6 |  1 |  8 |  5 |  9 |  1 |  2 |  6 |
 28|  4 |  4 |  19|  11|  14|  13|  7 |  10|  17|  12|  11|  8 |  7 |  6 |  6 |  7 |  2 |  0 |  4 |  0 |  0 |  4 |  2 |  4 |
 29|  4 |  19|  7 |  11|  5 |  25|  9 |  17|  13|  10|  7 |  11|  8 |  6 |  2 |  7 |  3 |  1 |  3 |  5 |  1 |  4 |  2 |  8 |
 30|  2 |  7 |  9 |  7 |  13|  6 |  11|  7 |  9 |  7 |  7 |  4 |  1 |  8 |  3 |  5 |  5 |  4 |  3 |  2 |  1 |  7 |  2 |  2 |
 31|  2 |  8 |  5 |  6 |  3 |  8 |  5 |  7 |  7 |  11|  1 |  6 |  7 |  8 |  8 |  2 |  0 |  0 |  7 |  3 |  0 |  5 |  2 |  1 |
[Observer]Lockyer_Observatory
[Country]United Kingdom 
[City]Sidmouth
[Longitude]003°1307
[Latitude]050°4116
[Frequencies]
[Antenna]Quad Yagi
[Azimut Antenna]135
[Elevation Antenna]0
[Pre-Amplifier]None
[Receiver]ICOM IC-706 MKIIG
[Observing Method]HROFFT20dB Length Datas
[Remarks]winxp
