may| 00h| 01h| 02h| 03h| 04h| 05h| 06h| 07h| 08h| 09h| 10h| 11h| 12h| 13h| 14h| 15h| 16h| 17h| 18h| 19h| 20h| 21h| 22h| 23h|
 01| 261| 257| 313| 387| 407| 384| 438| 500| 330| 452| 355| 420| 422| 255| 200| 246| 213| 202| 137|  50|  85|  55|  59|  73|
 02|  66|  52|  53|  78| 120|  96| 117| 129| 122| 155|  76| 106|  44|  88|  57|  67|  56|  33|  0 |  0 | 109|  0 |  0 |  0 |
 03|  0 |  0 |  1 |  0 |  13|  0 |  0 |  48| 262| 203| 191| 232| 214|  95| 187| 108|  67|  55|  56|  96|  89|  72|  96|  84|
 04|  93| 120| 106| 141| 278| 280| 327| 264| 337| 240| 225| 194| 152| 158| 159| 128| 150| 185| 135| 177| 204| 253| 361| 109|
 05| 111|  99| 142| 168| 122| 202| 187| 158| 180|  94| 138| 194| 206| 170| 107|  99|  85|  56|  80|  82|  69|  80|  51|  96|
 06|  70|  72| 101| 174| 242| 230| 305| 165| 103|  78|  76|  69|  83|  64|  53|  42|  30|  32|  36|  26|  40|  28|  38|  43|
 07|  55|  78|  68|  50|  90| 150| 169| 111|  87|  70|  81|  72| 121| 168| 164| 210| 170| 225|  98| 163| 146|  92|  59|  99|
 08|  85|  90| 149| 218| 272| 353| 315| 300| 148| 161| 163| 154| 133| 104| 119| 177| 156| 112| 129| 287| 207| 112|  60|  60|
 09|  63|  60|  59|  76|  90| 125| 129| 100|  96|  85|  64|  40|  37|  36|  91|  32|  0 |  0 |  0 |  0 |  0 |  0 |  0 |  0 |
 10|  0 |  17|  83| 193| 286| 315| 293| 359| 271|  87|  0 | 117|  97|  59|  67|  65|  65|  39|  46|  54|  42|  68|  78|  66|
 11|  80|  78|  84|  94| 115| 245| 127| 119|  69|  74|  82|  97|  83|  72|  78|  56|  35|  50|  26|  52|  45|  56|  60|  76|
 12|  44|  43|  59|  44|  64| 128| 111|  82|  60|  61|  57|  51|  43|  52|  31|  18|  16|  22|  21|  32|  36|  73|  72|  59|
 13|  62|  80|  95| 123| 164| 127| 164| 146| 187| 148| 187| 165| 103| 103| 111| 112|  77|  40|  35|  66|  76|  56|  58|  54|
 14|  62|  72| 106|  65| 107| 107| 105| 170| 116| 135| 106| 133| 143| 113| 103|  68|  37|  35|  26|  62|  64|  48|  56|  74|
 15|  66|  55|  95|  78| 113| 112|  85| 124| 128| 105| 114| 111|  99| 121|  87|  52|  72|  39|  45|  39|  58|  48|  74|  48|
 16|  37|  56|  69|  76|  93|  82| 134| 136|  86|  64|  0 |  0 |  0 |  0 |  0 |  0 |  0 |  0 |  0 |  0 |  0 |  0 |  0 |  0 |
 17|??? |??? |??? |??? |??? |??? |??? |??? |??? |??? |??? |??? |??? |??? |??? |??? |??? |??? |??? |??? |??? |??? |??? |??? |
 18|??? |??? |??? |??? |??? |??? |??? |??? |??? |??? |??? |??? |??? |??? |??? |??? |??? |??? |??? |??? |??? |??? |??? |??? |
 19|??? |??? |??? |??? |??? |??? |??? |??? |??? |??? |??? |??? |??? |??? |??? |??? |??? |??? |??? |??? |??? |??? |??? |??? |
 20|??? |??? |??? |??? |??? |??? |??? |??? |??? |??? |??? |??? |??? |??? |??? |??? |??? |??? |??? |??? |??? |??? |??? |??? |
 21|??? |??? |??? |??? |??? |??? |??? |??? |??? |??? |??? |??? |??? |??? |??? |??? |??? |??? |??? |??? |??? |??? |??? |??? |
 22|  0 |  0 |  0 |  0 |  0 |  0 |  0 |  0 |  0 |  0 |  0 |  0 |  11|  83|  57|  56|  47|  46|  51|  54|  47|  50|  48|  56|
 23|  72|  74|  65|  99|  93| 107| 105|  77|  84| 115|  84|  67|  66|  91|  72|  80|  50|  54|  32|  67|  46|  42|  50|  58|
 24|  56|  61|  51|  73|  99| 123| 101|  75|  88|  87|  74| 114| 100|  91|  75|  79|  44|  43|  27|  42|  62|  40|  76|  78|
 25|  57|  61|  66|  78| 106| 108| 103| 131|  94| 105|  95|  98|  81|  97|  61|  67|  49|  63|  35|  37|  42|  55|  46|  61|
 26|  66|  58|  78|  76| 117| 127| 120| 117| 110| 103| 100|  97| 114|  90|  88|  74|  63|  62|  37|  53| 102|  80|  59|  61|
 27|  63|  69|  73| 108|  92| 110| 124|  90| 111| 130| 107| 104| 157|  84| 153| 346| 736| 582|  65|  72|  94| 124|  62|  54|
 28|  54|  58|  95|  79|  87| 135| 120|  14|  0 |  2 |  47|  88|  90|  92|  71|  65|  61|  58|  55|  41|  42|  66|  61|  53|
 29|  58|  63|  68|  87| 128| 128| 112| 101| 103| 102| 102| 105| 164|  89|  89|  57|  66|  41|  46|  67|  46|  32|  42|  50|
 30|  47|  72|  71|  86|  94| 134| 110|  83|  89|  80| 115| 119| 120|  87|  57|  0 |  0 |  0 |  0 |  0 |  0 |  0 |  0 |  44|
 31|  62|  57|  51|  70|  84|  79| 101| 114|  74| 102| 119| 102| 102|  83|  61|  36|  32|  25|  21|  21|  20|  34|  34|  39|
[Observer]Lockyer_Observatory
[Country]United Kingdom 
[City]Sidmouth
[Longitude]003°1307
[Latitude]050°4116
[Frequencies]
[Antenna]Quad Yagi
[Azimut Antenna]135
[Elevation Antenna]0
[Pre-Amplifier]None
[Receiver]ICOM IC-706 MKIIG
[Observing Method]HROFFT10dB Length Datas
[Remarks]winxp
