jun| 00h| 01h| 02h| 03h| 04h| 05h| 06h| 07h| 08h| 09h| 10h| 11h| 12h| 13h| 14h| 15h| 16h| 17h| 18h| 19h| 20h| 21h| 22h| 23h|
 01|  0 |  0 |  0 |  0 |  0 |  0 |  0 |  0 |  0 |  0 |  0 |  0 |  0 |  0 |  0 |  0 |  0 |  0 |  0 |  0 |  0 |  0 |  0 |  29|
 02|  25|  46|  32|  31|  39|  40|  62|  56|  43|  60|  38|  36|  36|  30|  33|  19|  32|  21|  8 |  14|  8 |  19|  15|  12|
 03|  14|  13|  28|  70|  31|  56|  59|  51|  55|  63|  67|  53|  39|  42|  43| 102| 186| 151| 106| 215| 224| 180| 219| 124|
 04| 121| 144| 201| 527|1775|1336|2370|3333|3595|2920|1331| 465| 355| 276| 277| 293| 150| 101| 132| 199| 151| 108| 125| 129|
 05| 126| 137| 177| 186| 254| 389| 461| 357| 354| 329| 304| 315| 419| 304| 260| 177| 139|  98|  82| 135| 169| 118| 104|  96|
 06| 114| 113| 169| 141| 257| 250| 272| 316| 773| 278| 292| 292| 332| 999| 264| 475| 536|  73| 120| 249| 303| 137| 176| 118|
 07| 159| 123| 157| 278| 426| 670| 576| 430| 311| 294| 287| 266| 366| 277| 207| 225| 205| 126| 165| 192| 196| 106| 119| 128|
 08| 107| 124| 193| 228| 356| 529| 601| 428| 316| 287| 276| 336| 337| 262| 231| 246| 177| 151| 183| 140| 141| 141| 135| 132|
 09| 142| 152| 184| 280| 296| 564| 527| 447| 214| 181| 377| 396| 387| 274| 243| 206| 177| 137| 146| 161| 209| 166| 181| 110|
 10| 135| 138| 210| 466| 521| 615| 635| 330| 298| 320| 285| 336| 473| 273| 168| 181| 129| 120|  84|  97| 109|  94|  90| 105|
 11|  99| 135| 168| 317|1385| 329| 287| 234| 312| 330| 279| 243| 228| 191| 208| 179|  94|  73| 170| 710|1549|2540|  81|  78|
 12|  74|  88|  97| 104| 138| 154| 171| 160| 167| 233| 218| 244| 168| 182| 154| 141| 147| 111| 130| 124| 131| 101|  99|  93|
 13| 108| 113| 160| 198| 322| 478| 313| 193| 269| 305| 337| 135| 189| 245| 227| 197| 136| 116| 143| 112| 116| 109|  77|  99|
 14| 103|  98| 117| 169| 242| 377| 228| 223| 223| 224| 249| 261| 238| 206| 160| 169| 134|  95|  70|  63|  73|  81|  97|  86|
 15| 102| 116| 104| 174| 220| 346| 233| 191| 189| 194| 196| 224| 186| 185| 161| 139| 115|  69|  59| 109|  96| 127| 101|  87|
 16|  91|  85| 117| 191| 226| 277| 201| 240| 161| 154| 173| 167| 170| 187| 169| 135|  88|  80|  64| 105| 113| 156|  93|  96|
 17|  82| 120| 158| 200| 219| 211| 211| 204| 210| 282| 242| 224| 288| 249| 212| 222| 215| 147|  87| 187| 112| 107|  63| 101|
 18| 105| 148| 130| 207| 233| 304| 301| 292| 254| 241| 321| 304| 253| 268| 227| 155| 112| 114| 101| 214| 165| 114| 125| 124|
 19| 157| 268| 186| 237| 305| 595| 366| 270| 300| 302| 274| 257| 236| 253| 256| 153| 102| 124| 100| 160| 228| 214| 126| 211|
 20| 198| 214| 239| 266| 294| 222| 235| 246| 257| 244| 275| 272| 281| 226| 205| 133| 121| 104|  49| 169| 177| 100|  95| 128|
 21| 102| 114| 136| 240| 275| 394| 268| 256| 253| 200| 293| 305| 300| 260| 185| 173| 144| 104| 101| 151| 136| 129|  91|  81|
 22| 112| 118| 102| 152| 215| 214| 204| 149| 198| 202| 253| 246| 222| 218| 230| 178| 197| 175| 224| 537| 244| 263| 231| 269|
 23| 309| 289| 343| 344| 594| 764| 515| 568| 496| 441| 437| 346| 340| 274| 258| 222| 164| 172| 141| 171| 188| 190| 161| 207|
 24| 200| 235| 279| 309| 293| 364| 336| 315| 349| 306| 354| 338| 252|  74|  65|  84|  91| 108|  52| 109|  91|  76|  49|  78|
 25|  85| 105| 113| 233| 197| 206| 192| 157| 113| 131| 134| 154| 137| 127|  99|  86|  93|  60|  85|  81|  53|  49|  66|  78|
 26|  90|  95| 104| 133| 153| 181| 151| 161| 144| 147| 148| 163| 149| 141| 137| 159|  88|  81|  64|  75|  48| 105|  71|  81|
 27|  81|  79| 104| 145| 141| 192| 165| 144| 124| 101| 149| 137| 131| 121| 110|  83|  74|  45|  65|  80|  74|  75|  86|  83|
 28|  92| 110|  97| 116| 246| 454| 235| 229| 151| 209| 362| 213| 151| 115| 135| 164| 132|  91|  93|  85| 177| 111|  76|  81|
 29|  93| 119|  88| 142| 212| 187| 168| 171| 332| 162| 142| 156| 185| 173| 153| 502| 595| 310| 577| 161| 360|1132| 367|1167|
 30|1762|2375|1771|2023|3232|2674|3248|2529|3242|1667|1230| 370| 153| 158| 303| 270| 249| 268| 224| 173| 261| 207| 151| 212|
 31|??? |??? |??? |??? |??? |??? |??? |??? |??? |??? |??? |??? |??? |??? |??? |??? |??? |??? |??? |??? |??? |??? |??? |??? |
[Observer]Lockyer_Observatory
[Country]United Kingdom 
[City]Sidmouth
[Longitude]003°1307
[Latitude]050°4116
[Frequencies]
[Antenna]Quad Yagi
[Azimut Antenna]135
[Elevation Antenna]0
[Pre-Amplifier]None
[Receiver]ICOM IC-706 MKIIG
[Observing Method]HROFFT10dB Length Datas
[Remarks]winxp
