jun| 00h| 01h| 02h| 03h| 04h| 05h| 06h| 07h| 08h| 09h| 10h| 11h| 12h| 13h| 14h| 15h| 16h| 17h| 18h| 19h| 20h| 21h| 22h| 23h|
 01|  0 |  0 |  0 |  0 |  0 |  0 |  0 |  0 |  0 |  0 |  0 |  0 |  0 |  0 |  0 |  0 |  0 |  0 |  0 |  0 |  0 |  0 |  0 |  1 |
 02|  1 |  1 |  0 |  0 |  0 |  2 |  3 |  3 |  0 |  2 |  1 |  0 |  2 |  1 |  1 |  0 |  2 |  1 |  0 |  0 |  0 |  0 |  1 |  1 |
 03|  2 |  0 |  1 |  6 |  0 |  0 |  0 |  2 |  1 |  2 |  2 |  4 |  4 |  1 |  0 |  2 |  6 |  3 |  4 |  3 |  2 |  1 |  5 |  4 |
 04|  10|  8 |  6 |  8 |  12|  17|  14| 355| 598| 280|  8 |  8 |  6 |  9 |  14|  7 |  2 |  1 |  3 |  0 |  8 |  4 |  3 |  6 |
 05|  5 |  4 |  6 |  3 |  9 |  12|  9 |  8 |  8 |  12|  8 |  12|  8 |  8 |  9 |  3 |  7 |  5 |  1 |  2 |  2 |  3 |  3 |  6 |
 06|  2 |  4 |  3 |  2 |  7 |  10|  3 |  4 |  4 |  6 |  9 |  15|  11|  8 |  14|  5 |  1 |  0 |  3 |  8 |  0 |  4 |  2 |  7 |
 07|  6 |  5 |  8 |  8 |  12|  29|  16|  9 |  4 |  5 |  9 |  9 |  13|  8 |  8 |  8 |  10|  3 |  3 |  3 |  4 |  1 |  5 |  2 |
 08|  5 |  5 |  9 |  8 |  20|  21|  7 |  7 |  9 |  7 |  12|  15|  17|  4 |  6 |  12|  3 |  3 |  2 |  1 |  1 |  5 |  5 |  5 |
 09|  8 |  6 |  4 |  11|  17|  25|  19|  16|  3 |  6 |  13|  16|  13|  14|  12|  10|  12|  9 |  1 |  2 |  5 |  2 |  4 |  5 |
 10|  2 |  3 |  2 |  8 |  15|  23|  13|  9 |  4 |  7 |  8 |  11|  11|  15|  10|  8 |  4 |  4 |  4 |  1 |  5 |  3 |  3 |  3 |
 11|  3 |  4 |  2 |  6 |  8 |  11|  5 |  2 |  3 |  9 |  14|  11|  6 |  5 |  12|  8 |  3 |  2 |  2 |  1 |  0 |  0 |  3 |  4 |
 12|  2 |  3 |  3 |  2 |  6 |  7 |  2 |  4 |  2 |  7 |  8 |  8 |  10|  7 |  7 |  6 |  10|  1 |  1 |  0 |  3 |  1 |  1 |  4 |
 13|  2 |  4 |  5 |  11|  14|  14|  11|  1 |  8 |  8 |  12|  5 |  10|  14|  9 |  6 |  8 |  6 |  6 |  3 |  5 |  2 |  3 |  2 |
 14|  1 |  3 |  2 |  8 |  13|  13|  6 |  3 |  3 |  4 |  7 |  9 |  9 |  4 |  9 |  8 |  12|  2 |  2 |  3 |  2 |  0 |  1 |  2 |
 15|  3 |  5 |  3 |  6 |  12|  9 |  7 |  5 |  3 |  3 |  4 |  5 |  12|  9 |  6 |  4 |  5 |  4 |  2 |  0 |  3 |  6 |  4 |  4 |
 16|  5 |  1 |  4 |  7 |  15|  15|  8 |  2 |  4 |  1 |  4 |  6 |  6 |  5 |  5 |  5 |  1 |  4 |  2 |  4 |  1 |  7 |  3 |  2 |
 17|  1 |  4 |  8 |  7 |  11|  9 |  8 |  5 |  7 |  6 |  9 |  7 |  5 |  8 |  8 |  6 |  9 |  5 |  2 |  3 |  0 |  6 |  1 |  5 |
 18|  5 |  2 |  4 |  4 |  3 |  8 |  10|  5 |  4 |  8 |  6 |  6 |  6 |  4 |  10|  4 |  5 |  3 |  6 |  2 |  2 |  1 |  1 |  4 |
 19|  7 |  2 |  5 |  5 |  10|  8 |  13|  4 |  3 |  5 |  3 |  11|  4 |  12|  7 |  5 |  2 |  3 |  2 |  2 |  0 |  4 |  1 |  3 |
 20|  1 |  1 |  1 |  3 |  6 |  13|  4 |  2 |  2 |  5 |  5 |  4 |  4 |  10|  6 |  6 |  5 |  5 |  2 |  5 |  4 |  2 |  3 |  3 |
 21|  3 |  6 |  6 |  14|  9 |  15|  7 |  5 |  2 |  2 |  7 |  10|  8 |  14|  5 |  4 |  3 |  7 |  0 |  5 |  2 |  3 |  3 |  2 |
 22|  1 |  4 |  2 |  11|  8 |  13|  3 |  5 |  4 |  4 |  10|  10|  10|  3 |  3 |  4 |  1 |  2 |  1 |  0 |  2 |  3 |  1 |  0 |
 23|  4 |  1 |  2 |  1 |  2 |  9 |  3 |  5 |  3 |  3 |  7 |  6 |  6 |  4 |  2 |  2 |  0 |  1 |  0 |  1 |  1 |  0 |  3 |  1 |
 24|  1 |  2 |  3 |  2 |  3 |  4 |  3 |  2 |  4 |  3 |  8 |  7 |  3 |  2 |  0 |  1 |  6 |  6 |  1 |  3 |  4 |  1 |  0 |  4 |
 25|  3 |  7 |  2 |  4 |  9 |  5 |  8 |  5 |  3 |  4 |  2 |  2 |  9 |  6 |  2 |  7 |  7 |  1 |  2 |  4 |  1 |  2 |  2 |  0 |
 26|  2 |  1 |  2 |  3 |  6 |  10|  6 |  5 |  4 |  5 |  4 |  6 |  5 |  4 |  3 |  6 |  2 |  1 |  3 |  2 |  1 |  4 |  2 |  1 |
 27|  4 |  6 |  5 |  6 |  1 |  9 |  9 |  5 |  4 |  4 |  5 |  5 |  4 |  4 |  2 |  4 |  2 |  0 |  2 |  0 |  2 |  4 |  4 |  4 |
 28|  3 |  3 |  2 |  5 |  5 |  5 |  4 |  7 |  5 |  5 |  5 |  3 |  5 |  5 |  2 |  5 |  1 |  3 |  5 |  1 |  3 |  1 |  6 |  0 |
 29|  1 |  3 |  3 |  9 |  8 |  4 |  3 |  5 |  3 |  5 |  3 |  3 |  9 |  4 |  2 |  5 |  3 |  4 |  3 |  3 |  0 |  3 |  0 |  3 |
 30|  3 |  7 |  1 |  4 |  86|  11|  46|  7 |  47|  3 |  1 |  9 |  6 |  3 |  4 |  2 |  4 |  0 |  1 |  0 |  1 |  2 |  2 |  1 |
 31|??? |??? |??? |??? |??? |??? |??? |??? |??? |??? |??? |??? |??? |??? |??? |??? |??? |??? |??? |??? |??? |??? |??? |??? |
[Observer]Lockyer_Observatory
[Country]United Kingdom 
[City]Sidmouth
[Longitude]003°1307
[Latitude]050°4116
[Frequencies]
[Antenna]Quad Yagi
[Azimut Antenna]135
[Elevation Antenna]0
[Pre-Amplifier]None
[Receiver]ICOM IC-706 MKIIG
[Observing Method]HROFFT30dB Count Datas
[Remarks]winxp
