may| 00h| 01h| 02h| 03h| 04h| 05h| 06h| 07h| 08h| 09h| 10h| 11h| 12h| 13h| 14h| 15h| 16h| 17h| 18h| 19h| 20h| 21h| 22h| 23h|
 01|  7 |  10|  6 |  10|  1 |  10|  5 |  6 |  10|  4 |  5 |  6 |  7 |  3 |  7 |  4 |  3 |  0 |  2 |  1 |  1 |  0 |  1 |  3 |
 02|  1 |  3 |  2 |  3 |  11|  5 |  8 |  0 |  6 |  8 |  1 |  3 |  6 |  4 |  0 |  6 |  0 |  0 |  0 |  0 | 107|  0 |  0 |  0 |
 03|  0 |  0 |  0 |  0 |  0 |  0 |  0 |  1 |  7 |  3 |  26|  2 |  1 |  5 |  9 |  2 |  3 |  2 |  3 |  3 |  1 |  1 |  3 |  4 |
 04|  9 |  7 |  7 |  2 |  19|  20|  10|  10|  21|  16|  17|  7 |  4 |  7 |  7 |  7 |  4 |  0 |  2 |  1 |  0 |  4 |  2 |  2 |
 05|  3 |  5 |  2 |  2 |  3 |  4 |  5 |  5 |  24|  14|  2 |  23|  5 |  5 |  2 |  3 |  6 |  0 |  7 |  3 |  3 |  4 |  2 |  4 |
 06|  1 |  2 |  5 |  3 |  16|  13|  59|  12|  5 |  2 |  5 |  1 |  6 |  3 |  6 |  3 |  0 |  1 |  1 |  1 |  3 |  0 |  1 |  3 |
 07|  0 |  0 |  2 |  1 |  2 |  12|  7 |  13|  3 |  2 |  3 |  0 |  5 |  1 |  4 |  21|  3 |  1 |  3 |  2 |  3 |  1 |  4 |  4 |
 08|  0 |  6 |  1 |  9 |  7 |  10|  10|  6 |  5 |  2 |  18|  3 |  2 |  1 |  6 |  2 |  4 |  1 |  0 |  2 |  2 |  5 |  2 |  0 |
 09|  2 |  1 |  4 |  4 |  4 |  4 |  8 |  6 |  4 |  1 |  2 |  2 |  0 |  1 |  60|  2 |  0 |  0 |  0 |  0 |  0 |  0 |  0 |  0 |
 10|  0 |  2 |  1 |  6 |  6 |  9 |  15|  10|  6 |  0 |  0 |  2 |  2 |  8 |  2 |  3 |  1 |  3 |  5 |  2 |  1 |  5 |  1 |  4 |
 11|  6 |  4 |  5 |  3 |  3 |  3 |  6 |  10|  9 |  4 |  3 |  3 |  9 |  1 |  1 |  1 |  2 |  6 |  0 |  1 |  4 |  9 |  2 |  6 |
 12|  2 |  1 |  3 |  3 |  4 |  10|  5 |  5 |  3 |  1 |  3 |  3 |  0 |  2 |  5 |  1 |  1 |  1 |  0 |  1 |  0 |  0 |  3 |  2 |
 13|  1 |  3 |  4 |  6 |  33|  4 |  6 |  2 |  3 |  6 |  5 |  1 |  4 |  4 |  3 |  2 |  6 |  2 |  0 |  1 |  1 |  4 |  2 |  2 |
 14|  2 |  1 |  4 |  2 |  7 |  3 |  5 |  2 |  4 |  8 |  6 |  6 |  9 |  7 |  12|  4 |  0 |  1 |  1 |  2 |  0 |  0 |  1 |  5 |
 15|  2 |  2 |  10|  4 |  6 |  4 |  3 |  3 |  0 |  5 |  2 |  10|  6 |  7 |  5 |  0 |  0 |  2 |  2 |  1 |  2 |  4 |  2 |  1 |
 16|  1 |  1 |  1 |  2 |  3 |  2 |  1 |  2 |  1 |  1 |  0 |  0 |  0 |  0 |  0 |  0 |  0 |  0 |  0 |  0 |  0 |  0 |  0 |  0 |
 17|??? |??? |??? |??? |??? |??? |??? |??? |??? |??? |??? |??? |??? |??? |??? |??? |??? |??? |??? |??? |??? |??? |??? |??? |
 18|??? |??? |??? |??? |??? |??? |??? |??? |??? |??? |??? |??? |??? |??? |??? |??? |??? |??? |??? |??? |??? |??? |??? |??? |
 19|??? |??? |??? |??? |??? |??? |??? |??? |??? |??? |??? |??? |??? |??? |??? |??? |??? |??? |??? |??? |??? |??? |??? |??? |
 20|??? |??? |??? |??? |??? |??? |??? |??? |??? |??? |??? |??? |??? |??? |??? |??? |??? |??? |??? |??? |??? |??? |??? |??? |
 21|??? |??? |??? |??? |??? |??? |??? |??? |??? |??? |??? |??? |??? |??? |??? |??? |??? |??? |??? |??? |??? |??? |??? |??? |
 22|  0 |  0 |  0 |  0 |  0 |  0 |  0 |  0 |  0 |  0 |  0 |  0 |  0 |  2 |  2 |  1 |  0 |  3 |  2 |  4 |  1 |  0 |  0 |  2 |
 23|  4 |  2 |  6 |  5 |  4 |  6 |  5 |  4 |  3 |  8 |  6 |  3 |  3 |  3 |  6 |  3 |  5 |  3 |  1 |  9 |  3 |  1 |  8 |  4 |
 24|  0 |  2 |  0 |  5 |  1 |  5 |  3 |  2 |  5 |  2 |  4 |  1 |  3 |  4 |  5 |  6 |  4 |  1 |  0 |  1 |  0 |  2 |  5 |  3 |
 25|  1 |  1 |  4 |  3 |  3 |  11|  1 |  11|  2 |  2 |  3 |  5 |  3 |  1 |  2 |  2 |  2 |  6 |  2 |  2 |  3 |  2 |  5 |  3 |
 26|  8 |  0 |  2 |  1 |  4 |  3 |  7 |  1 |  0 |  0 |  2 |  3 |  1 |  5 |  6 |  0 |  4 |  4 |  1 |  2 |  12|  2 |  1 |  2 |
 27|  3 |  2 |  3 |  7 |  4 |  8 |  6 |  2 |  5 |  2 |  4 |  2 |  2 |  2 |  3 |  3 |  5 |  5 |  1 |  1 |  2 |  0 |  2 |  1 |
 28|  1 |  3 |  3 |  0 |  6 |  2 |  4 |  0 |  0 |  0 |  4 |  3 |  1 |  7 |  6 |  6 |  0 |  3 |  0 |  3 |  5 |  4 |  0 |  0 |
 29|  1 |  0 |  0 |  1 |  3 |  4 |  9 |  5 |  3 |  2 |  4 |  2 |  10|  5 |  6 |  1 |  3 |  2 |  2 |  3 |  0 |  0 |  1 |  1 |
 30|  1 |  0 |  3 |  2 |  4 |  1 |  2 |  1 |  5 |  3 |  3 |  5 |  1 |  4 |  1 |  0 |  0 |  0 |  0 |  0 |  0 |  0 |  0 |  0 |
 31|  0 |  1 |  2 |  3 |  5 |  1 |  1 |  5 |  1 |  4 |  4 |  10|  2 |  2 |  8 |  4 |  0 |  1 |  1 |  0 |  0 |  2 |  3 |  1 |
[Observer]Lockyer_Observatory
[Country]United Kingdom 
[City]Sidmouth
[Longitude]003°1307
[Latitude]050°4116
[Frequencies]
[Antenna]Quad Yagi
[Azimut Antenna]135
[Elevation Antenna]0
[Pre-Amplifier]None
[Receiver]ICOM IC-706 MKIIG
[Observing Method]HROFFT30dB Length Datas
[Remarks]winxp
