jan| 00h| 01h| 02h| 03h| 04h| 05h| 06h| 07h| 08h| 09h| 10h| 11h| 12h| 13h| 14h| 15h| 16h| 17h| 18h| 19h| 20h| 21h| 22h| 23h|
 01|??? |??? |??? |??? |??? |??? |??? |??? |??? |??? |??? |??? |??? |??? |??? |??? |??? |??? |??? |??? |??? |??? |??? |??? |
 02|??? |??? |??? |??? |??? |??? |??? |??? |??? |??? |??? |??? |??? |??? |??? |??? |??? |??? |??? |??? |??? |??? |??? |??? |
 03|??? |??? |??? |??? |??? |??? |??? |??? |??? |??? |??? |??? |??? |??? |??? |??? |??? |??? |??? |??? |??? |??? |??? |??? |
 04|??? |??? |??? |??? |??? |??? |??? |??? |??? |??? |??? |??? |??? |??? |??? |??? |??? |??? |??? |??? |??? |??? |??? |??? |
 05|??? |??? |??? |??? |??? |??? |??? |??? |??? |??? |??? |??? |??? |??? |??? |??? |??? |??? |??? |??? |??? |??? |??? |??? |
 06|??? |??? |??? |??? |??? |??? |??? |??? |??? |??? |??? |??? |??? |??? |??? |??? |??? |??? |??? |??? |??? |??? |??? |??? |
 07|??? |??? |??? |??? |??? |??? |??? |??? |??? |??? |??? |??? |??? |??? |??? |??? |??? |??? |??? |??? |??? |??? |??? |??? |
 08|  0 |  0 |  0 |  0 |  0 |  0 |  0 |  0 |  0 |  0 |  0 |  0 |  0 |  0 |  0 |  0 |  0 |  0 |  0 |  0 |  0 |  0 |  0 |  1 |
 09|  1 |  2 |  8 |  1 |  0 |  6 |  0 |  1 |  1 |  0 |  1 |  3 |  7 |  0 |  0 |  0 |  2 |  1 |  0 |  1 |  0 |  1 |  1 |  0 |
 10|  2 |  4 |  0 |  12|  4 |  0 |  7 |  0 |  18|  0 |  4 |  2 |  3 |  0 |  5 |  0 |  1 |  0 |  1 |  2 |  4 |  3 |  0 |  2 |
 11|  2 |  8 |  1 |  6 |  3 |  0 |  2 |  3 |  4 |  4 |  13|  1 |  1 |  2 |  4 |  3 |  2 |  3 |  2 |  2 |  2 |  1 |  3 |  1 |
 12|  6 |  1 |  6 |  4 |  6 |  4 |  1 |  4 |  5 |  2 |  4 |  3 |  5 |  5 |  3 |  6 |  4 |  9 |  4 |  1 |  0 |  3 |  0 |  0 |
 13|  6 |  3 |  2 |  29|  4 |  3 |  0 |  4 |  6 |  1 |  3 |  2 |  1 |  10|  0 |  2 |  7 |  4 |  3 |  2 |  0 |  3 |  0 |  2 |
 14|  2 |  3 |  6 |  0 |  2 |  2 |  0 |  1 |  1 |  0 |  0 |  1 |  2 |  1 |  2 |  0 |  1 |  0 |  0 |  0 |  4 |  2 |  0 |  0 |
 15|  1 |  5 |  1 |  0 |  1 |  3 |  5 |  1 |  0 |  6 |  5 |  1 |  3 |  6 |  1 |  3 |  0 |  2 |  1 |  4 |  2 |  1 |  0 |  0 |
 16|  1 |  10|  1 |  2 |  4 |  2 |  1 |  3 |  2 |  5 |  12|  5 |  3 |  4 |  0 |  3 |  7 |  4 |  1 |  8 |  1 |  2 |  2 |  0 |
 17|  8 |  2 |  3 |  5 |  1 |  7 |  5 |  4 |  2 |  10|  5 |  11|  5 |  7 |  4 |  2 |  3 |  1 |  5 |  4 |  3 |  2 |  3 |  5 |
 18|  1 |  32|  1 |  10|  10|  5 |  4 |  2 |  10|  3 |  6 |  2 |  2 |  5 |  1 |  0 |  2 |  3 |  3 |  2 |  2 |  1 |  1 |  0 |
 19|  3 |  2 |  5 |  3 |  8 |  0 |  2 |  3 |  4 |  10|  5 |  7 |  3 |  3 |  3 |  1 |  0 |  2 |  3 |  0 |  3 |  2 |  2 |  12|
 20|  2 |  6 |  2 |  6 |  11|  5 |  3 |  0 |  5 |  13|  2 |  6 |  1 |  1 |  1 |  1 |  1 |  0 |  2 |  1 |  3 |  5 |  4 |  0 |
 21|  1 |  0 |  4 |  5 |  5 |  1 |  2 |  1 |  5 |  3 |  12|  5 |  7 |  6 |  3 |  4 |  2 |  1 |  4 |  4 |  6 |  3 |  3 |  2 |
 22|  2 |  5 |  2 |  3 |  6 |  6 |  1 |  1 |  2 |  10|  1 |  8 |  18|  0 |  6 |  2 |  2 |  1 |  5 |  3 |  2 |  2 |  0 |  6 |
 23|  7 |  0 |  8 |  8 |  14|  4 |  1 |  3 |  5 |  9 |  0 |  3 |  5 |  1 |  0 |  1 |  1 |  4 |  2 |  3 |  2 |  1 |  1 |  3 |
 24|  3 |  4 |  1 |  2 |  5 |  1 |  1 |  12|  9 |  2 |  2 |  3 |  4 |  14|  2 |  1 |  4 |  4 |  2 |  8 |  4 |  3 |  7 |  1 |
 25|  4 |  3 |  9 |  4 |  11|  18|  3 |  7 |  5 |  3 |  6 |  2 |  1 |  0 |  3 |  2 |  0 |  1 |  7 |  8 |  2 |  1 |  2 |  0 |
 26|  1 |  2 |  6 |  8 |  8 |  2 |  7 |  2 |  6 |  3 |  4 |  10|  3 |  10|  0 |  1 |  1 |  0 |  4 |  2 |  1 |  0 |  2 |  0 |
 27|  6 |  1 |  9 |  5 |  2 |  8 |  2 |  2 |  3 |  10|  9 |  3 |  3 |  7 |  0 |  2 |  4 |  4 |  3 |  2 |  3 |  1 |  4 |  5 |
 28|  6 |  6 |  4 |  14|  4 |  6 |  2 |  5 |  7 |  6 |  7 |  4 |  1 |  1 |  0 |  1 |  2 |  0 |  2 |  0 |  3 |  5 |  0 |  1 |
 29|  2 |  2 |  2 |  6 |  0 |  9 |  3 |  3 |  5 |  2 |  6 |  1 |  3 |  2 |  3 |  1 |  2 |  1 |  2 |  4 |  2 |  2 |  3 |  5 |
 30|  2 |  0 |  2 |  2 |  3 |  2 |  0 |  0 |  0 |  0 |  0 |  1 |  0 |  0 |  0 |  0 |  0 |  0 |  0 |  0 |  2 |  0 |  6 |  3 |
 31|  6 |  2 |  2 |  4 |  3 |  1 |  1 |  1 |  4 |  0 |  0 |  0 |  0 |  0 |  0 |  0 |  0 |  0 |  0 |  0 |  0 |  0 |  0 |  0 |
[Observer]Lockyer_Observatory
[Country]United Kingdom 
[City]Sidmouth
[Longitude]003°1307
[Latitude]050°4116
[Frequencies]
[Antenna]Quad Yagi
[Azimut Antenna]135
[Elevation Antenna]0
[Pre-Amplifier]None
[Receiver]ICOM IC-706 MKIIG
[Observing Method]HROFFT30dB Length Datas
[Remarks]winxp
