may| 00h| 01h| 02h| 03h| 04h| 05h| 06h| 07h| 08h| 09h| 10h| 11h| 12h| 13h| 14h| 15h| 16h| 17h| 18h| 19h| 20h| 21h| 22h| 23h|
 01| 226| 216| 253| 289| 289| 309| 327| 377| 274| 340| 293| 311| 311| 218| 174| 207| 193| 179| 114|  45|  79|  48|  56|  62|
 02|  58|  48|  51|  72|  95|  81| 103|  88| 101| 106|  62|  75|  38|  73|  50|  53|  40|  31|??? |??? |  4 |??? |??? |  0 |
 03|??? |??? |  1 |??? |  13|??? |??? |  37| 198| 157| 131| 148| 166|  86| 134|  94|  56|  49|  54|  71|  70|  62|  79|  78|
 04|  71| 101|  90| 125| 151| 190| 221| 191| 200| 165| 155| 150| 125| 122| 130| 110| 107| 157| 117| 151| 175| 219| 290| 105|
 05|  98|  92| 114|  86| 101| 155| 146| 128| 106|  68| 119| 133| 157| 139|  95|  84|  73|  49|  53|  74|  65|  72|  48|  82|
 06|  65|  64|  85| 137| 178| 174| 190| 121|  83|  66|  61|  57|  66|  55|  43|  38|  30|  28|  32|  24|  37|  26|  34|  40|
 07|  53|  67|  62|  48|  76|  95| 115|  64|  58|  54|  65|  66| 101| 147| 118| 164| 143| 173|  87| 144| 131|  82|  54|  82|
 08|  77|  78| 103| 158| 197| 284| 238| 208| 130| 120| 122| 111| 111|  91| 103| 158| 141|  94| 105| 210| 154| 102|  55|  54|
 09|  51|  55|  53|  66|  86|  98| 106|  87|  82|  65|  51|  35|  30|  30|  28|  26|??? |??? |??? |??? |??? |??? |??? |  0 |
 10|??? |  15|  76| 159| 186| 238| 216| 230| 181|  67|??? |  95|  83|  51|  62|  58|  55|  34|  41|  52|  39|  60|  70|  55|
 11|  61|  68|  78|  77| 100| 203| 111|  95|  58|  60|  71|  74|  58|  68|  66|  54|  33|  43|  24|  46|  40|  45|  50|  64|
 12|  38|  37|  51|  41|  59| 100|  92|  56|  55|  44|  42|  39|  33|  40|  25|  16|  12|  21|  19|  27|  33|  57|  67|  57|
 13|  60|  64|  79|  98|  99| 111| 129| 109| 145| 112| 151| 134|  88|  87|  87|  88|  66|  36|  31|  59|  59|  45|  51|  51|
 14|  56|  62|  81|  60|  85|  89|  84| 107|  84| 108|  89| 113| 109|  84|  72|  55|  32|  29|  21|  52|  46|  43|  44|  68|
 15|  59|  52|  67|  64|  92|  92|  76|  99|  99|  95|  96|  88|  88| 101|  65|  50|  64|  35|  37|  38|  51|  42|  50|  44|
 16|  34|  52|  59|  65|  75|  75|  98|  99|  74|  58|??? |??? |??? |??? |??? |??? |??? |??? |??? |??? |??? |??? |??? |  0 |
 17| 17|??? |??? |??? |??? |??? |??? |??? |??? |??? |??? |??? |??? |??? |??? |??? |??? |??? |??? |??? |??? |??? |??? |??? |??? |
 18| 18|??? |??? |??? |??? |??? |??? |??? |??? |??? |??? |??? |??? |??? |??? |??? |??? |??? |??? |??? |??? |??? |??? |??? |??? |
 19| 19|??? |??? |??? |??? |??? |??? |??? |??? |??? |??? |??? |??? |??? |??? |??? |??? |??? |??? |??? |??? |??? |??? |??? |??? |
 20| 20|??? |??? |??? |??? |??? |??? |??? |??? |??? |??? |??? |??? |??? |??? |??? |??? |??? |??? |??? |??? |??? |??? |??? |??? |
 21| 21|??? |??? |??? |??? |??? |??? |??? |??? |??? |??? |??? |??? |??? |??? |??? |??? |??? |??? |??? |??? |??? |??? |??? |??? |
 22|??? |??? |??? |??? |??? |??? |??? |??? |??? |??? |??? |??? |  9 |  63|  50|  50|  43|  41|  41|  44|  40|  46|  47|  51|
 23|  60|  69|  58|  83|  81|  86|  78|  69|  72|  86|  70|  60|  57|  78|  55|  53|  35|  43|  29|  47|  39|  38|  40|  51|
 24|  52|  52|  45|  64|  87| 106|  82|  69|  70|  72|  57|  85|  84|  77|  66|  65|  39|  40|  27|  39|  60|  37|  62|  67|
 25|  49|  54|  56|  67|  87|  92|  88|  90|  78|  77|  69|  80|  70|  83|  55|  56|  40|  41|  34|  29|  40|  46|  39|  53|
 26|  55|  55|  69|  69|  98| 109| 110| 105|  88|  88|  84|  83|  99|  76|  78|  66|  52|  41|  35|  48|  60|  60|  56|  54|
 27|  58|  61|  60|  90|  84|  91| 105|  85|  93| 102|  96|  90| 103|  72| 112| 225| 363| 319|  56|  59|  75|  91|  54|  46|
 28|  50|  52|  77|  74|  82| 114| 101|  12|??? |  2 |  40|  72|  83|  74|  61|  59|  49|  49|  47|  35|  36|  57|  56|  52|
 29|  54|  60|  61|  77|  95| 111|  85|  87|  72|  84|  91|  91| 120|  75|  69|  50|  59|  37|  40|  55|  39|  30|  39|  40|
 30|  41|  60|  68|  73|  76| 123|  96|  69|  72|  74| 104|  99| 100|  79|  53|??? |??? |??? |??? |??? |??? |??? |??? |  43|
 31|  53|  53|  48|  60|  69|  75|  84|  78|  60|  84| 101|  82|  88|  71|  45|  32|  28|  25|  15|  18|  18|  26|  29|  33|
[Observer]Lockyer_Observatory
[Country]United Kingdom 
[City]Sidmouth
[Longitude]003°1307
[Latitude]050°4116
[Frequencies]
[Antenna]Quad Yagi
[Azimut Antenna]135
[Elevation Antenna]0
[Pre-Amplifier]None
[Receiver]ICOM IC-706 MKIIG
[Observing Method]HROFFT10dB Count Datas
[Remarks]winxp
