jan| 00h| 01h| 02h| 03h| 04h| 05h| 06h| 07h| 08h| 09h| 10h| 11h| 12h| 13h| 14h| 15h| 16h| 17h| 18h| 19h| 20h| 21h| 22h| 23h|
 01|??? |??? |??? |??? |??? |??? |??? |??? |??? |??? |??? |??? |??? |??? |??? |??? |??? |??? |??? |??? |??? |??? |??? |??? |
 02|??? |??? |??? |??? |??? |??? |??? |??? |??? |??? |??? |??? |??? |??? |??? |??? |??? |??? |??? |??? |??? |??? |??? |??? |
 03|??? |??? |??? |??? |??? |??? |??? |??? |??? |??? |??? |??? |??? |??? |??? |??? |??? |??? |??? |??? |??? |??? |??? |??? |
 04|??? |??? |??? |??? |??? |??? |??? |??? |??? |??? |??? |??? |??? |??? |??? |??? |??? |??? |??? |??? |??? |??? |??? |??? |
 05|??? |??? |??? |??? |??? |??? |??? |??? |??? |??? |??? |??? |??? |??? |??? |??? |??? |??? |??? |??? |??? |??? |??? |??? |
 06|??? |??? |??? |??? |??? |??? |??? |??? |??? |??? |??? |??? |??? |??? |??? |??? |??? |??? |??? |??? |??? |??? |??? |??? |
 07|??? |??? |??? |??? |??? |??? |??? |??? |??? |??? |??? |??? |??? |??? |??? |??? |??? |??? |??? |??? |??? |??? |??? |??? |
 08|  0 |  0 |  0 |  0 |  0 |  0 |  0 |  0 |  0 |  0 |  0 |  0 |  0 |  0 |  0 |  0 |  0 |  0 |  0 |  0 |  0 |  0 |  0 |  5 |
 09|  14|  11|  22|  14|  11|  18|  4 |  8 |  5 |  5 |  20|  28|  19|  9 |  10|  4 |  7 |  2 |  3 |  5 |  9 |  2 |  4 |  7 |
 10|  6 |  10|  8 |  21|  18|  6 |  20|  5 |  31|  12|  11|  14|  14|  2 |  12|  4 |  1 |  3 |  3 |  5 |  9 |  9 |  7 |  13|
 11|  14|  23|  8 |  21|  16|  7 |  7 |  10|  11|  10|  27|  12|  15|  7 |  7 |  7 |  9 |  8 |  12|  9 |  10|  10|  10|  5 |
 12|  18|  11|  18|  25|  20|  18|  9 |  20|  15|  16|  16|  14|  17|  14|  8 |  11|  9 |  17|  7 |  12|  3 |  6 |  3 |  6 |
 13|  15|  11|  20|  56|  19|  7 |  5 |  14|  12|  9 |  12|  11|  4 |  27|  9 |  12|  15|  10|  13|  4 |  6 |  8 |  15|  7 |
 14|  8 |  11|  18|  5 |  11|  12|  11|  2 |  4 |  2 |  6 |  2 |  6 |  6 |  3 |  2 |  4 |  1 |  1 |  3 |  10|  11|  2 |  4 |
 15|  9 |  15|  7 |  4 |  10|  11|  14|  3 |  6 |  18|  13|  10|  23|  18|  13|  10|  8 |  8 |  12|  9 |  8 |  7 |  2 |  9 |
 16|  5 |  22|  14|  20|  23|  16|  6 |  5 |  15|  26|  28|  19|  16|  11|  8 |  13|  14|  12|  6 |  19|  9 |  8 |  8 |  8 |
 17|  20|  31|  25|  48|  19|  24|  25|  17|  13|  36|  29|  21|  25|  23|  9 |  10|  12|  16|  13|  9 |  13|  8 |  10|  14|
 18|  10|  48|  15|  27|  27|  27|  20|  13|  27|  17|  18|  10|  12|  15|  8 |  10|  9 |  10|  12|  16|  8 |  8 |  10|  6 |
 19|  6 |  18|  19|  16|  30|  17|  13|  24|  16|  38|  17|  19|  15|  11|  17|  8 |  5 |  10|  11|  5 |  12|  23|  12|  22|
 20|  12|  23|  16|  33|  25|  19|  14|  8 |  20|  32|  13|  16|  9 |  8 |  10|  8 |  7 |  10|  11|  15|  13|  15|  29|  11|
 21|  8 |  19|  18|  16|  19|  17|  18|  14|  15|  19|  35|  13|  17|  13|  10|  11|  7 |  9 |  8 |  9 |  17|  12|  13|  10|
 22|  17|  15|  17|  14|  21|  23|  15|  11|  11|  28|  20|  28|  41|  12|  17|  14|  10|  11|  19|  9 |  5 |  13|  6 |  12|
 23|  20|  16|  27|  19|  31|  14|  15|  27|  21|  28|  21|  10|  18|  12|  13|  9 |  5 |  11|  15|  14|  8 |  6 |  5 |  12|
 24|  7 |  28|  14|  14|  18|  10|  11|  30|  25|  19|  21|  16|  22|  39|  15|  9 |  16|  10|  12|  24|  20|  14|  18|  15|
 25|  16|  27|  30|  21|  33|  41|  14|  22|  26|  16|  22|  10|  11|  12|  14|  7 |  8 |  6 |  15|  18|  17|  6 |  13|  11|
 26|  7 |  12|  24|  23|  20|  17|  21|  14|  17|  18|  20|  30|  18|  27|  7 |  5 |  8 |  3 |  7 |  12|  8 |  8 |  12|  16|
 27|  22|  15|  19|  18|  21|  27|  13|  19|  14|  23|  28|  20|  19|  31|  5 |  8 |  10|  10|  11|  10|  15|  10|  24|  14|
 28|  24|  26|  19|  37|  22|  25|  23|  27|  20|  16|  18|  12|  8 |  3 |  1 |  4 |  6 |  3 |  6 |  2 |  10|  11|  5 |  5 |
 29|  6 |  9 |  12|  24|  7 |  18|  10|  18|  24|  17|  16|  12|  7 |  9 |  7 |  4 |  7 |  7 |  10|  10|  10|  9 |  11|  12|
 30|  5 |  4 |  9 |  8 |  12|  8 |  0 |  0 |  4 |  5 |  10|  6 |  2 |  4 |  2 |  0 |  0 |  1 |  4 |  0 |  8 |  11|  15|  16|
 31|  17|  10|  15|  18|  20|  10|  5 |  5 |  7 |  7 |  8 |  5 |  4 |  3 |  1 |  0 |  0 |  0 |  0 |  0 |  0 |  0 |  0 |  0 |
[Observer]Lockyer_Observatory
[Country]United Kingdom 
[City]Sidmouth
[Longitude]003°1307
[Latitude]050°4116
[Frequencies]
[Antenna]Quad Yagi
[Azimut Antenna]135
[Elevation Antenna]0
[Pre-Amplifier]None
[Receiver]ICOM IC-706 MKIIG
[Observing Method]HROFFT20dB Length Datas
[Remarks]winxp
