jan| 00h| 01h| 02h| 03h| 04h| 05h| 06h| 07h| 08h| 09h| 10h| 11h| 12h| 13h| 14h| 15h| 16h| 17h| 18h| 19h| 20h| 21h| 22h| 23h|
 01|??? |??? |??? |??? |??? |??? |??? |??? |??? |??? |??? |??? |??? |??? |??? |??? |??? |??? |??? |??? |??? |??? |??? |??? |
 02|??? |??? |??? |??? |??? |??? |??? |??? |??? |??? |??? |??? |??? |??? |??? |??? |??? |??? |??? |??? |??? |??? |??? |??? |
 03|??? |??? |??? |??? |??? |??? |??? |??? |??? |??? |??? |??? |??? |??? |??? |??? |??? |??? |??? |??? |??? |??? |??? |??? |
 04|??? |??? |??? |??? |??? |??? |??? |??? |??? |??? |??? |??? |??? |??? |??? |??? |??? |??? |??? |??? |??? |??? |??? |??? |
 05|??? |??? |??? |??? |??? |??? |??? |??? |??? |??? |??? |??? |??? |??? |??? |??? |??? |??? |??? |??? |??? |??? |??? |??? |
 06|??? |??? |??? |??? |??? |??? |??? |??? |??? |??? |??? |??? |??? |??? |??? |??? |??? |??? |??? |??? |??? |??? |??? |??? |
 07|??? |??? |??? |??? |??? |??? |??? |??? |??? |??? |??? |??? |??? |??? |??? |??? |??? |??? |??? |??? |??? |??? |??? |??? |
 08|  0 |  0 |  0 |  0 |  0 |  0 |  0 |  0 |  0 |  0 |  0 |  0 |  0 |  0 |  0 |  0 |  0 |  0 |  0 |  0 |  0 |  0 |  0 |  5 |
 09|  11|  10|  22|  12|  9 |  12|  4 |  6 |  5 |  5 |  18|  22|  8 |  8 |  10|  3 |  6 |  2 |  3 |  5 |  8 |  2 |  4 |  7 |
 10|  5 |  8 |  6 |  14|  14|  5 |  15|  5 |  12|  10|  10|  12|  11|  2 |  9 |  4 |  1 |  3 |  3 |  5 |  8 |  8 |  7 |  13|
 11|  13|  18|  7 |  15|  12|  7 |  7 |  8 |  10|  9 |  13|  9 |  11|  4 |  7 |  4 |  6 |  7 |  8 |  9 |  8 |  10|  7 |  5 |
 12|  15|  11|  11|  19|  18|  16|  9 |  17|  14|  12|  11|  14|  11|  10|  8 |  6 |  8 |  12|  7 |  10|  3 |  6 |  3 |  6 |
 13|  8 |  8 |  11|  18|  16|  6 |  5 |  12|  9 |  7 |  10|  10|  3 |  13|  8 |  12|  9 |  8 |  11|  3 |  6 |  6 |  6 |  6 |
 14|  6 |  9 |  10|  5 |  10|  8 |  9 |  2 |  4 |  2 |  6 |  2 |  6 |  5 |  3 |  2 |  2 |  1 |  1 |  3 |  9 |  10|  2 |  4 |
 15|  7 |  8 |  6 |  4 |  8 |  10|  8 |  3 |  6 |  11|  9 |  10|  19|  13|  12|  8 |  5 |  7 |  11|  9 |  7 |  7 |  2 |  9 |
 16|  5 |  13|  14|  18|  19|  16|  5 |  4 |  13|  24|  19|  14|  14|  10|  7 |  11|  5 |  12|  6 |  14|  8 |  7 |  8 |  8 |
 17|  15|  23|  22|  28|  16|  20|  22|  13|  8 |  19|  24|  13|  22|  19|  7 |  10|  10|  14|  11|  8 |  11|  6 |  6 |  11|
 18|  10|  16|  14|  19|  19|  13|  12|  11|  15|  15|  12|  10|  12|  12|  8 |  10|  8 |  7 |  9 |  14|  8 |  7 |  10|  6 |
 19|  5 |  15|  14|  15|  24|  13|  12|  16|  13|  23|  15|  15|  14|  11|  13|  8 |  5 |  8 |  11|  5 |  11|  20|  10|  13|
 20|  12|  20|  15|  26|  18|  13|  12|  8 |  14|  15|  9 |  13|  8 |  8 |  7 |  6 |  7 |  10|  8 |  13|  10|  11|  12|  11|
 21|  8 |  17|  14|  15|  17|  16|  16|  12|  13|  16|  16|  11|  13|  11|  9 |  9 |  6 |  9 |  7 |  6 |  10|  9 |  9 |  9 |
 22|  17|  12|  14|  10|  17|  19|  13|  11|  11|  17|  8 |  18|  21|  11|  11|  11|  10|  11|  15|  9 |  5 |  12|  5 |  10|
 23|  15|  15|  21|  17|  21|  10|  14|  22|  19|  16|  18|  8 |  16|  10|  13|  9 |  5 |  10|  13|  11|  7 |  6 |  5 |  10|
 24|  7 |  15|  14|  13|  15|  9 |  11|  21|  19|  15|  18|  15|  18|  23|  14|  8 |  14|  10|  12|  19|  16|  11|  15|  13|
 25|  16|  25|  24|  19|  25|  23|  12|  18|  20|  16|  18|  9 |  11|  10|  13|  6 |  8 |  6 |  10|  12|  14|  6 |  13|  11|
 26|  6 |  11|  17|  19|  17|  16|  15|  13|  13|  15|  16|  21|  18|  17|  7 |  5 |  8 |  3 |  7 |  10|  8 |  8 |  11|  16|
 27|  18|  15|  14|  18|  19|  26|  13|  19|  13|  19|  13|  17|  16|  24|  5 |  7 |  10|  9 |  9 |  10|  13|  9 |  20|  11|
 28|  19|  21|  13|  21|  19|  19|  21|  23|  17|  14|  13|  9 |  8 |  3 |  1 |  4 |  6 |  3 |  5 |  2 |  10|  10|  5 |  5 |
 29|  5 |  7 |  7 |  13|  7 |  13|  7 |  15|  17|  11|  12|  8 |  6 |  7 |  5 |  4 |  4 |  7 |  8 |  6 |  10|  7 |  7 |  7 |
 30|  5 |  3 |  7 |  8 |  10|  8 |  0 |  0 |  4 |  5 |  7 |  4 |  2 |  4 |  2 |  0 |  0 |  1 |  4 |  0 |  5 |  11|  7 |  15|
 31|  13|  9 |  14|  16|  16|  9 |  5 |  4 |  4 |  5 |  6 |  4 |  4 |  2 |  1 |  0 |  0 |  0 |  0 |  0 |  0 |  0 |  0 |  0 |
[Observer]Lockyer_Observatory
[Country]United Kingdom 
[City]Sidmouth
[Longitude]003°1307
[Latitude]050°4116
[Frequencies]
[Antenna]Quad Yagi
[Azimut Antenna]135
[Elevation Antenna]0
[Pre-Amplifier]None
[Receiver]ICOM IC-706 MKIIG
[Observing Method]HROFFT20dB Count Datas
[Remarks]winxp
