jul| 00h| 01h| 02h| 03h| 04h| 05h| 06h| 07h| 08h| 09h| 10h| 11h| 12h| 13h| 14h| 15h| 16h| 17h| 18h| 19h| 20h| 21h| 22h| 23h|
 01| 208| 205| 110| 159| 200| 203| 227| 153|  29|  53|  95|  78| 157| 127| 120| 125|  96|  97|  91| 103| 216| 354| 163| 404|
 02| 209| 151| 149| 131| 129| 133| 145| 168| 158|  47|  67|  28|  46|  39|  41|  75| 156| 134| 124| 132| 131| 148| 157| 194|
 03| 117|  49|  37|  36|  39|  64| 301| 287| 115| 305| 373| 391| 393| 405|  37|  21|  23|  33|  48|  54|  46|  80|  62|  73|
 04|  88|  77|  89|  89| 105|  94| 134|  98|  75|  75|  87|  71|  77|  77|  53|  53|  53|  49|  29|  45|  57|  62|  54|  60|
 05|  56|  70|  81|  99| 123| 123|  94| 100|  92|  63|  67|  93|  78|  75|  66|  75|  53|  51|  37|  43|  46|  53|  49|  63|
 06|  49|  71|  74|  91| 145| 176| 440| 128|  1 | 194|  90|  84|  87|  85|  63|  51|  52|  54|  40|  75|  73|  59|  76|  67|
 07|  76|  84|  76| 106| 110| 149| 128| 118|  68|  71|  69|  81|  69|  60|  69|  48|  44|  42|  33|  21|  20|  28|  25|  38|
 08|  49|  55|  48|  54|  42|  49|  49|  36|  57|  53|  48|  53|  79|  38|  44|  30|  51|  44|  41|  45|  54|  77|  61|  81|
 09|  94|  91| 108| 116| 126| 103| 122| 110| 127|  98| 117| 136| 112|  97|  55|  51|  30|  55|  50|  76|  79|  65|  62|  91|
 10|  77|  97| 118| 148| 144| 374|  94| 164| 198| 400| 405| 108|  82|  93|  80|  56|  64|  67|  66|  90|  83|  75|  62|  77|
 11|  95|  81|  98| 112| 137| 138| 143| 123| 108| 101|  95|  96|  90|  80|  66|  63|  59|  73|  46|  77|  58|  84|  60|  74|
 12|  86|  79| 109| 118| 152| 135| 135| 133|  79| 103| 116|  79|  84|  78|  74|  78|  63|  83|  68| 110|  76|  89|  77|  69|
 13|  81|  67|  93|  77| 116| 117| 139| 102| 106|  84|  90|  93|  57|  69|  64|  61|  64|  60|  64|  82|  64|  79|  64|  70|
 14|  70|  96|  93| 110| 104| 124| 123| 133|  83|  91|  88|  96|  83|  67|  74|  57|  51|  47|  46|  52|  59|  75|  55|  68|
 15|  80|  91|  90|  87| 101| 126| 137| 159| 101|  87|  84| 105|  89|  67|  65|  56|  62|  45|  29|  54|  54|  65|  70|  80|
 16|  81|  77|  85| 100|  72| 112| 108|  96|  77|  79|  91|  69|  78|  81|  70|  74|  73|  42|  39|  55|  57|  71|  42|  74|
 17|  61|  99|  71| 126| 412| 375| 315| 174| 114| 103| 105|  69|  95|  78|  67|  79|  62|  85|  70|  84|  86| 129| 183| 252|
 18| 258| 278| 335| 238| 126| 122|  29|  0 |  0 |  0 |  78|  77| 101|  90| 122| 102| 107|  71| 100| 182| 140| 166| 196| 189|
 19| 146| 195| 168| 142| 184| 188| 177| 138| 133| 139| 105| 102|  84|  98|  98| 109|  98| 113| 132| 151| 152| 131| 206| 135|
 20| 150| 131| 139|  95| 114| 151| 157| 141| 165| 131| 131|  83|  93| 108|  78|  77|  65|  84| 101| 137| 170| 206| 190| 231|
 21| 260| 204| 241| 203| 149| 172| 162| 171| 475| 265| 185| 179| 238| 207| 268| 291| 322|  93|  91|  72|  80| 108|  76| 114|
 22| 117| 119| 134| 121| 115|  87|  81|  84|  81| 101|  70|  71|  56|  58|  85|  38|  35|  62|  84|  83|  84|  92|  86| 122|
 23| 128| 146| 130| 124| 142| 163| 174| 133|  98| 120|  96| 112|  96|  82|  89|  96|  83|  91| 109|  94|  82| 104|  85| 117|
 24| 118| 127| 138| 130| 156| 131| 172| 168| 115| 131| 126| 117|  96| 115| 110| 111|  96| 135|  89| 101|  87| 128| 147| 119|
 25| 140| 123| 166| 173| 192| 189| 186| 173| 136| 127| 137| 113| 108|  89|  90|  89|  83|  58|  66| 100| 109|  89|  99|  96|
 26| 127| 165| 153| 176| 153| 148| 188| 164| 139| 128| 117| 100|  97| 100|  90|  78|  78| 122| 107| 104| 118|  89|  83| 133|
 27| 141| 144| 152| 165| 193| 151| 166| 160| 141| 129|  95| 112|  91|  96|  98|  78|  85|  69|  49|  85|  63|  68|  76|  96|
 28| 112| 114|  92|  97| 111|  90|  77|  65|  73|  70|  89|  89|  63|  69|  80|  71|  70|  76|  58|  79|  74|  73|  60| 108|
 29| 129| 133| 137| 132| 152| 149| 161| 107|  94|  95| 102| 100|  97|  86|  76|  75|  65|  47|  71|  63|  79|  92| 107| 109|
 30| 137| 135| 128| 139| 148| 136| 132| 103|  95|  69|  67|  74|  98|  70|  67|  66|  63|  48|  67|  68|  78|  72|  89| 113|
 31| 105| 110| 152| 129| 130| 146| 145|  72|  94|  74|  85| 100| 165|  95|  56|  84|  66|  56|  71|  91|  53|  90|  66| 108|
[Observer]Lockyer_Observatory
[Country]United Kingdom 
[City]Sidmouth
[Longitude]003°1307
[Latitude]050°4116
[Frequencies]
[Antenna]Quad Yagi
[Azimut Antenna]135
[Elevation Antenna]0
[Pre-Amplifier]None
[Receiver]ICOM IC-706 MKIIG
[Observing Method]HROFFT10dB Count Datas
[Remarks]WinXP
