may| 00h| 01h| 02h| 03h| 04h| 05h| 06h| 07h| 08h| 09h| 10h| 11h| 12h| 13h| 14h| 15h| 16h| 17h| 18h| 19h| 20h| 21h| 22h| 23h|
 01|  7 |  9 |  5 |  6 |  1 |  9 |  4 |  5 |  6 |  3 |  3 |  5 |  6 |  3 |  5 |  4 |  3 |  0 |  2 |  1 |  1 |  0 |  1 |  3 |
 02|  1 |  3 |  1 |  3 |  7 |  5 |  6 |  0 |  6 |  5 |  1 |  3 |  2 |  2 |  0 |  2 |  0 |  0 |  0 |  0 |  5 |  0 |  0 |  0 |
 03|  0 |  0 |  0 |  0 |  0 |  0 |  0 |  1 |  4 |  3 |  6 |  2 |  1 |  5 |  5 |  1 |  2 |  2 |  3 |  3 |  1 |  1 |  2 |  4 |
 04|  7 |  7 |  7 |  2 |  15|  9 |  9 |  9 |  8 |  9 |  8 |  7 |  3 |  4 |  6 |  6 |  1 |  0 |  2 |  1 |  0 |  3 |  2 |  2 |
 05|  3 |  5 |  2 |  2 |  3 |  3 |  3 |  4 |  13|  7 |  2 |  7 |  5 |  5 |  2 |  2 |  4 |  0 |  2 |  2 |  3 |  3 |  2 |  2 |
 06|  1 |  2 |  5 |  3 |  6 |  9 |  12|  8 |  5 |  2 |  3 |  1 |  4 |  3 |  4 |  2 |  0 |  1 |  1 |  1 |  2 |  0 |  1 |  3 |
 07|  0 |  0 |  2 |  1 |  2 |  7 |  6 |  9 |  2 |  2 |  3 |  0 |  3 |  1 |  3 |  4 |  2 |  1 |  3 |  2 |  2 |  1 |  4 |  2 |
 08|  0 |  5 |  1 |  8 |  6 |  10|  8 |  6 |  3 |  2 |  6 |  3 |  2 |  1 |  5 |  2 |  4 |  1 |  0 |  2 |  2 |  3 |  2 |  0 |
 09|  1 |  1 |  4 |  3 |  4 |  3 |  8 |  5 |  4 |  1 |  1 |  1 |  0 |  1 |  2 |  2 |  0 |  0 |  0 |  0 |  0 |  0 |  0 |  0 |
 10|  0 |  1 |  1 |  6 |  5 |  6 |  9 |  8 |  5 |  0 |  0 |  2 |  2 |  6 |  2 |  3 |  1 |  3 |  5 |  2 |  1 |  4 |  1 |  2 |
 11|  4 |  4 |  5 |  2 |  3 |  3 |  5 |  7 |  6 |  3 |  3 |  3 |  4 |  1 |  1 |  1 |  2 |  6 |  0 |  1 |  3 |  2 |  2 |  4 |
 12|  2 |  1 |  3 |  2 |  3 |  5 |  3 |  5 |  2 |  1 |  2 |  3 |  0 |  2 |  3 |  1 |  1 |  1 |  0 |  1 |  0 |  0 |  2 |  2 |
 13|  1 |  2 |  4 |  6 |  9 |  4 |  6 |  2 |  2 |  6 |  3 |  1 |  4 |  4 |  2 |  1 |  4 |  2 |  0 |  1 |  1 |  3 |  2 |  1 |
 14|  2 |  1 |  3 |  2 |  4 |  3 |  4 |  2 |  4 |  4 |  5 |  4 |  7 |  4 |  6 |  4 |  0 |  1 |  1 |  2 |  0 |  0 |  1 |  4 |
 15|  2 |  2 |  3 |  4 |  5 |  3 |  2 |  2 |  0 |  3 |  1 |  4 |  5 |  4 |  4 |  0 |  0 |  1 |  2 |  1 |  2 |  2 |  2 |  1 |
 16|  1 |  1 |  1 |  2 |  2 |  2 |  1 |  2 |  1 |  1 |  0 |  0 |  0 |  0 |  0 |  0 |  0 |  0 |  0 |  0 |  0 |  0 |  0 |  0 |
 17|??? |??? |??? |??? |??? |??? |??? |??? |??? |??? |??? |??? |??? |??? |??? |??? |??? |??? |??? |??? |??? |??? |??? |??? |
 18|??? |??? |??? |??? |??? |??? |??? |??? |??? |??? |??? |??? |??? |??? |??? |??? |??? |??? |??? |??? |??? |??? |??? |??? |
 19|??? |??? |??? |??? |??? |??? |??? |??? |??? |??? |??? |??? |??? |??? |??? |??? |??? |??? |??? |??? |??? |??? |??? |??? |
 20|??? |??? |??? |??? |??? |??? |??? |??? |??? |??? |??? |??? |??? |??? |??? |??? |??? |??? |??? |??? |??? |??? |??? |??? |
 21|??? |??? |??? |??? |??? |??? |??? |??? |??? |??? |??? |??? |??? |??? |??? |??? |??? |??? |??? |??? |??? |??? |??? |??? |
 22|  0 |  0 |  0 |  0 |  0 |  0 |  0 |  0 |  0 |  0 |  0 |  0 |  0 |  2 |  2 |  1 |  0 |  3 |  2 |  2 |  1 |  0 |  0 |  2 |
 23|  3 |  2 |  5 |  4 |  3 |  4 |  4 |  4 |  3 |  3 |  5 |  3 |  3 |  3 |  6 |  3 |  3 |  3 |  1 |  5 |  2 |  1 |  4 |  3 |
 24|  0 |  2 |  0 |  5 |  1 |  2 |  3 |  2 |  3 |  2 |  3 |  1 |  2 |  3 |  3 |  3 |  4 |  1 |  0 |  1 |  0 |  2 |  3 |  2 |
 25|  1 |  1 |  2 |  2 |  3 |  7 |  1 |  7 |  2 |  2 |  3 |  4 |  2 |  1 |  2 |  2 |  2 |  5 |  2 |  2 |  3 |  2 |  3 |  3 |
 26|  6 |  0 |  1 |  1 |  4 |  3 |  6 |  1 |  0 |  0 |  2 |  3 |  1 |  4 |  5 |  0 |  3 |  3 |  1 |  2 |  3 |  2 |  1 |  2 |
 27|  3 |  2 |  3 |  6 |  4 |  6 |  4 |  2 |  4 |  2 |  3 |  2 |  2 |  2 |  3 |  3 |  4 |  4 |  1 |  1 |  2 |  0 |  1 |  1 |
 28|  1 |  3 |  2 |  0 |  6 |  2 |  3 |  0 |  0 |  0 |  2 |  2 |  1 |  5 |  6 |  6 |  0 |  3 |  0 |  3 |  4 |  4 |  0 |  0 |
 29|  1 |  0 |  0 |  1 |  3 |  4 |  7 |  5 |  3 |  2 |  3 |  2 |  6 |  2 |  3 |  1 |  3 |  2 |  2 |  3 |  0 |  0 |  1 |  1 |
 30|  1 |  0 |  2 |  2 |  4 |  1 |  1 |  1 |  4 |  2 |  3 |  1 |  1 |  4 |  1 |  0 |  0 |  0 |  0 |  0 |  0 |  0 |  0 |  0 |
 31|  0 |  1 |  2 |  3 |  4 |  1 |  1 |  3 |  1 |  4 |  4 |  4 |  2 |  2 |  2 |  4 |  0 |  1 |  1 |  0 |  0 |  2 |  3 |  1 |
[Observer]Lockyer_Observatory
[Country]United Kingdom 
[City]Sidmouth
[Longitude]003°1307
[Latitude]050°4116
[Frequencies]
[Antenna]Quad Yagi
[Azimut Antenna]135
[Elevation Antenna]0
[Pre-Amplifier]None
[Receiver]ICOM IC-706 MKIIG
[Observing Method]HROFFT30dB Count Datas
[Remarks]winxp
