jul| 00h| 01h| 02h| 03h| 04h| 05h| 06h| 07h| 08h| 09h| 10h| 11h| 12h| 13h| 14h| 15h| 16h| 17h| 18h| 19h| 20h| 21h| 22h| 23h|
 01| 225| 224| 114| 175| 221| 294| 262| 167|  32|  62| 141| 103| 172| 146| 127| 131|  99| 100|  94| 106| 246| 401| 175| 491|
 02| 227| 166| 154| 140| 137| 151| 152| 209| 177|  61|  91|  34|  54|  51|  52|  86| 162| 148| 135| 143| 136| 170| 168| 205|
 03| 129|  53|  41|  42|  50|  82| 476| 451| 122| 362| 457| 468| 464| 492|  45|  23|  30|  38|  69|  60|  54|  99|  67|  87|
 04|  94|  96| 108| 106| 121| 108| 171| 137| 110|  94| 107|  96|  92|  92|  62|  58|  60|  56|  31|  49|  61|  79|  62|  65|
 05|  61|  81| 111| 134| 165| 150| 115| 133| 116|  78|  94| 122| 108|  86|  78|  91|  55|  61|  45|  48|  52|  59|  54|  68|
 06|  56|  76|  80| 104| 173| 214|1553| 377|  1 | 296| 114| 109| 109|  94|  73|  62|  61|  57|  44|  90|  91|  67|  86|  73|
 07|  84|  97| 104| 131| 157| 205| 172| 151|  91|  87|  73|  93|  82|  72|  88|  63|  51|  47|  38|  23|  22|  30|  37|  46|
 08|  66|  65|  53|  75|  51|  62|  70|  38|  76|  70|  63|  57|  95|  40|  50|  35|  58|  46|  44|  46|  56|  84|  64|  85|
 09| 117|  94| 122| 135| 148| 124| 146| 128| 156| 110| 135| 160| 134| 109|  60|  57|  33|  68|  51|  88|  92|  77|  67| 106|
 10|  93| 112| 149| 183| 167|2003|3354|3344|3302|2093| 665| 120|  88| 122|  92|  70|  78|  77|  87| 115| 102|  83|  69|  87|
 11| 116|  88| 118| 129| 197| 189| 209| 159| 154| 116| 116| 112| 133|  92|  83|  71| 106|  85|  51|  93|  64|  91|  67|  82|
 12| 100|  95| 127| 131| 186| 180| 186| 179|  95| 137| 158| 101|  93|  96|  91|  92|  64| 108|  81| 128|  95| 113|  91|  77|
 13|  86|  81| 116|  81| 156| 138| 179| 134| 140| 115| 115| 125|  66|  75|  89|  64|  82|  66|  71| 111|  71|  88|  73|  78|
 14|  74| 113| 107| 131| 117| 153| 186| 161| 104| 100| 113| 114|  95|  74|  89|  68|  61|  53|  55|  56|  63| 102|  59|  79|
 15|  86| 108| 103| 111| 143| 144| 168| 234| 173|  97| 104| 131| 120|  74|  74|  62|  72|  48|  33|  64|  57|  75|  78|  97|
 16| 109| 100| 114| 117|  86| 147| 122| 139|  90|  87| 102|  94|  92|  91|  78|  89|  79|  44|  46|  60|  63|  78|  48|  83|
 17|  76| 108|  90| 256|2042|2095| 997| 200| 155| 118| 142|  74| 117|  96|  76|  87|  72|  92|  78| 100|  98| 142| 210| 300|
 18| 291| 319| 385| 280| 150| 154|  44|  0 |  0 |  0 |  91|  95| 121| 114| 153| 124| 122|  79| 120| 233| 172| 184| 215| 214|
 19| 165| 209| 191| 191| 240| 285| 222| 184| 183| 182| 121| 116| 104| 123| 117| 129| 118| 126| 157| 162| 169| 143| 235| 148|
 20| 158| 153| 210| 111| 137| 200| 200| 202| 218| 176| 150| 118| 118| 129|  89|  96|  74|  97| 115| 168| 211| 239| 215| 255|
 21| 307| 232| 286| 256| 170| 227| 205| 228| 914| 509| 232| 211| 268| 232| 327| 339| 395| 101| 108|  75|  87| 114|  86| 153|
 22| 142| 146| 158| 159| 127| 104|  99| 110| 104| 133|  77|  79|  61|  73|  92|  41|  38|  70|  98|  96|  93| 107|  94| 136|
 23| 142| 164| 150| 144| 162| 215| 204| 161| 113| 147| 125| 133| 115| 103| 106| 117|  90| 106| 129| 110|  94| 120| 111| 130|
 24| 152| 144| 172| 174| 200| 171| 267| 227| 138| 165| 163| 157| 108| 146| 134| 135| 105| 166|  94| 119| 103| 146| 181| 143|
 25| 159| 148| 214| 223| 267| 252| 246| 223| 195| 151| 176| 152| 126| 135| 108| 108|  90|  63|  89| 120| 131|  99| 121| 114|
 26| 181| 194| 198| 233| 202| 217| 272| 213| 218| 193| 147| 181| 126| 114| 107|  93|  96| 141| 132| 125| 138| 100|  95| 157|
 27| 150| 176| 193| 178| 250| 176| 197| 201| 201| 175| 120| 134|  98| 114| 113|  84| 110|  75|  54| 100|  84|  75|  86| 120|
 28| 164| 173| 127| 120| 139| 119|  90|  97| 115|  87| 101| 116|  86|  78|  94|  75|  79|  89|  68|  94|  82| 103|  68| 121|
 29| 148| 166| 163| 176| 198| 208| 195| 133| 108| 107| 117| 108| 115| 106| 107|  98|  73|  54|  79|  75|  99| 125| 127| 133|
 30| 179| 177| 151| 172| 186| 229| 173| 123| 115|  83|  73|  97| 114|  83|  85|  72|  72|  55|  80|  76|  84|  76| 106| 148|
 31| 133| 166| 226| 178| 188| 211| 197| 111| 122|  78|  96| 117| 214| 106|  60| 118|  87|  66|  89| 148|  62| 106|  84| 138|
[Observer]Lockyer_Observatory
[Country]United Kingdom 
[City]Sidmouth
[Longitude]003°1307
[Latitude]050°4116
[Frequencies]
[Antenna]Quad Yagi
[Azimut Antenna]135
[Elevation Antenna]0
[Pre-Amplifier]None
[Receiver]ICOM IC-706 MKIIG
[Observing Method]HROFFT10dB Length Datas
[Remarks]WinXP
