may| 00h| 01h| 02h| 03h| 04h| 05h| 06h| 07h| 08h| 09h| 10h| 11h| 12h| 13h| 14h| 15h| 16h| 17h| 18h| 19h| 20h| 21h| 22h| 23h|
 01|  22|  29|  28|  25|  24|  53|  28|  37|  37|  24|  28|  26|  23|  17|  20|  13|  13|  8 |  8 |  9 |  12|  5 |  13|  15|
 02|  13|  9 |  7 |  10|  26|  17|  18|  11|  14|  43|  7 |  11|  10|  16|  6 |  14|  6 |  5 |  0 |  0 | 108|  0 |  0 |  0 |
 03|  0 |  0 |  0 |  0 |  0 |  0 |  0 |  4 |  19|  21|  49|  21|  14|  13|  20|  11|  9 |  13|  9 |  9 |  12|  6 |  17|  18|
 04|  30|  19|  20|  17|  73|  76|  48|  37|  75|  52|  49|  20|  22|  29|  21|  25|  14|  9 |  8 |  9 |  4 |  15|  9 |  13|
 05|  16|  27|  13|  34|  18|  14|  28|  31|  59|  34|  14|  44|  18|  26|  14|  18|  16|  5 |  20|  8 |  10|  15|  13|  15|
 06|  7 |  11|  22|  11|  39|  48|  98|  36|  21|  14|  17|  10|  19|  12|  14|  8 |  7 |  7 |  9 |  5 |  7 |  6 |  6 |  6 |
 07|  11|  15|  11|  13|  17|  45|  40|  40|  18|  12|  10|  6 |  17|  9 |  29|  35|  19|  10|  14|  8 |  11|  13|  11|  30|
 08|  17|  20|  18|  29|  28|  37|  36|  43|  25|  32|  36|  26|  15|  12|  16|  17|  15|  12|  17|  12|  13|  17|  12|  11|
 09|  12|  8 |  13|  16|  13|  28|  29|  21|  18|  17|  20|  6 |  8 |  6 |  63|  8 |  0 |  0 |  0 |  0 |  0 |  0 |  0 |  0 |
 10|  0 |  3 |  11|  21|  24|  37|  46|  35|  33|  5 |  0 |  13|  18|  22|  20|  11|  9 |  11|  12|  6 |  7 |  17|  14|  18|
 11|  23|  21|  20|  23|  20|  36|  24|  26|  25|  18|  14|  16|  24|  6 |  14|  10|  6 |  13|  6 |  11|  14|  17|  8 |  20|
 12|  8 |  6 |  16|  9 |  13|  31|  25|  25|  10|  8 |  11|  9 |  7 |  11|  9 |  4 |  11|  5 |  5 |  7 |  3 |  20|  15|  8 |
 13|  11|  18|  21|  24|  57|  28|  32|  15|  19|  24|  21|  24|  18|  24|  11|  22|  19|  7 |  4 |  3 |  7 |  16|  15|  10|
 14|  5 |  14|  18|  6 |  25|  20|  19|  13|  18|  27|  25|  31|  28|  33|  23|  15|  2 |  6 |  5 |  6 |  6 |  6 |  4 |  11|
 15|  13|  12|  28|  13|  26|  16|  15|  21|  18|  18|  21|  29|  17|  18|  22|  8 |  4 |  11|  8 |  7 |  7 |  12|  6 |  9 |
 16|  1 |  12|  10|  13|  15|  15|  19|  17|  15|  12|  0 |  0 |  0 |  0 |  0 |  0 |  0 |  0 |  0 |  0 |  0 |  0 |  0 |  0 |
 17|??? |??? |??? |??? |??? |??? |??? |??? |??? |??? |??? |??? |??? |??? |??? |??? |??? |??? |??? |??? |??? |??? |??? |??? |
 18|??? |??? |??? |??? |??? |??? |??? |??? |??? |??? |??? |??? |??? |??? |??? |??? |??? |??? |??? |??? |??? |??? |??? |??? |
 19|??? |??? |??? |??? |??? |??? |??? |??? |??? |??? |??? |??? |??? |??? |??? |??? |??? |??? |??? |??? |??? |??? |??? |??? |
 20|??? |??? |??? |??? |??? |??? |??? |??? |??? |??? |??? |??? |??? |??? |??? |??? |??? |??? |??? |??? |??? |??? |??? |??? |
 21|??? |??? |??? |??? |??? |??? |??? |??? |??? |??? |??? |??? |??? |??? |??? |??? |??? |??? |??? |??? |??? |??? |??? |??? |
 22|  0 |  0 |  0 |  0 |  0 |  0 |  0 |  0 |  0 |  0 |  0 |  0 |  5 |  18|  19|  7 |  4 |  11|  18|  10|  9 |  10|  8 |  5 |
 23|  11|  21|  16|  15|  23|  18|  21|  17|  18|  29|  21|  11|  13|  22|  25|  13|  11|  12|  3 |  21|  6 |  10|  14|  13|
 24|  10|  8 |  13|  17|  20|  28|  20|  12|  15|  22|  25|  25|  28|  20|  23|  19|  8 |  9 |  2 |  7 |  7 |  5 |  17|  15|
 25|  10|  10|  15|  13|  16|  31|  24|  31|  20|  17|  19|  19|  13|  15|  11|  11|  15|  19|  9 |  8 |  13|  13|  10|  15|
 26|  23|  9 |  10|  13|  27|  25|  26|  20|  17|  13|  17|  19|  11|  17|  11|  13|  15|  15|  8 |  8 |  30|  9 |  11|  15|
 27|  15|  15|  17|  26|  24|  25|  17|  11|  20|  14|  18|  21|  17|  18|  20|  13|  19|  13|  9 |  4 |  12|  5 |  15|  3 |
 28|  9 |  14|  15|  13|  15|  23|  21|  1 |  0 |  0 |  10|  12|  16|  22|  16|  23|  11|  12|  7 |  13|  11|  15|  11|  2 |
 29|  11|  13|  5 |  11|  20|  16|  28|  22|  17|  17|  19|  12|  37|  23|  20|  13|  10|  4 |  7 |  6 |  5 |  2 |  4 |  8 |
 30|  7 |  16|  10|  14|  21|  15|  20|  7 |  11|  12|  12|  17|  19|  12|  10|  0 |  0 |  0 |  0 |  0 |  0 |  0 |  0 |  1 |
 31|  8 |  10|  9 |  20|  21|  8 |  15|  24|  17|  17|  27|  31|  20|  24|  17|  10|  6 |  6 |  7 |  4 |  3 |  9 |  11|  5 |
[Observer]Lockyer_Observatory
[Country]United Kingdom 
[City]Sidmouth
[Longitude]003°1307
[Latitude]050°4116
[Frequencies]
[Antenna]Quad Yagi
[Azimut Antenna]135
[Elevation Antenna]0
[Pre-Amplifier]None
[Receiver]ICOM IC-706 MKIIG
[Observing Method]HROFFT20dB Length Datas
[Remarks]winxp
