jun| 00h| 01h| 02h| 03h| 04h| 05h| 06h| 07h| 08h| 09h| 10h| 11h| 12h| 13h| 14h| 15h| 16h| 17h| 18h| 19h| 20h| 21h| 22h| 23h|
 01|  0 |  0 |  0 |  0 |  0 |  0 |  0 |  0 |  0 |  0 |  0 |  0 |  0 |  0 |  0 |  0 |  0 |  0 |  0 |  0 |  0 |  0 |  0 |  1 |
 02|  1 |  1 |  0 |  0 |  0 |  2 |  3 |  3 |  0 |  2 |  1 |  0 |  2 |  1 |  1 |  0 |  2 |  1 |  0 |  0 |  0 |  0 |  1 |  1 |
 03|  2 |  0 |  1 |  7 |  0 |  0 |  0 |  3 |  1 |  3 |  4 |  4 |  4 |  1 |  0 |  3 |  11|  3 |  5 |  8 |  3 |  1 |  8 |  8 |
 04|  14|  8 |  7 |  9 |  19|  23|  19| 492|1287| 644|  9 |  11|  7 |  16|  23|  8 |  3 |  5 |  4 |  0 |  8 |  5 |  4 |  7 |
 05|  8 |  4 |  7 |  4 |  21|  15|  14|  8 |  9 |  15|  15|  23|  15|  11|  12|  6 |  8 |  5 |  1 |  2 |  2 |  3 |  3 |  9 |
 06|  3 |  4 |  5 |  2 |  44|  13|  3 |  4 |  4 |  6 |  14|  18|  17|  9 |  22|  7 |  1 |  0 |  3 |  8 |  0 |  4 |  4 |  8 |
 07|  6 |  5 |  8 |  28|  12|  46|  25|  14|  4 |  6 |  17|  9 |  17|  9 |  16|  11|  10|  4 |  3 |  3 |  4 |  1 |  6 |  2 |
 08|  6 |  7 |  11|  12|  35|  29|  8 |  9 |  10|  7 |  14|  24|  22|  7 |  7 |  13|  3 |  4 |  2 |  1 |  1 |  5 |  5 |  6 |
 09|  8 |  6 |  5 |  14|  21|  31|  25|  24|  3 |  7 |  22|  22|  18|  21|  15|  12|  14|  12|  2 |  7 |  6 |  2 |  4 |  5 |
 10|  3 |  6 |  6 |  11|  18|  50|  20|  11|  5 |  7 |  11|  14|  11|  20|  12|  11|  5 |  4 |  4 |  1 |  8 |  5 |  4 |  4 |
 11|  3 |  4 |  2 |  6 |  15|  13|  10|  2 |  3 |  23|  20|  19|  10|  15|  18|  11|  3 |  2 |  2 |  1 |  0 |  0 |  3 |  7 |
 12|  2 |  4 |  4 |  2 |  6 |  9 |  2 |  6 |  3 |  10|  13|  10|  11|  8 |  7 |  8 |  11|  1 |  2 |  0 |  3 |  1 |  1 |  4 |
 13|  2 |  5 |  5 |  11|  24|  20|  14|  1 |  9 |  27|  14|  7 |  18|  15|  12|  6 |  10|  6 |  6 |  3 |  6 |  2 |  3 |  2 |
 14|  1 |  3 |  2 |  17|  16|  37|  8 |  4 |  6 |  4 |  8 |  13|  11|  4 |  16|  10|  14|  2 |  2 |  4 |  2 |  0 |  1 |  2 |
 15|  4 |  5 |  4 |  6 |  14|  13|  9 |  6 |  4 |  3 |  5 |  6 |  13|  9 |  7 |  4 |  5 |  5 |  3 |  0 |  5 |  6 |  4 |  4 |
 16|  5 |  1 |  5 |  8 |  17|  20|  10|  3 |  5 |  2 |  4 |  6 |  8 |  11|  6 |  6 |  1 |  8 |  2 |  5 |  2 |  7 |  6 |  3 |
 17|  1 |  4 |  12|  10|  13|  9 |  10|  10|  11|  7 |  14|  8 |  5 |  11|  9 |  7 |  12|  6 |  2 |  4 |  0 |  6 |  1 |  5 |
 18|  5 |  3 |  4 |  5 |  3 |  10|  18|  8 |  5 |  11|  9 |  6 |  7 |  6 |  12|  4 |  7 |  3 |  7 |  2 |  3 |  1 |  1 |  5 |
 19|  7 |  3 |  5 |  6 |  12|  11|  17|  4 |  3 |  6 |  5 |  14|  5 |  12|  12|  5 |  2 |  3 |  2 |  3 |  0 |  4 |  1 |  3 |
 20|  1 |  2 |  1 |  5 |  11|  19|  4 |  4 |  2 |  9 |  7 |  5 |  4 |  11|  6 |  6 |  5 |  7 |  3 |  5 |  5 |  2 |  3 |  4 |
 21|  8 |  7 |  7 |  21|  11|  16|  8 |  5 |  2 |  2 |  8 |  14|  9 |  18|  6 |  7 |  4 |  10|  0 |  5 |  3 |  3 |  3 |  2 |
 22|  1 |  5 |  2 |  12|  13|  19|  3 |  5 |  5 |  5 |  17|  11|  12|  4 |  3 |  5 |  1 |  4 |  2 |  0 |  2 |  4 |  1 |  0 |
 23|  4 |  1 |  2 |  1 |  2 |  10|  4 |  5 |  6 |  3 |  9 |  8 |  7 |  7 |  2 |  2 |  0 |  1 |  0 |  2 |  2 |  0 |  4 |  2 |
 24|  1 |  3 |  3 |  6 |  6 |  7 |  5 |  2 |  7 |  3 |  10|  11|  3 |  2 |  0 |  1 |  7 |  10|  1 |  3 |  4 |  1 |  0 |  4 |
 25|  3 |  7 |  2 |  4 |  19|  5 |  11|  6 |  3 |  4 |  5 |  2 |  9 |  9 |  2 |  8 |  8 |  1 |  3 |  4 |  1 |  2 |  3 |  0 |
 26|  2 |  1 |  2 |  3 |  7 |  10|  8 |  6 |  5 |  7 |  5 |  6 |  6 |  4 |  3 |  11|  2 |  1 |  3 |  2 |  1 |  5 |  2 |  1 |
 27|  4 |  9 |  6 |  13|  1 |  12|  15|  7 |  5 |  4 |  7 |  5 |  4 |  5 |  2 |  4 |  3 |  0 |  2 |  0 |  2 |  4 |  5 |  6 |
 28|  5 |  4 |  2 |  7 |  5 |  7 |  5 |  12|  7 |  5 |  11|  3 |  5 |  10|  2 |  5 |  1 |  3 |  5 |  1 |  3 |  1 |  7 |  0 |
 29|  1 |  3 |  3 |  15|  10|  5 |  5 |  6 |  3 |  5 |  3 |  3 |  12|  5 |  2 |  6 |  6 |  5 |  3 |  4 |  0 |  9 |  0 |  3 |
 30|  4 |  7 |  1 |  8 | 138|  19|  70|  12|  79|  3 |  1 |  12|  7 |  4 |  4 |  2 |  4 |  0 |  1 |  0 |  1 |  2 |  3 |  2 |
 31|??? |??? |??? |??? |??? |??? |??? |??? |??? |??? |??? |??? |??? |??? |??? |??? |??? |??? |??? |??? |??? |??? |??? |??? |
[Observer]Lockyer_Observatory
[Country]United Kingdom 
[City]Sidmouth
[Longitude]003°1307
[Latitude]050°4116
[Frequencies]
[Antenna]Quad Yagi
[Azimut Antenna]135
[Elevation Antenna]0
[Pre-Amplifier]None
[Receiver]ICOM IC-706 MKIIG
[Observing Method]HROFFT30dB Length Datas
[Remarks]winxp
