jul| 00h| 01h| 02h| 03h| 04h| 05h| 06h| 07h| 08h| 09h| 10h| 11h| 12h| 13h| 14h| 15h| 16h| 17h| 18h| 19h| 20h| 21h| 22h| 23h|
 01|  2 |  8 |  4 |  6 |  10|  51|  14|  9 |  2 |  9 |  25|  26|  9 |  22|  7 |  4 |  1 |  0 |  0 |  1 |  0 |  1 |  3 |  3 |
 02|  2 |  6 |  2 |  2 |  4 |  7 |  6 |  5 |  11|  16|  27|  4 |  14|  9 |  15|  13|  2 |  3 |  1 |  2 |  1 |  6 |  0 |  3 |
 03|  11|  8 |  8 |  12|  5 |  14|  4 |  16|  6 |  15|  10|  17|  19|  14|  15|  6 |  6 |  14|  25|  8 |  9 |  9 |  6 |  18|
 04|  10|  13|  24|  19|  16|  31|  35|  30|  30|  11|  28|  24|  14|  21|  17|  11|  10|  11|  5 |  8 |  8 |  19|  9 |  10|
 05|  12|  24|  12|  7 |  33|  18|  22|  12|  13|  19|  16|  21|  29|  13|  6 |  18|  7 |  10|  9 |  6 |  11|  11|  14|  8 |
 06|  8 |  10|  18|  20|  21|  31|  42|  12|  0 |  30|  24|  21|  16|  20|  16|  11|  8 |  14|  6 |  16|  24|  7 |  13|  13|
 07|  18|  22|  17|  27|  18|  26|  29|  16|  18|  14|  11|  18|  13|  11|  16|  17|  12|  9 |  1 |  5 |  6 |  5 |  10|  7 |
 08|  16|  14|  6 |  23|  12|  17|  14|  5 |  19|  18|  17|  8 |  17|  8 |  13|  3 |  9 |  8 |  3 |  2 |  3 |  7 |  6 |  5 |
 09|  9 |  13|  16|  10|  16|  12|  18|  8 |  11|  6 |  11|  28|  14|  11|  7 |  9 |  5 |  14|  2 |  17|  19|  13|  8 |  23|
 10|  32|  26|  22|  31|  33| 470|1530|1394|1258| 433|  19|  10|  18|  40|  19|  22|  14|  11|  18|  12|  19|  11|  8 |  16|
 11|  25|  23|  27|  23|  42|  41|  34|  23|  23|  18|  15|  15|  43|  16|  18|  18|  59|  14|  15|  9 |  7 |  11|  9 |  16|
 12|  22|  25|  22|  26|  26|  27|  19|  33|  14|  25|  23|  21|  14|  12|  16|  13|  8 |  35|  15|  15|  11|  14|  19|  15|
 13|  13|  16|  20|  18|  38|  25|  30|  16|  19|  11|  25|  15|  16|  14|  22|  8 |  15|  11|  8 |  18|  11|  8 |  11|  10|
 14|  6 |  27|  18|  31|  22|  19|  36|  17|  15|  16|  30|  22|  15|  17|  19|  11|  11|  12|  11|  13|  9 |  24|  9 |  17|
 15|  17|  29|  23|  30|  32|  27|  30|  50|  66|  10|  18|  25|  21|  12|  12|  11|  16|  6 |  7 |  9 |  12|  11|  13|  25|
 16|  27|  18|  27|  19|  20|  32|  20|  31|  15|  8 |  17|  25|  17|  15|  13|  13|  11|  7 |  6 |  12|  17|  9 |  11|  25|
 17|  20|  17|  26|  19| 312|  90|  33|  18|  20|  20|  27|  6 |  25|  13|  14|  8 |  19|  22|  17|  13|  11|  10|  11|  30|
 18|  24|  29|  12|  30|  30|  26|  8 |  0 |  0 |  0 |  13|  22|  7 |  18|  12|  16|  17|  12|  18|  14|  17|  16|  16|  29|
 19|  16|  26|  23|  31|  30|  24|  18|  34|  25|  14|  13|  12|  19|  16|  24|  15|  17|  17|  14|  13|  19|  14|  20|  18|
 20|  25|  23|  70|  22|  21|  41|  30|  27|  25|  26|  15|  7 |  23|  20|  18|  17|  15|  15|  10|  11|  12|  16|  19|  9 |
 21|  23|  21|  23|  14|  13|  23|  24|  19|  15|  12|  20|  14|  15|  9 |  18|  16|  10|  10|  17|  7 |  8 |  7 |  4 |  35|
 22|  14|  16|  30|  27|  17|  19|  17|  6 |  22|  19|  9 |  12|  4 |  20|  8 |  5 |  8 |  14|  22|  15|  16|  30|  14|  29|
 23|  19|  36|  27|  30|  14|  60|  35|  30|  27|  28|  29|  17|  22|  23|  17|  22|  17|  23|  28|  11|  20|  20|  36|  33|
 24|  32|  40|  31|  44|  38|  30|  66|  38|  20|  25|  30|  33|  9 |  22|  20|  21|  10|  28|  15|  25|  22|  16|  39|  21|
 25|  30|  42|  37|  49|  49|  55|  41|  50|  27|  26|  26|  25|  27|  42|  19|  22|  20|  18|  8 |  16|  11|  22|  27|  27|
 26|  56|  51|  57|  41|  53|  50|  49|  35|  40|  37|  21|  42|  35|  18|  15|  15|  27|  23|  21|  17|  21|  14|  28|  40|
 27|  46|  43|  58|  49|  42|  37|  25|  27|  17|  11|  26|  22|  12|  19|  11|  15|  20|  10|  4 |  13|  16|  8 |  13|  26|
 28|  41|  53|  27|  27|  32|  26|  14|  20|  33|  8 |  13|  10|  24|  10|  16|  13|  16|  18|  17|  21|  6 |  25|  14|  26|
 29|  42|  42|  31|  32|  41|  28|  17|  9 |  9 |  10|  8 |  12|  22|  20|  30|  15|  9 |  13|  15|  14|  21|  25|  26|  33|
 30|  52|  37|  26|  42|  39|  71|  30|  17|  19|  12|  11|  29|  12|  13|  17|  20|  16|  9 |  14|  18|  13|  8 |  19|  32|
 31|  23|  56|  75|  44|  56|  37|  41|  22|  21|  6 |  6 |  10|  14|  10|  7 |  27|  10|  9 |  20|  32|  15|  12|  17|  31|
[Observer]Lockyer_Observatory
[Country]United Kingdom 
[City]Sidmouth
[Longitude]003°1307
[Latitude]050°4116
[Frequencies]
[Antenna]Quad Yagi
[Azimut Antenna]135
[Elevation Antenna]0
[Pre-Amplifier]None
[Receiver]ICOM IC-706 MKIIG
[Observing Method]HROFFT20dB Length Datas
[Remarks]WinXP
