mar| 00h| 01h| 02h| 03h| 04h| 05h| 06h| 07h| 08h| 09h| 10h| 11h| 12h| 13h| 14h| 15h| 16h| 17h| 18h| 19h| 20h| 21h| 22h| 23h|
 01|  27|  24|  24|  41|  66|  44|  7 |  11|  6 |  6 |  6 |  7 |  9 |  10|  6 |  11| 200| 105|  68|  47|  76| 105|  22|  29|
 02|  39|  55|  38|  67|  69|  77| 100| 145|  96| 107| 115|  96|  81|  73|  57|  53|  89|  56|  56|  50|  76|  84|  45|  46|
 03|  56|  55|  43| 113|  83|  62| 118| 138| 137| 105| 145|  83| 172| 191|  82|  80| 127|  80|  25|  23|  41|  39|  17|  16|
 04|  24|  30|  42|  41|  52|  44|  71|  62|  54|  74|  77|  51|  58|  41|  37|  27|  32|  20|  37|  31|  99| 188| 141|  25|
 05|  38|  44|  39|  53|  48|  32|  72|  70|  70|  71|  68|  70|  89|  71|  56|  53|  31|  31|  43|  55|  61|  95|  56|  47|
 06|  33|  44|  52|  53|  61|  50|  63| 144| 345| 193| 119| 183| 119| 135| 158|  97| 131|  89| 196|  23|  55|  50|  61|  36|
 07|  37|  43|  33| 251|  72| 281| 111| 166| 141| 184| 346| 337| 116| 131| 151| 108| 177| 141|  36|  68| 122|  50|  39|  33|
 08|  46|  43|  33|  42|  77|  35|  72| 101| 107| 132|  92| 102|  86|  66|  59|  39|  19|  41|  28|  36|  69|  60|  26|  22|
 09|  42|  41|  37|  60| 139|  67| 111| 105| 117|  95| 115| 123| 109|  82|  58|  39|  48|  26|  39|  31|  51|  50|  28|  27|
 10|  30|  47|  47|  46|  59|  52|  76| 110|  94|  76|  83| 114|  70|  83|  63|  44|  55|  54|  35|  19|  32|  55|  29|  30|
 11| 119|  69| 231| 118| 114|  74| 117| 321| 139|  73|  54|  47|  73|  39|  38|  58|  95|  77|  68|  56| 116|  86|  83|  25|
 12|  39|  34|  47|  43|  38|  35|  49|  63|  58|  61|  64|  56|  42|  35|  46|  30|  29|  20|  18|  19|  66|  25|  32|  87|
 13|  39|  29|  45|  58|  32|  41| 219| 121| 131| 151| 116| 173| 149| 108|  91|  82|  90|  76|  65|  45|  64|  61|  51|  16|
 14|  49|  62|  50|  70|  74| 112| 178| 152| 147| 163|  82| 152| 108|  59|  70|  89|  70|  67| 111|  83|  53|  75|  27|  34|
 15|  43|  45|  61|  61|  38| 104| 182| 175| 167| 222| 178| 131| 119| 148|  72|  95| 144|  66|  62|  96|  67|  63|  42|  24|
 16|  30|  55| 150|  83|  87| 120| 160| 129| 103| 140| 134|  92|  96|  98|  39|  78|  61|  58|  34|  39|  57|  90|  37|  33|
 17|  35|  54|  63|  63|  49|  49| 119| 108| 121| 351|  90|  81|  72|  62|  63|  42|  44|  36|  35|  45|  83|  77|  35|  31|
 18|  18|  40|  32|  37|  41|  82|  86| 130| 124| 117|  73|  84|  77|  59|  33|  38|  33|  30|  38|  38|  51|  51|  34|  24|
 19|  46|  33|  40|  63|  82|  67| 119| 137| 164| 197|  92| 217| 112|  82|  83|  49|  55|  64|  37|  28|  92| 133|  46|  23|
 20|  24|  45|  37|  38|  39|  34|  48|  36|  58|  58|  49|  41|  43|  44|  25|  30|  27|  33|  18|  11|  30|  28|  27|  31|
 21|  34|  40|  43|  39|  37|  62|  90|  95|  70|  85|  58|  79|  62|  73|  44|  53|  62|  62|  32|  50| 123|  29|  36|  50|
 22|  37|  94|  44|  61|  36|  90| 145| 119| 135| 122| 162| 129| 103| 141|  56| 105|  86|  79| 170|  46|  74| 119|  48|  41|
 23|  48|  48|  81|  74|  76|  53| 158| 134| 161| 119| 171| 173| 120| 106|  71|  88|  76| 101|  92|  43|  91|  69| 116|  50|
 24|  48|  56|  68|  70|  72|  77| 183| 174| 189| 161| 141| 218| 139|  91|  87|  56|  81|  61|  62|  53|  88|  74|  63|  51|
 25|  54|  57|  62|  94|  87| 102| 173| 199| 211| 253|  76|  85|  68|  40|  57| 103|  18|  21|  46|  33|  59|  63|  66|  57|
 26|  62|  44|  59|  49|  75|  79| 115|  89| 139| 113|  94|  78|  38|  25|  21|  6 |  9 |  6 |  18|  38|  64|  43|  47|  49|
 27|  45|  33|  47|  48|  55|  38|  71| 106| 112| 121|  88| 120| 103| 104|  59| 189|  49|  57|  61|  89|  89| 116|  41|  40|
 28|  25|  44|  61|  66|  70|  81| 108| 186| 231| 119|  84| 123|  78|  93|  94|  32|  49|  16|  13|  3 |  7 |  15|  29|  32|
 29|  31|  58|  34|  46|  60|  96|  87| 122| 128| 116|  90|  94|  75|  33|  16|  21|  21|  10|  16|  24|  31|  29|  27|  28|
 30|  25|  22|  49|  44|  58|  51|  43|  61|  32|  48|  35|  36|  38|  32|  19|  31|  26|  19|  13|  50|  33|  33|  21|  17|
 31|  24|  28|  33|  49|  28|  24|  29|  46|  47|  29|  28|  30|  27|  40|  21|  10|  11|  12|  13|  11|  12|  22|  23|  18|
[Observer]Lockyer_Observatory
[Country]United Kingdom 
[City]Sidmouth
[Longitude]003°1307
[Latitude]050°4116
[Frequencies]
[Antenna]Quad Yagi
[Azimut Antenna]135
[Elevation Antenna]0
[Pre-Amplifier]None
[Receiver]ICOM IC-706 MKIIG
[Observing Method]HROFFT10dB Count Datas
[Remarks]winxp
