jan| 00h| 01h| 02h| 03h| 04h| 05h| 06h| 07h| 08h| 09h| 10h| 11h| 12h| 13h| 14h| 15h| 16h| 17h| 18h| 19h| 20h| 21h| 22h| 23h|
 01|??? |??? |??? |??? |??? |??? |??? |??? |??? |??? |??? |??? |??? |??? |??? |??? |??? |??? |??? |??? |??? |??? |??? |??? |
 02|??? |??? |??? |??? |??? |??? |??? |??? |??? |??? |??? |??? |??? |??? |??? |??? |??? |??? |??? |??? |??? |??? |??? |??? |
 03|??? |??? |??? |??? |??? |??? |??? |??? |??? |??? |??? |??? |??? |??? |??? |??? |??? |??? |??? |??? |??? |??? |??? |??? |
 04|??? |??? |??? |??? |??? |??? |??? |??? |??? |??? |??? |??? |??? |??? |??? |??? |??? |??? |??? |??? |??? |??? |??? |??? |
 05|??? |??? |??? |??? |??? |??? |??? |??? |??? |??? |??? |??? |??? |??? |??? |??? |??? |??? |??? |??? |??? |??? |??? |??? |
 06|??? |??? |??? |??? |??? |??? |??? |??? |??? |??? |??? |??? |??? |??? |??? |??? |??? |??? |??? |??? |??? |??? |??? |??? |
 07|??? |??? |??? |??? |??? |??? |??? |??? |??? |??? |??? |??? |??? |??? |??? |??? |??? |??? |??? |??? |??? |??? |??? |??? |
 08|  0 |  0 |  0 |  0 |  0 |  0 |  0 |  0 |  0 |  0 |  0 |  0 |  0 |  0 |  0 |  0 |  0 |  0 |  0 |  0 |  0 |  0 |  0 |  46|
 09|  46|  56|  90|  65|  75|  87|  41|  90|  65|  59| 164| 300| 150|  62|  73|  32|  24|  22|  26|  24|  40|  28|  29|  24|
 10|  32|  45|  58|  82|  96|  43|  76|  49|  98|  66|  64|  74|  55|  40|  44|  24|  23|  20|  26|  32|  38|  40|  38|  45|
 11|  54|  90|  56|  62|  76|  44|  51|  46|  69|  42|  65|  51|  55|  45|  47|  27|  32|  40|  47|  52|  56|  36|  32|  45|
 12|  62|  57|  99|  98|  83|  82|  55|  92|  63|  96|  71|  53|  60|  57|  43|  40|  45|  46|  29|  47|  30|  48|  33|  33|
 13|  55|  47|  75| 111|  95|  51|  39|  69|  63|  53|  60|  67|  50|  66|  40|  71|  59|  96|  45|  40|  57|  39|  45|  34|
 14|  38|  44|  48|  34|  45|  43|  45|  32|  27|  39|  22|  14|  29|  14|  15|  8 |  10|  5 |  7 |  14|  40|  55|  19|  34|
 15|  29|  37|  63|  43|  57|  52|  52|  41|  43| 102|  75|  99|  83|  84|  54|  59|  50|  66|  57|  39|  68|  58|  31|  46|
 16|  48|  76|  75|  96| 103| 100|  93| 100| 110| 144| 103|  82| 143| 110| 101|  85|  74| 108|  62|  82|  77|  56|  61|  45|
 17|  85| 108|  87| 183| 167| 204| 217| 227| 300| 235| 178| 275| 278| 219| 164| 136| 110| 112|  58|  85|  66|  77|  47|  66|
 18|  52| 108|  89| 108| 118|  92| 130| 142| 134| 164| 143|  97|  93|  97|  86|  70| 118|  75|  71|  70|  79|  80|  45|  46|
 19|  52|  92| 126|  88| 139|  89| 143| 201| 219| 221| 128| 134| 182| 118|  86| 139| 114| 131|  81|  51| 138| 146|  77|  81|
 20|  56|  84|  84| 125| 104|  87| 129| 124| 120| 120| 102|  81|  73|  82|  52|  58|  46|  91|  55|  53| 125|  51| 144|  52|
 21|  47|  71| 108| 101|  98|  99| 143| 116| 114| 146| 232| 223| 141| 167| 125| 114| 206| 135| 117| 103| 160| 165|  66|  56|
 22|  93|  75|  97| 124| 111| 169| 122| 184| 135| 253| 244| 231| 219| 198|  87|  95| 111| 108|  96| 105| 119|  65|  68|  61|
 23|  81|  68| 109| 147|  98| 170| 202| 195| 299| 177| 208| 159| 253| 145|  79|  98|  92| 118|  46|  66|  63|  52|  50|  46|
 24|  40|  89|  76|  69|  97|  99|  93| 127| 160| 125| 119| 138| 124| 398| 159| 199| 195| 921|1335|1305|1944|1595|1285|1739|
 25|  83| 129| 110| 135| 110| 133| 228| 246| 174| 179| 209| 169| 191| 217| 127|  77| 142| 139|  84|  81| 154| 178|  93|  72|
 26|  64| 101|  95|  89|  99| 110| 132| 300| 217| 246| 349| 355| 195| 245| 107| 161| 242| 123|  98|  93| 145| 178| 163|  93|
 27|  66|  93|  98| 116| 118| 162| 265| 174| 194| 268| 214| 263| 154| 190| 216| 172| 235| 220| 157| 165| 293| 217| 152|  81|
 28|  84|  82|  88| 142| 111| 167| 180| 218| 206| 178| 145|  98|  50|  22|  13|  17|  36|  45|  40|  34|  39|  46|  42|  50|
 29|  46|  63|  61|  86|  63|  88|  80| 170| 135| 122|  67|  54|  56|  76|  51|  87|  67|  48|  40|  61|  39|  58|  66|  56|
 30|  46|  41|  83|  95| 104|1113|2011|1929|1750|1732| 212|  89|  97|  91|  71|  61|  61|  48|  46|  55|  95| 113| 133|  63|
 31|  64|  80|  75|  76|  80|  60|  38|  30|  40|  32|  28|  16|  27|  17|  2 |  0 |  0 |  0 |  0 |  0 |  0 |  0 |  0 |  0 |
[Observer]Lockyer_Observatory
[Country]United Kingdom 
[City]Sidmouth
[Longitude]003°1307
[Latitude]050°4116
[Frequencies]
[Antenna]Quad Yagi
[Azimut Antenna]135
[Elevation Antenna]0
[Pre-Amplifier]None
[Receiver]ICOM IC-706 MKIIG
[Observing Method]HROFFT10dB Length Datas
[Remarks]winxp
