mar| 00h| 01h| 02h| 03h| 04h| 05h| 06h| 07h| 08h| 09h| 10h| 11h| 12h| 13h| 14h| 15h| 16h| 17h| 18h| 19h| 20h| 21h| 22h| 23h|
 01|  5 |  5 |  6 |  9 |  11|  4 |  2 |  2 |  2 |  3 |  1 |  1 |  1 |  4 |  0 |  0 |  1 |  2 |  1 |  5 |  3 |  6 |  3 |  4 |
 02|  4 |  11|  12|  8 |  14|  7 |  11|  13|  10|  8 |  8 |  7 |  6 |  8 |  2 |  4 |  6 |  2 |  7 |  1 |  3 |  6 |  2 |  6 |
 03|  7 |  17|  7 |  5 |  11|  6 |  12|  7 |  13|  11|  12|  11|  9 |  10|  6 |  3 |  7 |  1 |  4 |  5 |  4 |  5 |  2 |  6 |
 04|  4 |  6 |  9 |  4 |  9 |  8 |  2 |  3 |  7 |  10|  7 |  7 |  11|  8 |  6 |  3 |  2 |  2 |  4 |  2 |  2 |  3 |  2 |  2 |
 05|  7 |  9 |  4 |  12|  9 |  3 |  4 |  9 |  5 |  3 |  5 |  12|  9 |  4 |  4 |  2 |  7 |  2 |  6 |  2 |  2 |  1 |  3 |  7 |
 06|  9 |  8 |  10|  8 |  8 |  8 |  4 |  11|  7 |  9 |  10|  11|  15|  11|  6 |  4 |  5 |  4 |  5 |  3 |  5 |  6 |  2 |  5 |
 07|  10|  9 |  10|  10|  6 |  5 |  4 |  7 |  6 |  10|  6 |  8 |  4 |  3 |  7 |  3 |  8 |  2 |  1 |  2 |  2 |  0 |  7 |  5 |
 08|  11|  9 |  4 |  6 |  6 |  7 |  3 |  10|  9 |  9 |  9 |  10|  12|  5 |  7 |  0 |  2 |  6 |  2 |  3 |  2 |  4 |  4 |  3 |
 09|  4 |  5 |  9 |  8 |  7 |  5 |  6 |  4 |  8 |  8 |  5 |  6 |  5 |  13|  10|  6 |  4 |  1 |  0 |  7 |  2 |  4 |  6 |  7 |
 10|  3 |  11|  11|  5 |  3 |  6 |  8 |  7 |  8 |  9 |  6 |  8 |  11|  5 |  9 |  7 |  1 |  4 |  2 |  4 |  2 |  8 |  2 |  6 |
 11|  6 |  5 |  9 |  7 |  5 |  4 |  5 |  5 |  8 |  5 |  7 |  6 |  5 |  5 |  6 |  4 |  0 |  3 |  2 |  3 |  3 |  7 |  3 |  5 |
 12|  9 |  7 |  13|  8 |  5 |  11|  9 |  2 |  8 |  6 |  5 |  6 |  7 |  7 |  4 |  3 |  8 |  2 |  2 |  2 |  3 |  4 |  5 |  4 |
 13|  5 |  5 |  9 |  7 |  8 |  3 |  6 |  12|  14|  10|  8 |  12|  5 |  5 |  2 |  6 |  7 |  6 |  3 |  1 |  2 |  4 |  1 |  4 |
 14|  7 |  9 |  12|  11|  11|  6 |  12|  12|  8 |  7 |  13|  16|  16|  8 |  7 |  1 |  3 |  7 |  1 |  4 |  4 |  3 |  6 |  5 |
 15|  3 |  7 |  7 |  7 |  9 |  6 |  10|  14|  10|  14|  17|  13|  10|  10|  5 |  8 |  5 |  2 |  2 |  5 |  7 |  3 |  3 |  6 |
 16|  2 |  8 |  6 |  5 |  7 |  4 |  12|  6 |  7 |  9 |  12|  11|  10|  8 |  5 |  8 |  2 |  1 |  2 |  3 |  2 |  7 |  5 |  5 |
 17|  10|  8 |  13|  5 |  8 |  6 |  6 |  9 |  11|  12|  8 |  6 |  5 |  6 |  6 |  7 |  3 |  2 |  0 |  4 |  4 |  8 |  3 |  5 |
 18|  3 |  12|  7 |  5 |  3 |  8 |  3 |  3 |  7 |  9 |  5 |  8 |  5 |  4 |  5 |  6 |  5 |  3 |  3 |  1 |  2 |  3 |  3 |  4 |
 19|  7 |  6 |  7 |  5 |  10|  6 |  9 |  12|  9 |  11|  9 |  8 |  7 |  6 |  8 |  7 |  2 |  7 |  3 |  1 |  4 |  2 |  3 |  3 |
 20|  9 |  5 |  7 |  6 |  2 |  9 |  7 |  7 |  12|  8 |  12|  8 |  6 |  9 |  2 |  1 |  0 |  5 |  1 |  1 |  8 |  0 |  4 |  1 |
 21|  10|  7 |  6 |  3 |  7 |  4 |  5 |  5 |  4 |  8 |  6 |  15|  8 |  9 |  5 |  1 |  7 |  6 |  0 |  7 |  1 |  4 |  2 |  12|
 22|  12|  6 |  8 |  7 |  7 |  9 |  9 |  8 |  5 |  9 |  15|  11|  12|  7 |  11|  7 |  5 |  2 |  2 |  0 |  1 |  5 |  3 |  2 |
 23|  7 |  7 |  12|  11|  7 |  8 |  13|  11|  10|  11|  9 |  13|  12|  16|  5 |  8 |  7 |  6 |  5 |  3 |  9 |  8 |  9 |  14|
 24|  7 |  9 |  10|  11|  2 |  15|  8 |  9 |  13|  12|  12|  10|  9 |  17|  9 |  6 |  4 |  5 |  6 |  5 |  3 |  4 |  6 |  4 |
 25|  5 |  13|  12|  21|  7 |  7 |  11|  11|  18|  19|  6 |  5 |  4 |  6 |  5 |  2 |  3 |  4 |  8 |  7 |  4 |  2 |  22|  10|
 26|  11|  11|  11|  10|  6 |  5 |  13|  8 |  11|  12|  8 |  10|  3 |  1 |  8 |  0 |  0 |  0 |  2 |  4 |  2 |  6 |  5 |  8 |
 27|  12|  6 |  7 |  10|  11|  5 |  6 |  12|  17|  10|  9 |  10|  7 |  8 |  5 |  6 |  6 |  1 |  8 |  4 |  9 |  1 |  2 |  5 |
 28|  3 |  4 |  16|  9 |  9 |  8 |  6 |  7 |  12|  11|  7 |  8 |  7 |  5 |  6 |  4 |  2 |  0 |  3 |  0 |  0 |  3 |  2 |  3 |
 29|  4 |  16|  6 |  10|  5 |  13|  8 |  9 |  9 |  8 |  7 |  10|  8 |  4 |  2 |  5 |  3 |  1 |  3 |  4 |  1 |  4 |  2 |  7 |
 30|  2 |  7 |  9 |  6 |  10|  5 |  8 |  5 |  8 |  6 |  5 |  4 |  1 |  4 |  3 |  5 |  5 |  4 |  3 |  2 |  1 |  6 |  1 |  2 |
 31|  2 |  7 |  4 |  5 |  3 |  7 |  5 |  6 |  6 |  6 |  1 |  5 |  6 |  8 |  6 |  2 |  0 |  0 |  6 |  3 |  0 |  5 |  1 |  1 |
[Observer]Lockyer_Observatory
[Country]United Kingdom 
[City]Sidmouth
[Longitude]003°1307
[Latitude]050°4116
[Frequencies]
[Antenna]Quad Yagi
[Azimut Antenna]135
[Elevation Antenna]0
[Pre-Amplifier]None
[Receiver]ICOM IC-706 MKIIG
[Observing Method]HROFFT20dB Count Datas
[Remarks]winxp
