aug| 00h| 01h| 02h| 03h| 04h| 05h| 06h| 07h| 08h| 09h| 10h| 11h| 12h| 13h| 14h| 15h| 16h| 17h| 18h| 19h| 20h| 21h| 22h| 23h|
 01|  28|  33|  22|  32|  20|  28|  20|  19|  19|  11|  14|  14|  8 |  35|  13|  7 |  13|  9 |  9 |  6 |  10|  13|  10|  24|
 02|  30|  23|  23|  27|  18|  24|  22|  20|  17|  18|  10|  11|  14|  11|  9 |  4 |  4 |  6 |  8 |  6 |  4 |  7 |  10|  0 |
 03|  0 |  0 |  0 |  0 |  0 |  2 |  21|  12|  11|  15|  7 |  17|  19|  10|  9 |  8 |  10|  12|  11|  12|  9 |  8 |  16|  21|
 04|  20|  22|  28|  29|  35|  34|  23|  13|  21|  16|  10|  14|  7 |  8 |  7 |  10|  9 |  8 |  10|  10|  9 |  20|  15|  22|
 05|  30|  25|  29|  27|  37|  22|  26|  20|  20|  26|  15|  20|  20|  15|  7 |  14|  9 |  15|  10|  12|  14|  11|  16|  19|
 06|  29|  26|  31|  19|  30|  19|  27|  31|  15|  32|  14|  20|  10|  16|  9 |  13|  4 |  10|  6 |  8 |  5 |  12|  18|  14|
 07|  22|  29|  24|  23|  23|  26|  9 |  21|  15|  18|  14|  24|  16|  20|  13|  15|  15|  9 |  12|  14|  9 |  9 |  14|  18|
 08|  16|  28|  32|  33|  17|  19|  25|  16|  16|  20|  11|  12|  15|  8 |  9 |  13|  9 |  8 |  16|  15|  10|  19|  17|  23|
 09|  26|  26|  37|  35|  32|  19|  34|  27|  14|  19|  13|  16|  8 |  17|  17|  15|  6 |  9 |  11|  10|  9 |  19|  7 |  16|
 10|  32|  31|  28|  26|  48|  31|  38|  26|  21|  17|  11|  13|  17|  21|  14|  10|  7 |  17|  6 |  12|  8 |  10|  8 |  10|
 11|  24|  22|  19|  25|  43|  38|  23|  22|  30|  29|  26|  19|  18|  12|  18|  17|  20|  9 |  11|  11|  15|  9 |  11|  24|
 12|  32|  35|  27|  50|  23|  46|  50|  37|  26|  26|  22|  30|  15|  16|  19|  16|  9 |  16|  20|  22|  25|  24|  37|  40|
 13|  57|  50|  75|  94|  86|  95|  79|  88|  59|  55|  50|  42|  34|  28|  22|  16|  14|  20|  17|  20|  22|  11|  22|  32|
 14|  46|  33|  44|  38|  43|  54|  62|  54|  33|  29|  25|  26|  23|  21|  13|  21|  13|  15|  14|  12|  11|  12|  18|  22|
 15|  32|  36|  34|  21|  15|  32|  24|  31|  19|  14|  23|  24|  9 |  15|  18|  12|  11|  10|  12|  14|  14|  17|  17|  14|
 16|  21|  22|  19|  23|  35|  41|  36|  31|  31|  23|  32|  29|  18|  27|  18|  8 |  19|  10|  14|  23|  15|  16|  14|  15|
 17|  31|  21|  31|  40|  31|  33|  33|  21|  29|  19|  15|  20|  22|  13|  17|  9 |  17|  15|  12|  11|  10|  11|  11|  18|
 18|  12|  17|  21|  18|  15|  22|  16|  23|  15|  7 |  20|  11|  7 |  12|  11|  6 |  8 |  11|  13|  7 |  10|  8 |  9 |  8 |
 19|  16|  21|  20|  20|  15|  22|  16|  9 |  11|  17|  14|  11|  11|  11|  19|  14|  15|  20|  18|  14|  21|  20|  13|  20|
 20|  18|  16|  18|  31|  33|  29|  24|  17|  13|  16|  19|  16|  12|  15|  17|  12|  12|  19|  19|  11|  19|  16|  15|  16|
 21|  22|  27|  15|  11|  21|  21|  25|  23|  25|  16|  17|  10|  21|  19|  15|  7 |  15|  13|  4 |  16|  12|  24|  14|  15|
 22|  25|  25|  20|  18|  22|  24|  13|  16|  14|  13|  12|  15|  15|  14|  13|  17|  19|  13|  7 |  13|  13|  21|  14|  12|
 23|  9 |  14|  28|  16|  13|  20|  17|  13|  16|  14|  20|  14|  23|  16|  6 |  14|  12|  9 |  5 |  5 |  13|  17|  6 |  9 |
 24|  14|  21|  16|  15|  26|  15|  24|  21|  14|  11|  15|  14|  10|  20|  15|  13|  13|  22|  18|  9 |  17|  14|  12|  18|
 25|  23|  22|  19|  16|  20|  24|  20|  17|  25|  19|  19|  21|  16|  16|  26|  27|  16|  16|  16|  10|  14|  18|  16|  21|
 26|  18|  15|  20|  25|  28|  28|  32|  23|  26|  22|  30|  19|  18|  12|  17|  12|  12|  18|  17|  15|  9 |  11|  15|  7 |
 27|  12|  14|  13|  20|  17|  16|  24|  20|  22|  17|  17|  8 |  12|  19|  11|  13|  17|  13|  13|  5 |  13|  15|  23|  22|
 28|  16|  29|  14|  22|  18|  18|  20|  15|  17|  13|  15|  16|  18|  16|  12|  14|  10|  13|  14|  10|  0 |  0 |  0 |??? |
|??? |
 29|??? |??? |??? |??? |??? |??? |??? |??? |??? |??? |??? |??? |??? |??? |??? |??? |??? |??? |??? |??? |??? |??? |??? |??? |
 30|??? |??? |??? |??? |??? |??? |??? |??? |??? |??? |??? |??? |??? |??? |??? |??? |??? |??? |??? |??? |??? |??? |??? |??? |
 31|??? |??? |??? |??? |??? |??? |??? |??? |??? |??? |??? |??? |??? |??? |??? |??? |??? |??? |??? |??? |??? |??? |??? |??? |
[Observer]Lockyer_Observatory
[Country]United Kingdom 
[City]Sidmouth
[Longitude]003°1307
[Latitude]50°4116
[Frequencies]
[Antenna]Quad Yagi
[Azimut Antenna]135
[Elevation Antenna]0
[Pre-Amplifier]None
[Receiver]ICOM IC-706 MKIIG
[Observing Method]HROFFT20dB Count Datas
[Remarks]WinXP
