mar| 00h| 01h| 02h| 03h| 04h| 05h| 06h| 07h| 08h| 09h| 10h| 11h| 12h| 13h| 14h| 15h| 16h| 17h| 18h| 19h| 20h| 21h| 22h| 23h|
 01|  1 |  1 |  2 |  2 |  6 |  2 |  0 |  0 |  0 |  1 |  0 |  0 |  0 |  0 |  0 |  0 |  0 |  0 |  0 |  2 |  1 |  0 |  0 |  2 |
 02|  1 |  2 |  3 |  0 |  5 |  3 |  2 |  4 |  5 |  8 |  1 |  1 |  3 |  1 |  0 |  1 |  0 |  2 |  0 |  1 |  1 |  0 |  0 |  2 |
 03|  2 |  5 |  5 |  0 |  3 |  1 |  8 |  2 |  1 |  2 |  7 |  3 |  2 |  4 |  2 |  1 |  1 |  0 |  1 |  1 |  1 |  3 |  2 |  2 |
 04|  1 |  6 |  5 |  7 |  9 |  2 |  1 |  0 |  1 |  14|  7 |  2 |  1 |  0 |  3 |  0 |  0 |  0 |  0 |  0 |  0 |  2 |  1 |  0 |
 05|  0 |  2 |  1 |  2 |  2 |  1 |  0 |  3 |  0 |  1 |  1 |  2 |  4 |  0 |  1 |  0 |  2 |  0 |  0 |  0 |  0 |  1 |  0 |  0 |
 06|  3 |  1 |  2 |  2 |  0 |  10|  2 |  0 |  1 |  1 |  1 |  2 |  2 |  3 |  2 |  0 |  0 |  2 |  0 |  1 |  2 |  0 |  0 |  0 |
 07|  3 |  6 |  3 |  1 |  2 |  1 |  0 |  8 |  2 |  3 |  3 |  3 |  2 |  1 |  4 |  1 |  0 |  0 |  0 |  3 |  0 |  0 |  4 |  3 |
 08|  4 |  2 |  0 |  3 |  1 |  0 |  2 |  1 |  2 |  2 |  10|  5 |  0 |  2 |  2 |  0 |  0 |  1 |  0 |  0 |  0 |  8 |  1 |  2 |
 09|  1 |  0 |  5 |  2 |  0 |  4 |  2 |  0 |  2 |  4 |  1 |  0 |  1 |  4 |  1 |  0 |  2 |  0 |  0 |  0 |  1 |  2 |  6 |  0 |
 10|  0 |  3 |  2 |  1 |  0 |  4 |  0 |  2 |  1 |  1 |  2 |  1 |  2 |  2 |  4 |  2 |  1 |  0 |  1 |  0 |  0 |  1 |  1 |  2 |
 11|  3 |  1 |  0 |  2 |  3 |  0 |  1 |  1 |  3 |  4 |  0 |  2 |  1 |  2 |  0 |  0 |  0 |  0 |  0 |  1 |  0 |  2 |  59|  0 |
 12|  2 |  0 |  2 |  7 |  2 |  1 |  3 |  3 |  9 |  1 |  3 |  0 |  4 |  2 |  0 |  1 |  1 |  3 |  1 |  2 |  0 |  2 |  1 |  1 |
 13|  2 |  3 |  1 |  1 |  3 |  0 |  0 |  2 |  5 |  0 |  1 |  4 |  1 |  0 |  0 |  0 |  1 |  3 |  0 |  0 |  0 |  1 |  1 |  23|
 14|  4 |  1 |  6 |  1 |  6 |  2 |  0 |  3 |  1 |  5 |  7 |  4 |  5 |  2 |  1 |  1 |  0 |  4 |  0 |  1 |  2 |  0 |  1 |  2 |
 15|  0 |  2 |  3 |  1 |  3 |  2 |  1 |  5 |  3 |  3 |  7 |  2 |  3 |  1 |  1 |  1 |  1 |  0 |  0 |  1 |  1 |  1 |  0 |  2 |
 16|  1 |  0 |  2 |  0 |  3 |  1 |  4 |  1 |  4 |  1 |  4 |  0 |  2 |  2 |  1 |  7 |  1 |  1 |  0 |  1 |  0 |  0 |  1 |  1 |
 17|  7 |  1 |  4 |  1 |  2 |  2 |  1 |  1 |  1 |  3 |  1 |  1 |  0 |  0 |  4 |  3 |  1 |  0 |  0 |  3 |  0 |  7 |  3 |  2 |
 18|  0 |  3 |  2 |  1 |  0 |  4 |  0 |  1 |  1 |  4 |  0 |  4 |  0 |  0 |  2 |  1 |  2 |  0 |  1 |  0 |  0 |  2 |  1 |  0 |
 19|  3 |  1 |  2 |  2 |  4 |  3 |  4 |  4 |  4 |  1 |  0 |  3 |  0 |  1 |  1 |  2 |  0 |  0 |  2 |  0 |  1 |  0 |  1 |  2 |
 20|  3 |  1 |  0 |  4 |  0 |  1 |  1 |  1 |  4 |  10|  1 |  2 |  3 |  5 |  0 |  0 |  0 |  1 |  0 |  0 |  1 |  0 |  1 |  0 |
 21|  5 |  3 |  1 |  1 |  1 |  0 |  1 |  1 |  1 |  2 |  2 |  2 |  4 |  2 |  0 |  0 |  1 |  3 |  0 |  0 |  0 |  2 |  1 |  4 |
 22|  4 |  1 |  2 |  2 |  2 |  2 |  1 |  2 |  0 |  0 |  3 |  3 |  3 |  2 |  1 |  2 |  1 |  1 |  0 |  0 |  1 |  0 |  1 |  0 |
 23|  3 |  0 |  1 |  1 |  1 |  2 |  0 |  0 |  1 |  5 |  4 |  3 |  3 |  11|  3 |  3 |  1 |  0 |  0 |  1 |  3 |  1 |  0 |  6 |
 24|  2 |  3 |  4 |  1 |  0 |  2 |  2 |  3 |  1 |  1 |  4 |  5 |  0 |  18|  1 |  0 |  0 |  2 |  1 |  2 |  1 |  0 |  2 |  0 |
 25|  2 |  0 |  4 |  7 |  2 |  3 |  3 |  2 |  0 |  4 |  2 |  2 |  0 |  0 |  0 |  0 |  0 |  1 |  2 |  2 |  0 |  0 |  44|  3 |
 26|  2 |  0 |  8 |  1 |  0 |  0 |  9 |  6 |  0 |  1 |  2 |  2 |  0 |  0 |  0 |  0 |  0 |  0 |  0 |  0 |  0 |  2 |  2 |  1 |
 27|  1 |  0 |  3 |  3 |  7 |  0 |  0 |  0 |  4 |  4 |  2 |  6 |  0 |  2 |  1 |  2 |  1 |  0 |  0 |  3 |  1 |  1 |  0 |  1 |
 28|  2 |  1 |  8 |  5 |  5 |  3 |  2 |  3 |  1 |  1 |  6 |  0 |  0 |  2 |  1 |  0 |  0 |  0 |  0 |  0 |  0 |  0 |  0 |  1 |
 29|  0 |  1 |  4 |  2 |  0 |  9 |  1 |  1 |  4 |  1 |  0 |  0 |  1 |  2 |  0 |  2 |  0 |  1 |  2 |  1 |  0 |  0 |  1 |  0 |
 30|  1 |  3 |  1 |  1 |  2 |  1 |  0 |  2 |  1 |  1 |  1 |  1 |  0 |  0 |  0 |  0 |  0 |  0 |  0 |  0 |  0 |  0 |  0 |  0 |
 31|  0 |  1 |  1 |  2 |  0 |  2 |  1 |  1 |  2 |  4 |  0 |  1 |  3 |  2 |  2 |  1 |  0 |  0 |  2 |  0 |  0 |  2 |  1 |  0 |
[Observer]Lockyer_Observatory
[Country]United Kingdom 
[City]Sidmouth
[Longitude]003°1307
[Latitude]050°4116
[Frequencies]
[Antenna]Quad Yagi
[Azimut Antenna]135
[Elevation Antenna]0
[Pre-Amplifier]None
[Receiver]ICOM IC-706 MKIIG
[Observing Method]HROFFT30dB Length Datas
[Remarks]winxp
