jul| 00h| 01h| 02h| 03h| 04h| 05h| 06h| 07h| 08h| 09h| 10h| 11h| 12h| 13h| 14h| 15h| 16h| 17h| 18h| 19h| 20h| 21h| 22h| 23h|
 01|  2 |  6 |  4 |  6 |  4 |  20|  8 |  7 |  2 |  9 |  17|  14|  7 |  16|  6 |  4 |  1 |  0 |  0 |  1 |  0 |  1 |  3 |  2 |
 02|  1 |  6 |  2 |  1 |  4 |  4 |  5 |  5 |  10|  13|  21|  4 |  11|  6 |  13|  8 |  2 |  3 |  1 |  2 |  1 |  3 |  0 |  1 |
 03|  8 |  6 |  7 |  10|  5 |  4 |  4 |  9 |  5 |  7 |  9 |  11|  16|  9 |  9 |  5 |  5 |  12|  13|  6 |  8 |  8 |  6 |  12|
 04|  9 |  12|  20|  16|  13|  26|  25|  23|  20|  8 |  23|  10|  13|  15|  14|  9 |  10|  11|  5 |  8 |  8 |  13|  9 |  10|
 05|  8 |  19|  12|  7 |  25|  14|  17|  11|  13|  12|  8 |  19|  18|  11|  5 |  11|  7 |  9 |  8 |  6 |  9 |  8 |  12|  8 |
 06|  7 |  9 |  18|  18|  20|  24|  35|  7 |  0 |  17|  15|  21|  15|  19|  15|  8 |  7 |  11|  6 |  12|  19|  7 |  13|  12|
 07|  17|  20|  13|  22|  17|  18|  22|  12|  14|  11|  10|  17|  12|  9 |  13|  10|  8 |  8 |  1 |  4 |  5 |  4 |  5 |  5 |
 08|  9 |  11|  5 |  15|  8 |  12|  12|  4 |  12|  15|  7 |  8 |  13|  7 |  12|  1 |  7 |  7 |  3 |  2 |  3 |  5 |  6 |  5 |
 09|  7 |  12|  12|  9 |  14|  8 |  14|  6 |  10|  5 |  8 |  17|  10|  9 |  4 |  8 |  4 |  11|  2 |  17|  14|  10|  8 |  21|
 10|  23|  22|  15|  29|  27| 105| 437| 446| 308| 112|  16|  9 |  16|  21|  17|  16|  12|  11|  12|  11|  15|  11|  8 |  13|
 11|  20|  20|  26|  21|  31|  32|  26|  19|  16|  14|  12|  13|  23|  14|  15|  14|  19|  10|  14|  9 |  7 |  11|  9 |  14|
 12|  16|  20|  21|  23|  22|  19|  17|  26|  11|  17|  18|  15|  14|  11|  13|  13|  8 |  23|  12|  15|  11|  12|  17|  12|
 13|  12|  13|  19|  16|  22|  24|  26|  12|  18|  9 |  16|  12|  12|  11|  7 |  8 |  11|  10|  8 |  13|  9 |  8 |  11|  8 |
 14|  6 |  22|  17|  26|  20|  15|  21|  16|  11|  15|  22|  14|  13|  15|  12|  6 |  10|  10|  9 |  11|  8 |  14|  9 |  16|
 15|  16|  24|  20|  21|  20|  23|  22|  25|  20|  9 |  12|  20|  12|  10|  11|  9 |  13|  6 |  7 |  8 |  11|  10|  12|  19|
 16|  22|  10|  23|  17|  19|  22|  17|  17|  10|  8 |  14|  11|  13|  13|  12|  12|  9 |  7 |  6 |  12|  15|  9 |  10|  19|
 17|  12|  16|  16|  15| 112|  68|  26|  15|  13|  18|  16|  6 |  13|  11|  13|  8 |  17|  21|  16|  12|  10|  10|  9 |  30|
 18|  23|  27|  11|  25|  24|  19|  3 |  0 |  0 |  0 |  10|  15|  7 |  12|  12|  13|  17|  10|  15|  14|  17|  14|  16|  21|
 19|  14|  22|  20|  26|  26|  22|  16|  26|  20|  12|  12|  11|  17|  15|  21|  14|  13|  16|  7 |  13|  18|  14|  19|  15|
 20|  22|  21|  40|  17|  20|  29|  27|  23|  15|  19|  15|  7 |  19|  17|  17|  14|  13|  15|  9 |  9 |  9 |  12|  18|  8 |
 21|  18|  21|  19|  14|  13|  21|  18|  17|  14|  11|  18|  11|  15|  9 |  13|  14|  10|  10|  9 |  7 |  8 |  6 |  4 |  28|
 22|  12|  12|  21|  19|  16|  13|  13|  6 |  14|  10|  8 |  11|  4 |  13|  8 |  5 |  8 |  14|  17|  13|  16|  20|  14|  27|
 23|  18|  34|  27|  27|  14|  33|  34|  28|  19|  27|  25|  17|  18|  18|  15|  20|  17|  19|  24|  11|  16|  19|  20|  30|
 24|  26|  37|  24|  33|  32|  29|  36|  22|  17|  25|  26|  26|  8 |  16|  18|  16|  9 |  24|  15|  21|  22|  15|  30|  17|
 25|  29|  33|  30|  41|  30|  39|  30|  38|  21|  24|  24|  20|  26|  18|  16|  21|  18|  16|  8 |  16|  11|  22|  22|  23|
 26|  44|  45|  40|  32|  37|  34|  37|  31|  28|  19|  20|  15|  18|  16|  15|  14|  18|  22|  18|  15|  18|  10|  17|  27|
 27|  44|  38|  44|  46|  33|  31|  24|  21|  13|  11|  22|  21|  12|  16|  11|  15|  18|  7 |  4 |  10|  11|  6 |  12|  16|
 28|  27|  35|  18|  23|  23|  16|  11|  9 |  11|  7 |  13|  7 |  11|  9 |  16|  12|  14|  16|  14|  15|  6 |  16|  11|  23|
 29|  40|  30|  25|  30|  33|  22|  14|  8 |  9 |  8 |  6 |  12|  15|  15|  11|  13|  8 |  11|  14|  13|  15|  17|  21|  29|
 30|  36|  28|  23|  38|  29|  30|  22|  17|  15|  11|  11|  14|  12|  12|  12|  19|  11|  8 |  13|  16|  12|  7 |  18|  23|
 31|  22|  27|  38|  31|  39|  28|  27|  19|  15|  4 |  6 |  9 |  14|  9 |  7 |  17|  8 |  7 |  17|  23|  11|  12|  14|  25|
[Observer]Lockyer_Observatory
[Country]United Kingdom 
[City]Sidmouth
[Longitude]003°1307
[Latitude]050°4116
[Frequencies]
[Antenna]Quad Yagi
[Azimut Antenna]135
[Elevation Antenna]0
[Pre-Amplifier]None
[Receiver]ICOM IC-706 MKIIG
[Observing Method]HROFFT20dB Count Datas
[Remarks]WinXP
