aug| 00h| 01h| 02h| 03h| 04h| 05h| 06h| 07h| 08h| 09h| 10h| 11h| 12h| 13h| 14h| 15h| 16h| 17h| 18h| 19h| 20h| 21h| 22h| 23h|
 01|  4 |  11|  5 |  10|  3 |  6 |  5 |  3 |  6 |  2 |  4 |  2 |  1 |  54|  3 |  1 |  0 |  3 |  0 |  1 |  2 |  2 |  4 |  7 |
 02|  8 |  3 |  5 |  7 |  5 |  5 |  6 |  12|  3 |  9 |  3 |  1 |  4 |  1 |  1 |  0 |  0 |  0 |  0 |  2 |  1 |  6 |  4 |  0 |
 03|  0 |  0 |  0 |  0 |  0 |  2 |  5 |  1 |  2 |  5 |  2 |  6 |  7 |  2 |  4 |  2 |  3 |  1 |  3 |  4 |  4 |  5 |  1 |  3 |
 04|  6 |  7 |  5 |  11|  11|  7 |  8 |  5 |  2 |  2 |  4 |  2 |  1 |  2 |  3 |  3 |  0 |  2 |  0 |  1 |  3 |  2 |  1 |  7 |
 05|  9 |  12|  7 |  11|  10|  4 |  8 |  8 |  5 |  3 |  2 |  3 |  3 |  2 |  2 |  3 |  4 |  5 |  1 |  4 |  3 |  3 |  1 |  4 |
 06|  8 |  2 |  13|  2 |  8 |  5 |  7 |  10|  1 |  12|  7 |  5 |  3 |  4 |  2 |  6 |  2 |  3 |  0 |  2 |  2 |  7 |  2 |  7 |
 07|  6 |  9 |  6 |  9 |  9 |  5 |  2 |  5 |  2 |  8 |  5 |  8 |  4 |  8 |  2 |  7 |  8 |  1 |  2 |  8 |  5 |  2 |  2 |  3 |
 08|  1 |  15|  8 |  5 |  6 |  6 |  5 |  5 |  5 |  8 |  1 |  5 |  3 |  0 |  2 |  4 |  2 |  0 |  5 |  3 |  3 |  7 |  2 |  5 |
 09|  4 |  7 |  14|  15|  6 |  4 |  8 |  6 |  5 |  8 |  4 |  3 |  4 |  3 |  2 |  1 |  3 |  2 |  2 |  3 |  3 |  3 |  3 |  3 |
 10|  8 |  10|  9 |  11|  18|  12|  11|  12|  9 |  4 |  5 |  3 |  4 |  4 |  3 |  2 |  0 |  0 |  0 |  5 |  1 |  0 |  2 |  2 |
 11|  5 |  7 |  6 |  9 |  10|  18|  5 |  4 |  15|  4 |  8 |  6 |  5 |  1 |  6 |  2 |  1 |  2 |  1 |  5 |  3 |  5 |  2 |  4 |
 12|  15|  12|  14|  19|  8 |  12|  25|  11|  2 |  18|  11|  9 |  6 |  7 |  11|  5 |  3 |  5 |  11|  9 |  5 |  8 |  13|  21|
 13|  22|  21|  37|  47|  45|  44|  27|  34|  25|  25|  25|  14|  6 |  12|  7 |  4 |  6 |  9 |  3 |  7 |  2 |  5 |  6 |  9 |
 14|  26|  13|  19|  12|  13|  21|  23|  21|  15|  19|  12|  9 |  6 |  6 |  5 |  1 |  4 |  2 |  4 |  1 |  5 |  4 |  5 |  8 |
 15|  17|  9 |  17|  5 |  2 |  9 |  7 |  11|  9 |  5 |  8 |  2 |  1 |  5 |  2 |  1 |  5 |  2 |  2 |  6 |  5 |  4 |  3 |  2 |
 16|  5 |  5 |  2 |  3 |  6 |  14|  9 |  10|  4 |  7 |  9 |  8 |  6 |  9 |  5 |  1 |  1 |  2 |  6 |  7 |  2 |  3 |  4 |  5 |
 17|  4 |  2 |  12|  5 |  10|  9 |  10|  5 |  9 |  3 |  2 |  4 |  4 |  1 |  8 |  1 |  5 |  6 |  4 |  1 |  1 |  0 |  1 |  2 |
 18|  4 |  4 |  5 |  4 |  1 |  4 |  2 |  4 |  5 |  0 |  11|  4 |  2 |  3 |  2 |  2 |  0 |  0 |  3 |  0 |  0 |  3 |  0 |  1 |
 19|  3 |  7 |  2 |  6 |  3 |  6 |  2 |  2 |  2 |  2 |  4 |  0 |  3 |  2 |  3 |  3 |  2 |  4 |  2 |  4 |  7 |  2 |  1 |  5 |
 20|  3 |  3 |  1 |  12|  6 |  7 |  4 |  6 |  5 |  4 |  6 |  5 |  0 |  3 |  6 |  3 |  4 |  6 |  5 |  4 |  7 |  4 |  1 |  5 |
 21|  5 |  4 |  5 |  1 |  3 |  3 |  7 |  6 |  9 |  1 |  3 |  3 |  9 |  7 |  3 |  3 |  4 |  5 |  1 |  6 |  4 |  8 |  5 |  3 |
 22|  7 |  3 |  5 |  4 |  6 |  3 |  4 |  2 |  2 |  1 |  2 |  1 |  1 |  3 |  1 |  5 |  8 |  4 |  2 |  2 |  4 |  5 |  8 |  1 |
 23|  2 |  4 |  10|  4 |  3 |  5 |  9 |  1 |  4 |  4 |  8 |  3 |  3 |  6 |  2 |  2 |  2 |  1 |  1 |  1 |  5 |  5 |  1 |  1 |
 24|  1 |  4 |  6 |  0 |  10|  2 |  5 |  2 |  1 |  5 |  3 |  0 |  0 |  1 |  2 |  4 |  3 |  0 |  3 |  1 |  5 |  1 |  2 |  5 |
 25|  6 |  3 |  3 |  4 |  5 |  4 |  4 |  1 |  0 |  7 |  8 |  2 |  5 |  2 |  2 |  5 |  1 |  3 |  0 |  1 |  4 |  4 |  3 |  7 |
 26|  6 |  1 |  4 |  8 |  7 |  6 |  6 |  5 |  5 |  4 |  7 |  2 |  2 |  5 |  4 |  2 |  3 |  1 |  5 |  4 |  1 |  0 |  5 |  2 |
 27|  3 |  8 |  6 |  4 |  6 |  5 |  5 |  4 |  3 |  3 |  3 |  1 |  2 |  5 |  2 |  3 |  3 |  4 |  0 |  1 |  5 |  3 |  5 |  3 |
 28|  4 |  3 |  2 |  5 |  2 |  2 |  4 |  4 |  1 |  2 |  4 |  3 |  6 |  2 |  3 |  4 |  4 |  5 |  2 |  2 |  0 |  0 |  0 |??? |
 29|??? |??? |??? |??? |??? |??? |??? |??? |??? |??? |??? |??? |??? |??? |??? |??? |??? |??? |??? |??? |??? |??? |??? |??? |
 30|??? |??? |??? |??? |??? |??? |??? |??? |??? |??? |??? |??? |??? |??? |??? |??? |??? |??? |??? |??? |??? |??? |??? |??? |
 31|??? |??? |??? |??? |??? |??? |??? |??? |??? |??? |??? |??? |??? |??? |??? |??? |??? |??? |??? |??? |??? |??? |??? |??? |
[Observer]Lockyer_Observatory
[Country]United Kingdom 
[City]Sidmouth
[Longitude]003°1307
[Latitude]50°4116
[Frequencies]
[Antenna]Quad Yagi
[Azimut Antenna]135
[Elevation Antenna]0
[Pre-Amplifier]None
[Receiver]ICOM IC-706 MKIIG
[Observing Method]HROFFT30dB Count Datas
[Remarks]WinXP
