jun| 00h| 01h| 02h| 03h| 04h| 05h| 06h| 07h| 08h| 09h| 10h| 11h| 12h| 13h| 14h| 15h| 16h| 17h| 18h| 19h| 20h| 21h| 22h| 23h|
 01|  0 |  0 |  0 |  0 |  0 |  0 |  0 |  0 |  0 |  0 |  0 |  0 |  0 |  0 |  0 |  0 |  0 |  0 |  0 |  0 |  0 |  0 |  0 |  2 |
 02|  6 |  9 |  5 |  3 |  4 |  9 |  9 |  13|  8 |  13|  8 |  5 |  8 |  5 |  2 |  5 |  6 |  2 |  2 |  3 |  1 |  1 |  1 |  2 |
 03|  3 |  2 |  4 |  10|  5 |  9 |  8 |  8 |  13|  9 |  6 |  17|  13|  7 |  7 |  15|  22|  14|  15|  15|  17|  14|  20|  20|
 04|  27|  26|  26|  35| 141| 107| 266| 404| 251| 231|  89|  36|  39|  37|  39|  35|  20|  12|  13|  7 |  24|  18|  20|  22|
 05|  23|  29|  18|  22|  34|  47|  47|  30|  31|  44|  33|  46|  42|  36|  36|  18|  27|  18|  11|  9 |  15|  9 |  17|  16|
 06|  14|  14|  25|  20|  34|  32|  18|  23|  27|  36|  34|  45|  44|  32|  35|  31|  14|  5 |  18|  18|  8 |  12|  17|  24|
 07|  23|  27|  35|  45|  58|  63|  49|  40|  25|  23|  37|  32|  54|  42|  25|  34|  26|  20|  16|  14|  13|  18|  16|  14|
 08|  21|  23|  33|  46|  68|  63|  48|  38|  27|  32|  36|  52|  60|  41|  32|  36|  15|  14|  16|  7 |  17|  19|  14|  25|
 09|  22|  22|  22|  44|  52|  71|  55|  55|  29|  31|  55|  65|  63|  51|  47|  28|  35|  25|  11|  16|  20|  11|  17|  19|
 10|  18|  27|  27|  45|  58|  80|  54|  40|  29|  31|  33|  45|  60|  43|  25|  28|  22|  16|  15|  4 |  14|  21|  16|  23|
 11|  12|  18|  19|  20|  35|  39|  29|  17|  31|  46|  34|  48|  35|  37|  36|  20|  16|  11|  9 |  6 |  14|  90|  13|  11|
 12|  12|  11|  17|  13|  20|  23|  23|  22|  20|  25|  31|  35|  28|  28|  34|  27|  23|  15|  13|  15|  12|  8 |  9 |  17|
 13|  14|  17|  24|  40|  53|  61|  38|  15|  30|  32|  49|  23|  27|  35|  33|  20|  27|  13|  11|  11|  15|  23|  20|  15|
 14|  14|  13|  9 |  36|  52|  53|  26|  30|  22|  26|  33|  34|  33|  25|  26|  30|  27|  14|  5 |  14|  16|  4 |  15|  16|
 15|  21|  25|  15|  35|  45|  37|  30|  24|  24|  19|  19|  29|  32|  33|  25|  25|  25|  11|  14|  6 |  9 |  14|  17|  15|
 16|  22|  19|  24|  37|  46|  48|  36|  24|  21|  27|  31|  30|  21|  30|  25|  22|  14|  15|  17|  14|  13|  10|  13|  13|
 17|  16|  20|  30|  31|  48|  37|  34|  22|  21|  31|  33|  33|  27|  39|  31|  38|  35|  20|  12|  21|  9 |  15|  10|  22|
 18|  14|  23|  19|  22|  32|  38|  35|  32|  25|  27|  35|  31|  29|  37|  32|  23|  19|  11|  14|  9 |  18|  8 |  17|  18|
 19|  20|  24|  26|  39|  42|  50|  43|  19|  17|  27|  29|  33|  33|  36|  30|  19|  10|  15|  6 |  16|  8 |  14|  8 |  13|
 20|  19|  21|  17|  22|  26|  24|  21|  23|  26|  29|  24|  41|  30|  30|  36|  24|  15|  12|  4 |  14|  21|  13|  13|  25|
 21|  20|  26|  31|  47|  36|  49|  51|  32|  21|  25|  34|  35|  41|  44|  30|  22|  12|  14|  6 |  9 |  11|  10|  14|  11|
 22|  17|  20|  17|  31|  38|  30|  26|  28|  27|  30|  37|  44|  35|  29|  27|  20|  13|  6 |  4 |  2 |  5 |  8 |  4 |  7 |
 23|  10|  12|  15|  13|  12|  21|  16|  21|  14|  27|  27|  18|  24|  20|  15|  9 |  6 |  8 |  2 |  3 |  5 |  2 |  7 |  10|
 24|  9 |  8 |  14|  12|  13|  14|  18|  20|  17|  14|  35|  31|  20|  12|  11|  8 |  20|  19|  6 |  8 |  15|  12|  6 |  18|
 25|  16|  18|  16|  33|  38|  32|  28|  24|  22|  17|  19|  28|  26|  18|  14|  20|  21|  11|  12|  9 |  5 |  10|  12|  9 |
 26|  14|  14|  16|  20|  26|  36|  20|  28|  24|  25|  23|  24|  20|  17|  18|  21|  17|  15|  14|  8 |  10|  17|  7 |  11|
 27|  10|  16|  18|  25|  22|  28|  35|  18|  11|  20|  15|  19|  20|  21|  18|  18|  14|  1 |  14|  3 |  9 |  12|  15|  16|
 28|  17|  17|  14|  20|  29|  28|  20|  26|  20|  20|  29|  28|  20|  23|  17|  22|  16|  11|  20|  8 |  17|  19|  16|  13|
 29|  19|  18|  16|  25|  38|  17|  24|  20|  16|  20|  20|  21|  29|  17|  21|  19|  18|  14|  13|  11|  7 |  42|  4 |  23|
 30|  55| 154|  88| 124| 490| 186| 542| 171| 494|  95|  30|  20|  27|  10|  16|  10|  10|  3 |  3 |  2 |  1 |  4 |  4 |  5 |
 31|??? |??? |??? |??? |??? |??? |??? |??? |??? |??? |??? |??? |??? |??? |??? |??? |??? |??? |??? |??? |??? |??? |??? |??? |
[Observer]Lockyer_Observatory
[Country]United Kingdom 
[City]Sidmouth
[Longitude]003°1307
[Latitude]050°4116
[Frequencies]
[Antenna]Quad Yagi
[Azimut Antenna]135
[Elevation Antenna]0
[Pre-Amplifier]None
[Receiver]ICOM IC-706 MKIIG
[Observing Method]HROFFT20dB Count Datas
[Remarks]winxp
