aug| 00h| 01h| 02h| 03h| 04h| 05h| 06h| 07h| 08h| 09h| 10h| 11h| 12h| 13h| 14h| 15h| 16h| 17h| 18h| 19h| 20h| 21h| 22h| 23h|
 01|  37|  52|  37|  48|  23|  39|  26|  25|  37|  14|  19|  21|  10| 889|  14|  7 |  13|  13|  9 |  9 |  14|  14|  69|  31|
 02|  56|  34|  30|  38|  32|  36|  37|  74|  23|  36|  16|  23|  14|  12|  11|  5 |  4 |  6 |  9 |  10|  4 |  9 |  23|  0 |
 03|  0 |  0 |  0 |  0 |  0 |  9 |  49|  19|  15|  20|  15|  30|  34|  11|  12|  8 |  12|  12|  16|  19|  11|  14|  16|  28|
 04|  25|  32|  36|  50|  70|  54|  55|  19|  30|  24|  16|  15|  8 |  20|  10|  13|  10|  9 |  13|  10|  11|  23|  16|  33|
 05|  50|  35|  42|  53|  51|  30|  42|  40|  27|  38|  21|  21|  24|  16|  12|  14|  10|  22|  11|  24|  28|  15|  18|  22|
 06|  48|  31|  50|  23|  49|  37|  49|  79|  21|  74|  22|  24|  19|  18|  9 |  24|  6 |  11|  6 |  8 |  6 |  20|  20|  39|
 07|  33|  40|  38|  43|  60|  35|  12|  31|  16|  57|  27|  53|  53|  60|  14|  36|  61|  28|  14|  28|  15|  12|  16|  19|
 08|  20|  77|  47|  45|  32|  41|  48|  35|  30|  29|  15| 124|  21|  9 |  13|  13|  10|  8 |  33|  16|  27|  33|  18|  40|
 09|  38|  34|  74|  96|  56|  33|  66|  54|  28|  51|  48|  31|  17|  23|  23|  16|  9 |  10|  13|  11|  15|  54|  11|  19|
 10|  42|  59|  48|  50| 131|  61|  86|  58|  93|  33|  25|  19|  19|  32|  16|  12|  8 |  38|  6 |  16|  8 |  10|  10|  12|
 11|  52|  32|  33|  52|  91| 108|  37|  34|  91|  65|  56|  47|  51|  15|  42|  20|  34|  11|  12|  14|  24|  22|  12|  39|
 12|  69|  97|  59| 107|  59|  97| 141|  66|  34|  99|  62|  87|  27|  36|  72|  25|  17|  20|  61|  54|  63|  63|  75| 128|
 13| 125| 137| 257| 286| 282| 297| 163| 223| 148| 130| 175|  91|  72|  92|  33|  26|  32|  69|  29|  41|  31|  28|  33|  68|
 14| 132|  61| 120|  71|  81| 127| 163| 132|  90|  74|  65|  52|  42|  45|  13|  31|  24|  17|  21|  15|  12|  17|  22|  26|
 15|  91|  55|  71|  32|  18|  44|  45| 103|  33|  31|  52|  33|  10|  21|  25|  12|  21|  11|  18|  16|  21|  29|  21|  16|
 16|  24|  26|  22|  36|  46|  76|  56|  52|  36|  52|  45|  50|  31|  32|  27|  8 |  19|  15|  16|  31|  18|  19|  17|  19|
 17|  34|  24|  64|  47|  57|  49|  55|  28|  55|  27|  19|  41|  24|  19|  20|  11|  18|  19|  15|  11|  12|  12|  17|  21|
 18|  14|  21|  25|  21|  23|  26|  19|  28|  25|  16|  37|  12|  9 |  16|  15|  7 |  9 |  11|  13|  8 |  10|  12|  9 |  8 |
 19|  25|  38|  23|  36|  21|  38|  19|  11|  11|  30|  16|  16|  15|  12|  20|  18|  17|  22|  23|  24|  22|  22|  14|  29|
 20|  22|  20|  23|  55|  40|  37|  27|  25|  19|  17|  22|  18|  15|  15|  21|  14|  12|  23|  20|  12|  27|  23|  16|  20|
 21|  22|  31|  21|  19|  23|  25|  34|  65|  40|  20|  20|  13|  43|  20|  19|  8 |  19|  15|  4 |  20|  14|  32|  15|  17|
 22|  37|  28|  22|  20|  27|  32|  18|  25|  18|  17|  13|  17|  17|  18|  13|  24|  23|  23|  8 |  13|  17|  29|  17|  14|
 23|  9 |  15|  50|  19|  13|  26|  51|  13|  17|  17|  71|  16|  27|  23|  9 |  17|  13|  10|  6 |  5 |  16|  18|  6 |  10|
 24|  14|  22|  18|  19|  48|  15|  34|  24|  21|  13|  17|  14|  10|  23|  15|  15|  15|  25|  26|  9 |  20|  14|  13|  21|
 25|  26|  25|  29|  16|  25|  26|  24|  18|  29|  30|  31|  25|  20|  18|  28|  29|  16|  19|  18|  10|  22|  28|  18|  29|
 26|  28|  17|  25|  37|  43|  32|  42|  34|  34|  28|  86|  22|  22|  18|  20|  19|  13|  20|  20|  18|  10|  11|  16|  7 |
 27|  14|  33|  16|  27|  30|  22|  30|  30|  28|  38|  21|  17|  13|  22|  13|  15|  21|  13|  13|  5 |  13|  18|  25|  28|
 28|  17|  29|  19|  23|  23|  23|  25|  23|  19|  14|  16|  22|  24|  18|  14|  15|  10|  19|  14|  11|  0 |  0 |  0 |??? |
 29|??? |??? |??? |??? |??? |??? |??? |??? |??? |??? |??? |??? |??? |??? |??? |??? |??? |??? |??? |??? |??? |??? |??? |??? |
 30|??? |??? |??? |??? |??? |??? |??? |??? |??? |??? |??? |??? |??? |??? |??? |??? |??? |??? |??? |??? |??? |??? |??? |??? |
 31|??? |??? |??? |??? |??? |??? |??? |??? |??? |??? |??? |??? |??? |??? |??? |??? |??? |??? |??? |??? |??? |??? |??? |??? |
[Observer]Lockyer_Observatory
[Country]United Kingdom 
[City]Sidmouth
[Longitude]003°1307
[Latitude]50°4116
[Frequencies]
[Antenna]Quad Yagi
[Azimut Antenna]135
[Elevation Antenna]0
[Pre-Amplifier]None
[Receiver]ICOM IC-706 MKIIG
[Observing Method]HROFFT20dB Length Datas
[Remarks]WinXP
