jul| 00h| 01h| 02h| 03h| 04h| 05h| 06h| 07h| 08h| 09h| 10h| 11h| 12h| 13h| 14h| 15h| 16h| 17h| 18h| 19h| 20h| 21h| 22h| 23h|
 01|  0 |  1 |  0 |  0 |  1 |  10|  2 |  2 |  0 |  0 |  3 |  2 |  1 |  6 |  1 |  0 |  0 |  0 |  0 |  0 |  0 |  0 |  0 |  1 |
 02|  0 |  0 |  2 |  0 |  1 |  2 |  0 |  0 |  0 |  1 |  4 |  0 |  3 |  3 |  2 |  4 |  0 |  0 |  0 |  1 |  0 |  0 |  0 |  1 |
 03|  2 |  2 |  0 |  1 |  1 |  1 |  0 |  3 |  1 |  2 |  1 |  2 |  0 |  3 |  4 |  0 |  0 |  4 |  8 |  1 |  2 |  2 |  0 |  4 |
 04|  3 |  4 |  5 |  3 |  3 |  6 |  9 |  5 |  3 |  2 |  7 |  5 |  2 |  3 |  4 |  4 |  0 |  2 |  1 |  1 |  0 |  4 |  0 |  0 |
 05|  2 |  4 |  1 |  0 |  5 |  3 |  5 |  3 |  3 |  2 |  3 |  1 |  6 |  5 |  1 |  3 |  1 |  3 |  0 |  0 |  3 |  2 |  4 |  1 |
 06|  3 |  0 |  1 |  3 |  0 |  5 |  1 |  2 |  0 |  4 |  5 |  5 |  1 |  2 |  2 |  1 |  2 |  6 |  1 |  1 |  4 |  1 |  2 |  1 |
 07|  1 |  6 |  3 |  4 |  3 |  3 |  4 |  2 |  4 |  1 |  1 |  3 |  1 |  3 |  2 |  3 |  2 |  0 |  0 |  1 |  1 |  3 |  2 |  1 |
 08|  3 |  4 |  0 |  5 |  1 |  0 |  0 |  1 |  2 |  2 |  3 |  0 |  5 |  0 |  2 |  1 |  3 |  3 |  0 |  0 |  1 |  2 |  0 |  0 |
 09|  1 |  1 |  3 |  0 |  3 |  0 |  1 |  2 |  4 |  0 |  1 |  5 |  0 |  2 |  1 |  0 |  1 |  2 |  0 |  3 |  2 |  1 |  1 |  4 |
 10|  8 |  5 |  2 |  2 |  5 |  8 |  10|  37|  14|  3 |  1 |  1 |  3 |  7 |  2 |  4 |  1 |  1 |  1 |  0 |  3 |  4 |  3 |  3 |
 11|  5 |  5 |  3 |  6 |  8 |  4 |  2 |  1 |  4 |  3 |  1 |  4 |  11|  2 |  3 |  4 |  7 |  3 |  4 |  3 |  1 |  1 |  1 |  5 |
 12|  4 |  5 |  3 |  0 |  5 |  6 |  4 |  4 |  0 |  3 |  1 |  4 |  3 |  1 |  2 |  2 |  2 |  5 |  1 |  3 |  2 |  4 |  2 |  2 |
 13|  2 |  1 |  5 |  2 |  5 |  5 |  6 |  1 |  1 |  4 |  8 |  1 |  3 |  1 |  2 |  2 |  2 |  3 |  3 |  3 |  2 |  2 |  1 |  3 |
 14|  0 |  5 |  3 |  2 |  3 |  3 |  7 |  4 |  4 |  2 |  5 |  5 |  3 |  2 |  4 |  4 |  3 |  1 |  0 |  2 |  3 |  5 |  1 |  3 |
 15|  1 |  3 |  5 |  5 |  3 |  2 |  5 |  7 |  9 |  1 |  3 |  5 |  3 |  5 |  2 |  1 |  2 |  0 |  0 |  2 |  0 |  1 |  3 |  5 |
 16|  5 |  5 |  5 |  3 |  1 |  6 |  5 |  2 |  2 |  2 |  1 |  1 |  1 |  3 |  2 |  0 |  4 |  3 |  1 |  3 |  2 |  1 |  1 |  7 |
 17|  6 |  4 |  3 |  1 |  1 |  3 |  6 |  6 |  2 |  2 |  6 |  1 |  4 |  2 |  1 |  0 |  2 |  1 |  2 |  2 |  1 |  1 |  0 |  1 |
 18|  4 |  4 |  1 |  4 |  8 |  6 |  2 |  0 |  0 |  0 |  2 |  6 |  1 |  2 |  0 |  2 |  1 |  1 |  3 |  1 |  5 |  3 |  0 |  5 |
 19|  5 |  8 |  3 |  4 |  5 |  4 |  1 |  6 |  1 |  2 |  4 |  3 |  3 |  1 |  1 |  2 |  7 |  2 |  1 |  1 |  0 |  2 |  4 |  1 |
 20|  4 |  2 |  11|  5 |  2 |  4 |  4 |  8 |  3 |  6 |  3 |  2 |  4 |  4 |  2 |  0 |  3 |  2 |  2 |  1 |  2 |  7 |  3 |  1 |
 21|  2 |  2 |  6 |  1 |  3 |  5 |  7 |  1 |  3 |  1 |  2 |  3 |  3 |  1 |  2 |  2 |  0 |  2 |  3 |  0 |  2 |  1 |  0 |  3 |
 22|  1 |  2 |  3 |  3 |  2 |  2 |  4 |  3 |  3 |  1 |  2 |  4 |  0 |  3 |  2 |  0 |  0 |  3 |  8 |  0 |  3 |  4 |  3 |  5 |
 23|  2 |  4 |  7 |  5 |  2 |  12|  6 |  3 |  9 |  3 |  5 |  6 |  4 |  5 |  5 |  5 |  5 |  1 |  8 |  0 |  4 |  3 |  5 |  7 |
 24|  3 |  4 |  4 |  7 |  7 |  4 |  8 |  4 |  1 |  4 |  2 |  4 |  2 |  4 |  3 |  6 |  2 |  5 |  1 |  4 |  4 |  1 |  7 |  4 |
 25|  6 |  6 |  11|  9 |  6 |  7 |  8 |  8 |  5 |  4 |  5 |  6 |  4 |  5 |  3 |  4 |  5 |  3 |  2 |  2 |  3 |  4 |  4 |  3 |
 26|  12|  9 |  8 |  7 |  8 |  8 |  8 |  7 |  7 |  9 |  5 |  9 |  3 |  4 |  5 |  3 |  6 |  2 |  3 |  3 |  6 |  3 |  5 |  7 |
 27|  8 |  4 |  6 |  6 |  5 |  5 |  3 |  5 |  3 |  1 |  4 |  7 |  3 |  4 |  2 |  2 |  4 |  5 |  0 |  2 |  3 |  2 |  0 |  4 |
 28|  7 |  9 |  5 |  5 |  5 |  3 |  0 |  5 |  5 |  0 |  1 |  3 |  2 |  1 |  3 |  1 |  2 |  3 |  3 |  2 |  0 |  4 |  2 |  4 |
 29|  6 |  9 |  5 |  1 |  5 |  3 |  4 |  0 |  2 |  1 |  0 |  1 |  6 |  3 |  6 |  2 |  1 |  2 |  1 |  3 |  3 |  5 |  5 |  5 |
 30|  14|  6 |  4 |  6 |  4 |  10|  4 |  3 |  4 |  3 |  0 |  2 |  2 |  1 |  1 |  3 |  3 |  2 |  2 |  4 |  3 |  1 |  3 |  6 |
 31|  5 |  10|  13|  6 |  10|  7 |  7 |  1 |  3 |  2 |  0 |  1 |  3 |  2 |  1 |  6 |  1 |  2 |  2 |  2 |  3 |  1 |  2 |  3 |
[Observer]Lockyer_Observatory
[Country]United Kingdom 
[City]Sidmouth
[Longitude]003°1307
[Latitude]050°4116
[Frequencies]
[Antenna]Quad Yagi
[Azimut Antenna]135
[Elevation Antenna]0
[Pre-Amplifier]None
[Receiver]ICOM IC-706 MKIIG
[Observing Method]HROFFT30dB Count Datas
[Remarks]WinXP
