apr| 00h| 01h| 02h| 03h| 04h| 05h| 06h| 07h| 08h| 09h| 10h| 11h| 12h| 13h| 14h| 15h| 16h| 17h| 18h| 19h| 20h| 21h| 22h| 23h|
 01|  7 |  8 |  4 |  8 |  4 |  3 |  16|  8 |  4 |  8 |  4 |  5 |  4 |  82|  6 |  1 |  5 |  1 |  1 |  2 |  2 |  6 |  2 |  8 |
 02|  4 |  6 |  6 |  6 |  7 |  9 |  3 |  10|  9 |  5 |  4 |  3 |  5 |  2 |  2 |  5 |  2 |  7 |  1 |  3 |  1 |  3 |  1 |  3 |
 03|  3 |  4 |  6 |  5 |  4 |  6 |  2 |  5 |  6 |  2 |  14|  2 |  6 |  0 |  4 |  7 |  5 |  3 |  3 |  1 |  5 |  2 |  4 |  0 |
 04|  5 |  5 |  2 |  9 |  2 |  10|  5 |  5 |  8 |  5 |  10|  11|  0 |  2 |  6 |  2 |  5 |  3 |  2 |  2 |  4 |  3 |  7 |  6 |
 05|  12|  21|  8 |  11|  7 |  22|  4 |  7 |  15|  6 |  10|  10|  4 |  10|  5 |  8 |  2 |  2 |  2 |  3 |  3 |  4 |  6 |  8 |
 06|  7 |  3 |  10|  4 |  8 |  11|  9 |  8 |  7 |  11|  11|  15|  11|  9 |  4 |  3 |  6 |  2 |  2 |  6 |  3 |  2 |  5 |  6 |
 07|  8 |  24|  8 |  8 |  3 |  9 |  10|  2 |  9 |  6 |  2 |  7 |  2 |  7 |  4 |  2 |  2 |  5 |  1 |  1 |  1 |  9 |  4 |  6 |
 08|  4 |  7 |  6 |  6 |  7 |  4 |  9 |  11|  9 |  7 |  15|  2 |  3 |  2 |  11|  4 |  3 |  0 |  2 |  1 |  1 |  3 |  1 |  7 |
 09|  13|  11|  6 |  8 |  11|  2 |  2 |  8 |  16|  9 |  11|  7 |  3 |  4 |  4 |  3 |  4 |  8 |  1 |  4 |  1 |  7 |  12|  9 |
 10|  10|  12|  8 |  9 |  8 |  27|  9 |  11|  9 |  40|  14|  19|  11|  7 |  6 |  8 |  3 |  9 |  2 |  4 |  5 |  4 |  5 |  8 |
 11|  7 |  5 |  9 |  4 |  7 |  4 |  18|  14|  3 |  60|  13|  9 |  7 |  5 |  2 |  1 |  1 |  1 |  3 |  2 |  4 |  2 |  1 |  8 |
 12|  8 |  10|  4 |  2 |  3 |  6 |  3 |  6 |  5 |  11|  6 |  5 |  7 |  7 |  10|  4 |  3 |  1 |  1 |  1 |  2 |  1 |  5 |  2 |
 13|  14|  3 |  11|  8 |  6 |  10|  9 |  4 |  5 |  5 |  4 |  7 |  9 |  1 |  4 |  5 |  2 |  4 |  4 |  3 |  2 |  5 |  2 |  7 |
 14|  6 |  10|  5 |  5 |  5 |  6 |  7 |  6 |  11|  4 |  9 |  5 |  3 |  3 |  3 |  4 |  0 |  6 |  5 |  3 |  5 |  0 |  3 |  6 |
 15|  11|  6 |  7 |  15|  4 |  12|  8 |  0 |  0 |  0 |  0 |  0 |  42|  15|  7 |  10|  6 |  10|  15|  12|  14|  10|  16|  22|
 16|  20|  29|  19|  18|  26|  30|  23|  22|  20|  25|  28|  23|  14|  18|  11|  16|  11|  5 |  14|  12|  17|  13|  14|  14|
 17|  31|  21|  18|  17|  26|  27|  33|  36|  13|  37|  28|  18|  17|  33|  37|  21|  21|  22|  7 |  12|  17|  16|  13|  27|
 18|  24|  23|  42|  33|  23|  26|  25|  37|  59|  25|  22|  25|  24|  15|  11|  22|  11|  6 |  17|  13|  10|  15|  11|  21|
 19|  26|  18|  20|  16|  22|  38|  36|  21|  23|  23|  25|  15|  27|  17|  9 |  15|  4 |  10|  4 |  8 |  1 |  4 |  19|  12|
 20|  11|  10|  17|  14|  23|  13|  16|  18|  14|  19|  13|  14|  9 |  14|  15|  7 |  5 |  7 |  8 |  8 |  9 |  14|  8 |  21|
 21|  10|  11|  13|  22|  33|  14|  38|  19|  27|  18|  18|  16|  19|  13|  8 |  9 |  12|  8 |  6 |  10|  9 |  6 |  15|  16|
 22|  21|  20|  16|  14|  32|  48|  27|  23|  15|  44|  39|  18|  10|  19|  6 |  11|  8 |  7 |  7 |  11|  4 |  12|  13|  29|
 23|  18|  35|  25|  32|  21|  36|  34|  40|  21|  51|  31|  22|  14|  21|  8 |  15|  10|  9 |  5 |  6 |  9 |  8 |  11|  17|
 24|  7 |  12|  22|  11|  57|  28|  15|  26|  18|  19|  49|  20|  20|  12|  10|  9 |  12|  13|  8 |  3 |  5 |  3 |  4 |  14|
 25|  4 |  15|  17|  17|  11|  12|  23|  12|  17|  23|  12|  13|  17|  11|  5 |  7 |  3 |  5 |  11|  12|  10|  9 |  15|  18|
 26|  28|  28|  38|  32|  38|  38|  33|  41|  33|  18|  29|  32|  26|  32|  24|  35|  17|  17|  10|  19|  11|  16|  22|  21|
 27|  26|  36|  24|  45|  26|  31|  31|  45|  31|  26|  40|  29|  26|  24|  49|  14|  8 |  8 |  17|  11|  13|  17|  16|  27|
 28|  24|  22|  29|  28|  30|  49|  60|  25|  31|  27|  44|  25|  32|  23|  24|  10|  19|  17|  12|  16|  16|  23|  15|  21|
 29|  21|  26|  29|  37|  30|  74|  51|  31|  37|  34|  28|  23|  21|  20|  23|  17|  13|  15|  17|  12|  17|  22|  8 |  23|
 30|  27|  21|  35|  42|  41|  45|  44|  29|  34|  18|  25|  20|  25|  18|  20|  22|  16|  11|  11|  14|  24|  13|  16|  21|
 31|??? |??? |??? |??? |??? |??? |??? |??? |??? |??? |??? |??? |??? |??? |??? |??? |??? |??? |??? |??? |??? |??? |??? |??? |
[Observer]Lockyer_Observatory
[Country]United Kingdom 
[City]Sidmouth
[Longitude]003°1307
[Latitude]050°4116
[Frequencies]
[Antenna]Quad Yagi
[Azimut Antenna]135
[Elevation Antenna]0
[Pre-Amplifier]None
[Receiver]ICOM IC-706 MKIIG
[Observing Method]HROFFT20dB Length Datas
[Remarks]winxp
