apr| 00h| 01h| 02h| 03h| 04h| 05h| 06h| 07h| 08h| 09h| 10h| 11h| 12h| 13h| 14h| 15h| 16h| 17h| 18h| 19h| 20h| 21h| 22h| 23h|
 01|  1 |  4 |  0 |  2 |  0 |  0 |  5 |  1 |  1 |  1 |  1 |  0 |  0 |  75|  0 |  0 |  1 |  0 |  0 |  1 |  1 |  1 |  0 |  3 |
 02|  2 |  1 |  2 |  4 |  0 |  3 |  0 |  4 |  2 |  1 |  1 |  0 |  1 |  0 |  2 |  1 |  0 |  0 |  1 |  0 |  1 |  1 |  0 |  1 |
 03|  1 |  2 |  1 |  0 |  1 |  3 |  0 |  3 |  1 |  1 |  10|  0 |  2 |  0 |  2 |  0 |  0 |  1 |  1 |  0 |  1 |  0 |  0 |  0 |
 04|  2 |  0 |  1 |  0 |  0 |  2 |  1 |  2 |  3 |  1 |  0 |  1 |  0 |  0 |  0 |  0 |  3 |  0 |  0 |  1 |  0 |  0 |  0 |  1 |
 05|  2 |  6 |  1 |  3 |  2 |  4 |  1 |  3 |  2 |  2 |  1 |  4 |  1 |  4 |  2 |  3 |  0 |  1 |  0 |  0 |  1 |  0 |  2 |  1 |
 06|  1 |  0 |  4 |  1 |  2 |  1 |  3 |  1 |  2 |  2 |  0 |  2 |  2 |  2 |  1 |  1 |  3 |  1 |  1 |  2 |  2 |  0 |  3 |  3 |
 07|  2 |  4 |  3 |  2 |  0 |  6 |  3 |  0 |  2 |  1 |  0 |  1 |  0 |  2 |  0 |  2 |  0 |  0 |  0 |  0 |  0 |  2 |  1 |  0 |
 08|  0 |  1 |  1 |  2 |  2 |  0 |  5 |  2 |  0 |  0 |  7 |  0 |  1 |  0 |  3 |  0 |  1 |  0 |  0 |  1 |  1 |  0 |  0 |  1 |
 09|  3 |  2 |  0 |  2 |  3 |  0 |  0 |  0 |  2 |  0 |  4 |  1 |  0 |  1 |  1 |  0 |  0 |  2 |  0 |  2 |  0 |  0 |  2 |  3 |
 10|  4 |  3 |  1 |  1 |  2 |  8 |  2 |  1 |  0 |  31|  0 |  5 |  2 |  1 |  2 |  1 |  0 |  3 |  0 |  2 |  0 |  1 |  1 |  1 |
 11|  1 |  3 |  1 |  2 |  2 |  1 |  9 |  1 |  0 |  21|  1 |  3 |  0 |  1 |  0 |  0 |  0 |  0 |  1 |  0 |  1 |  0 |  0 |  2 |
 12|  1 |  5 |  0 |  0 |  0 |  0 |  0 |  1 |  2 |  4 |  0 |  0 |  2 |  0 |  2 |  1 |  3 |  0 |  0 |  0 |  1 |  1 |  0 |  0 |
 13|  0 |  0 |  4 |  1 |  1 |  2 |  0 |  0 |  0 |  2 |  1 |  2 |  3 |  0 |  0 |  1 |  0 |  2 |  1 |  0 |  1 |  1 |  0 |  1 |
 14|  2 |  0 |  2 |  0 |  2 |  0 |  0 |  1 |  4 |  0 |  1 |  1 |  0 |  0 |  2 |  2 |  0 |  1 |  1 |  1 |  0 |  0 |  0 |  0 |
 15|  1 |  3 |  1 |  3 |  1 |  2 |  2 |  0 |  0 |  0 |  0 |  0 |  21|  2 |  2 |  2 |  0 |  2 |  4 |  1 |  3 |  2 |  3 |  2 |
 16|  5 |  7 |  6 |  2 |  6 |  9 |  3 |  8 |  4 |  11|  9 |  8 |  1 |  3 |  2 |  3 |  5 |  2 |  5 |  2 |  3 |  5 |  2 |  3 |
 17|  1 |  1 |  4 |  4 |  9 |  9 |  4 |  8 |  2 |  4 |  10|  2 |  2 |  23|  12|  6 |  5 |  6 |  1 |  3 |  10|  5 |  4 |  2 |
 18|  6 |  5 |  6 |  8 |  5 |  3 |  6 |  9 |  11|  3 |  4 |  6 |  5 |  3 |  2 |  4 |  2 |  1 |  4 |  2 |  2 |  3 |  2 |  3 |
 19|  5 |  2 |  2 |  3 |  5 |  15|  8 |  3 |  5 |  3 |  4 |  2 |  8 |  7 |  1 |  1 |  2 |  1 |  0 |  0 |  0 |  0 |  1 |  7 |
 20|  3 |  1 |  2 |  2 |  9 |  4 |  0 |  5 |  2 |  2 |  2 |  3 |  0 |  4 |  6 |  2 |  0 |  1 |  2 |  2 |  1 |  4 |  2 |  3 |
 21|  4 |  4 |  1 |  6 |  7 |  2 |  14|  4 |  9 |  4 |  2 |  3 |  3 |  8 |  5 |  2 |  3 |  0 |  2 |  3 |  3 |  3 |  5 |  4 |
 22|  4 |  4 |  0 |  2 |  2 |  6 |  11|  3 |  2 |  27|  9 |  4 |  1 |  2 |  2 |  3 |  1 |  2 |  2 |  2 |  1 |  2 |  4 |  6 |
 23|  4 |  8 |  5 |  8 |  4 |  8 |  3 |  10|  2 |  17|  13|  8 |  3 |  5 |  0 |  2 |  2 |  2 |  1 |  2 |  0 |  2 |  2 |  4 |
 24|  1 |  3 |  7 |  1 |  27|  9 |  3 |  5 |  4 |  4 |  13|  3 |  4 |  3 |  0 |  3 |  4 |  2 |  4 |  0 |  0 |  0 |  0 |  4 |
 25|  1 |  7 |  2 |  1 |  3 |  1 |  9 |  0 |  4 |  11|  2 |  3 |  5 |  2 |  4 |  2 |  0 |  0 |  4 |  3 |  4 |  1 |  1 |  6 |
 26|  8 |  7 |  7 |  7 |  8 |  10|  4 |  8 |  9 |  2 |  5 |  6 |  2 |  9 |  5 |  7 |  3 |  1 |  4 |  5 |  3 |  3 |  5 |  7 |
 27|  4 |  7 |  7 |  15|  5 |  10|  6 |  11|  7 |  4 |  14|  3 |  6 |  5 |  6 |  4 |  3 |  4 |  5 |  1 |  4 |  8 |  3 |  6 |
 28|  4 |  3 |  5 |  8 |  3 |  12|  16|  1 |  3 |  8 |  2 |  9 |  8 |  4 |  4 |  3 |  4 |  4 |  1 |  2 |  3 |  5 |  3 |  5 |
 29|  3 |  5 |  5 |  6 |  11|  30|  9 |  5 |  4 |  10|  6 |  5 |  3 |  2 |  5 |  4 |  3 |  3 |  7 |  4 |  4 |  14|  3 |  3 |
 30|  3 |  5 |  9 |  5 |  7 |  10|  5 |  3 |  7 |  7 |  7 |  6 |  6 |  3 |  3 |  5 |  5 |  3 |  3 |  4 |  5 |  4 |  0 |  1 |
 31|??? |??? |??? |??? |??? |??? |??? |??? |??? |??? |??? |??? |??? |??? |??? |??? |??? |??? |??? |??? |??? |??? |??? |??? |
[Observer]Lockyer_Observatory
[Country]United Kingdom 
[City]Sidmouth
[Longitude]003°1307
[Latitude]050°4116
[Frequencies]
[Antenna]Quad Yagi
[Azimut Antenna]135
[Elevation Antenna]0
[Pre-Amplifier]None
[Receiver]ICOM IC-706 MKIIG
[Observing Method]HROFFT30dB Length Datas
[Remarks]winxp
