mar| 00h| 01h| 02h| 03h| 04h| 05h| 06h| 07h| 08h| 09h| 10h| 11h| 12h| 13h| 14h| 15h| 16h| 17h| 18h| 19h| 20h| 21h| 22h| 23h|
 01|  29|  26|  28|  49| 104|  64|  9 |  11|  7 |  9 |  6 |  7 |  9 |  11|  6 |  11| 262| 136|  92|  51|  91| 137|  25|  34|
 02|  43|  63|  46| 108| 114| 123| 171| 197| 135| 125| 148| 130| 104|  83|  61|  64| 103|  80|  66|  61|  86| 124|  50|  51|
 03|  63|  65|  50| 149| 116|  65| 148| 163| 215| 131| 164| 104| 238| 247|  99|  98| 161| 109|  30|  27|  46|  46|  22|  19|
 04|  27|  44|  49|  68|  71|  54|  84|  72|  64| 101| 101|  58|  70|  48|  44|  29|  36|  21|  43|  38| 119| 205| 162|  30|
 05|  45|  47|  41|  72|  80|  38| 102| 196|  91|  79|  78|  84| 146|  88|  69|  69|  36|  32|  45|  65|  85| 117|  77|  51|
 06|  37|  50|  55|  57|  80|  69|  74| 182| 463| 301| 160| 230| 198| 185| 215| 140| 186| 114| 238|  24|  66|  82| 109|  41|
 07|  42|  63|  39| 360|  90| 348| 135| 222| 191| 238| 585| 512| 145| 166| 199| 143| 246| 176|  50|  87| 141|  54|  58|  35|
 08|  55|  49|  46|  53| 123|  37|  89| 131| 125| 201| 139| 153| 108|  78|  67|  56|  22|  49|  33|  39|  84|  75|  30|  26|
 09|  44|  47|  44|  64| 170|  93| 123| 138| 152| 126| 142| 154| 136| 115|  81|  49|  62|  32|  43|  37|  68|  61|  38|  31|
 10|  32|  51|  55|  53|  72|  66|  98| 141| 131| 101| 105| 146|  97| 114|  76|  63|  83|  67|  39|  19|  37|  67|  35|  34|
 11| 186|  81| 472| 189| 182| 120| 162| 815| 274| 107|  73|  60| 113|  51|  44|  77| 109|  91|  88|  77| 176| 126| 183|  26|
 12|  43|  46|  55|  53|  51|  42|  65|  79|  96|  75|  74|  64|  55|  39|  51|  36|  33|  24|  30|  24| 116|  30|  40| 502|
 13|  41|  31|  53|  72|  40|  54|1210| 148| 174| 202| 140| 233| 177| 130| 106|  99| 110|  95|  75|  57|  82|  77|  73|  39|
 14|  56|  72|  75|  84|  89| 145| 265| 218| 185| 202| 105| 202| 153|  67| 113| 130|  82|  86| 205| 173|  67|  97|  30|  39|
 15|  47|  49|  86|  91|  42| 172| 280| 242| 258| 368| 234| 164| 165| 195|  91| 136| 186|  80|  73| 112|  83|  86|  53|  24|
 16|  32|  57| 190|  90| 125| 160| 240| 155| 163| 185| 169| 112| 134| 132|  51| 110|  77|  81|  44|  44|  70| 126|  49|  41|
 17|  43|  59|  74|  84|  57|  57| 140| 125| 200| 488| 108|  96|  84|  67|  80|  56|  71|  39|  36|  47| 104| 154|  51|  43|
 18|  21|  48|  35|  52|  55|  99|  97| 175| 145| 144|  82| 102|  99|  67|  36|  50|  36|  33|  45|  41|  61|  58|  46|  25|
 19|  53|  36|  45|  84| 116|  73| 154| 233| 215| 258| 109| 315| 165| 134| 175|  55|  64|  90|  38|  32| 121| 155|  59|  24|
 20|  28|  57|  39|  43|  46|  40|  58|  37|  76|  88|  58|  50|  50|  58|  27|  33|  29|  36|  20|  15|  33|  30|  36|  38|
 21|  54|  48|  47|  41|  40|  70| 109| 114|  91| 112|  62|  91|  71|  76|  50|  66|  73|  94|  36|  69| 178|  31|  44|  59|
 22|  47| 126|  48|  69|  40| 113| 173| 134| 186| 198| 227| 145| 122| 162|  62| 132| 101|  92| 374|  52|  88| 255|  56|  55|
 23|  50|  69| 114|  97|  91|  66| 238| 187| 217| 142| 240| 223| 141| 158|  82| 116| 108| 130| 113|  68| 119|  86| 208|  54|
 24|  55|  64|  73| 107|  85|  96| 249| 253| 241| 249| 193| 291| 192| 126| 132|  72|  97|  70|  79|  68| 115|  86|  95|  67|
 25|  60|  64|  67| 139| 121| 131| 257| 303| 296| 384| 104|  97|  76|  46|  75| 424|  20|  30|  60|  36|  68|  73| 120|  73|
 26|  72|  50|  71|  54|  97| 101| 151| 107| 202| 148| 140| 118|  45|  27|  27|  6 |  10|  7 |  24|  40|  74|  51|  64|  62|
 27|  51|  35|  50|  58|  67|  39|  75| 116| 174| 147| 110| 168| 122| 118|  65| 278|  55|  71|  75|  98| 108| 171|  54|  48|
 28|  28|  46|  72|  99| 122| 103| 155| 271| 382| 154| 105| 148| 101| 124| 110|  38|  53|  17|  15|  3 |  7 | 150|  32|  34|
 29|  31|  79|  36|  58|  73| 142|  97| 193| 203| 181| 113| 146|  85|  38|  16|  26|  22|  10|  19|  26|  34|  30|  32|  31|
 30|  29|  25|  60|  49|  69|  61|  50|  79|  42|  59|  41|  49|  43|  47|  25|  36|  28|  20|  13|  74|  38|  39|  23|  18|
 31|  28|  33|  41|  61|  32|  28|  30|  63|  58|  38|  34|  37|  31|  47|  27|  10|  11|  12|  16|  12|  12|  28|  27|  19|
[Observer]Lockyer_Observatory
[Country]United Kingdom 
[City]Sidmouth
[Longitude]003°1307
[Latitude]050°4116
[Frequencies]
[Antenna]Quad Yagi
[Azimut Antenna]135
[Elevation Antenna]0
[Pre-Amplifier]None
[Receiver]ICOM IC-706 MKIIG
[Observing Method]HROFFT10dB Length Datas
[Remarks]winxp
