apr| 00h| 01h| 02h| 03h| 04h| 05h| 06h| 07h| 08h| 09h| 10h| 11h| 12h| 13h| 14h| 15h| 16h| 17h| 18h| 19h| 20h| 21h| 22h| 23h|
 01|  37|  29|  24|  42|  35|  25|  65|  64|  43|  35|  29|  36|  21| 103|  25|  15|  13|  13|  19|  22|  24|  38|  30|  28|
 02|  30|  34|  38|  37|  32|  36|  35|  66|  50|  27|  27|  56|  40|  23|  45|  23|  19|  27|  12|  26|  19|  16|  10|  17|
 03|  18|  17|  25|  27|  29|  51|  44|  55|  39|  51|  46|  29|  31|  33|  80|  29|  30|  16|  27|  32|  25|  42|  15|  23|
 04|  34|  32|  35|  47| 112| 157| 114| 190| 100|  83|  82|  83|  76|  44|  64|  35|  46|  54|  25|  50|  44| 111|  18|  76|
 05|  54|  81|  64|  59|  53| 154| 180| 183| 165| 111|  68|  89| 101| 101|  76|  65|  28|  47|  13|  34|  47|  53|  37|  49|
 06|  37|  30|  34|  38|  46| 110|  97| 156|  86|  97| 104| 103| 110| 100|  71|  49|  31|  15|  32|  77|  39|  40|  41|  25|
 07|  34|  59|  61|  73|  49| 107| 140| 154| 167| 103|  96| 167|  73| 113| 102|  62|  49|  64|  41|  93|  44|  66|  25|  22|
 08|  24|  41|  50|  30|  89|  47|  60| 133|  83|  47|  57|  47|  38|  38|  43|  33|  13|  13|  13|  14|  12|  19|  11|  44|
 09|  46|  37|  39|  38|  59|  55|  39| 107|  67|  48|  51|  65|  34|  55|  46|  30|  30|  69|  45|  58|  33|  37|  35|  53|
 10|  49|  55|  68|  83| 123| 242| 187| 141| 223| 155| 152| 207| 147| 130|  65|  64|  53|  40|  31|  33|  43|  40|  39|  56|
 11|  50|  41|  69|  32| 105| 109| 193| 146|  66| 151|  54|  71|  44|  51|  36|  20|  29|  35|  28|  90|  55|  38|  31|  38|
 12|  42|  61|  31|  28|  74| 142| 170| 139| 143| 108| 251|  84| 100|  85|  69|  66|  49|  36|  53|  71|  48|  22|  51|  25|
 13|  38|  41|  43|  54|  45| 106| 133| 122|  64|  83|  69|  95|  95|  64| 121| 112|  95| 118|  72| 117|  72| 112|  23|  27|
 14|  38|  43|  48|  64|  49|  99| 138|  78| 114|  77|  64|  82|  62|  49|  51|  46|  31|  37|  17|  61|  44|  27|  28|  31|
 15|  37|  27|  55|  57|  74| 187| 189|  0 |  0 |  0 |  0 |  0 | 123|  87|  89|  74|  58| 128|  98| 116| 136| 143|  89|  92|
 16| 104| 107| 165| 125| 161| 373| 370| 600| 252| 221| 189| 201| 197| 104| 130| 193|  96| 100| 153| 161| 136| 122|  90|  91|
 17| 111| 101| 103| 104| 145| 249| 305| 500| 252| 272| 240| 172| 250| 162| 244| 271| 188| 203| 277| 425| 316| 184|  99| 102|
 18| 140| 150| 267| 239| 358| 551| 513| 504| 562| 416| 311| 305| 318| 191| 174| 231| 145| 150| 105| 279| 185| 135|  67| 102|
 19| 124|  94| 156| 136| 199| 439| 395| 284| 259| 239| 540| 484| 277| 163| 132|  88| 207| 110| 146| 151| 100|  37|  90|  69|
 20|  73|  87| 102|  76| 151| 308| 243| 216| 186| 206| 187| 159| 138|  98| 104| 104|  66|  62|  55|  79|  65|  69|  65|  70|
 21|  66|  81|  98| 136| 185| 151| 232| 219| 228| 191| 179| 156| 134|  79|  67|  60|  62|  50|  42| 118|  73| 110|  58|  67|
 22|  87|  90| 103|  88| 236| 341| 251| 224| 206| 185| 153| 156| 113| 114| 122| 124|  95|  58|  47| 183| 120| 104|  62| 101|
 23|  92| 126| 122| 114| 164| 267| 257| 272| 248| 196| 162| 192| 132| 126| 110| 110|  76|  74|  88| 181| 203| 223|  61|  65|
 24|  63|  68|  88| 122| 167| 212| 204| 177| 182| 193| 201| 242| 175| 111|  85| 170|  77|  72|  54|  96|  52|  52|  39|  64|
 25|  48|  62|  76|  92| 100|  94| 139| 127| 155| 108| 108| 123| 133|  79|  82|  81|  88| 105|  73| 365| 206|  99|  97| 121|
 26| 173| 131| 192| 182| 281| 739| 770| 564| 373| 471| 455| 399| 563| 259| 237| 260| 175| 161| 214| 638| 826| 696| 147| 139|
 27| 171| 211| 192| 232| 377| 523| 673| 912| 636| 590| 578| 457| 308| 300| 661| 351| 186| 103| 180| 196| 130| 312| 239| 355|
 28| 385| 339| 361| 547| 558| 603| 489| 374| 313| 269| 284| 186| 215| 134| 154| 132| 190| 118| 108| 148| 137| 154|  96| 113|
 29| 143| 152| 352| 329| 366| 482| 736| 720| 741| 500| 321| 231| 202| 189| 205| 216| 111| 120| 151| 128| 116| 136|  98| 136|
 30| 155| 216| 248| 518| 596| 582| 755| 569| 485| 404| 399| 351| 262| 237| 225| 215| 206| 192| 197| 396| 273| 242| 212| 264|
 31|??? |??? |??? |??? |??? |??? |??? |??? |??? |??? |??? |??? |??? |??? |??? |??? |??? |??? |??? |??? |??? |??? |??? |??? |
[Observer]Lockyer_Observatory
[Country]United Kingdom 
[City]Sidmouth
[Longitude]003°1307
[Latitude]050°4116
[Frequencies]
[Antenna]Quad Yagi
[Azimut Antenna]135
[Elevation Antenna]0
[Pre-Amplifier]None
[Receiver]ICOM IC-706 MKIIG
[Observing Method]HROFFT10dB Length Datas
[Remarks]winxp
