aug| 00h| 01h| 02h| 03h| 04h| 05h| 06h| 07h| 08h| 09h| 10h| 11h| 12h| 13h| 14h| 15h| 16h| 17h| 18h| 19h| 20h| 21h| 22h| 23h|
 01| 174| 124| 104| 127| 156| 147| 141| 141| 141| 119| 103| 106| 102|  80|  88|  93|  73|  69|  51|  82|  72|  95|  70|  97|
 02| 100|  95| 119| 130| 118| 153| 156| 141| 147| 121| 109|  93|  81|  69|  84|  66|  51|  21|  39|  27|  18|  44|  44|  7 |
 03|  5 |  5 |  0 |  0 |  0 |  20|  72|  58|  60|  66|  56|  53|  73|  80|  97|  62|  75|  59|  79|  93|  67|  69|  78|  82|
 04| 154| 106| 109| 125| 130| 122| 102| 101|  93| 107|  82|  82|  86|  76|  64|  37|  51| 203| 104|  97|  82|  93|  65| 146|
 05| 110| 112| 137| 132| 157| 168| 158| 127| 125| 233| 101|  97|  99|  84|  76| 104|  62|  60|  69| 108|  86|  92|  76|  91|
 06| 101|  85| 106|  89| 125| 140| 142| 126| 111|  94| 110|  89|  71|  74|  57|  72|  42|  41|  38|  40|  40|  56|  70|  63|
 07|  77|  96|  90| 103| 126| 116| 238| 197|  85|  70|  76|  72|  74|  81|  58|  62|  58|  54|  41|  59|  69|  64|  88|  89|
 08| 132| 108| 123| 117|  81|  82|  64|  81|  66|  64|  46|  48|  49|  41|  37|  45|  40|  68|  95| 123| 143|  86|  92|  84|
 09|  97|  84|  91| 111| 125| 115| 135|  87|  84|  70|  76|  65|  56|  65|  69|  70|  50|  45|  44|  53|  62|  83|  60|  63|
 10| 103|  95|  87| 102| 148| 115| 128|  88|  88|  71|  84|  82|  62|  75|  83|  47|  45|  50|  42|  64|  39|  53|  59|  60|
 11|  74|  94|  92|  93| 125| 121| 107|  97|  97| 101| 104|  74|  73|  58|  74|  51|  49|  56|  57|  58|  70|  62|  62|  85|
 12|  89|  91| 107| 128|  96| 126| 135| 128|  96|  71|  72|  91|  60|  67|  61|  59|  39| 118|  91| 106| 155| 221| 133| 127|
 13| 150| 139| 194| 217| 188| 258| 259| 220| 187| 163| 156| 148| 136| 101|  91| 103|  75| 108| 116| 129|  98|  85|  88| 107|
 14| 110| 123| 151| 129| 137| 186| 191| 153| 133| 116| 107| 112| 128| 111|  99|  97| 103|  73|  77| 106| 223|  96| 124| 110|
 15| 121| 160| 188| 168| 118| 169| 157| 357| 135| 111| 123| 121| 120| 106| 118|  89|  91|  77|  92| 119|  88| 107| 115| 256|
 16| 231| 235| 482| 571| 645| 646| 622| 567| 555| 550| 496| 450| 531| 464| 436| 441| 363| 258| 300| 368| 373| 347| 336| 350|
 17| 357| 389| 438| 456| 482| 496| 472| 426| 402| 286| 318| 231| 245| 246| 226| 246| 219| 107|  62|  83|  56|  50|  58|  78|
 18|  66|  86|  80|  88|  91| 106| 101| 112|  99|  68|  78|  64|  80|  62|  59|  67|  47|  56|  69|  50|  61|  56|  49|  62|
 19|  76|  79|  93|  93| 107|  94|  84|  90| 103|  84| 121|  72|  69|  65| 113| 103|  96| 117| 122| 146| 125| 132|  84|  98|
 20|  89| 103| 103| 122| 151| 187| 179| 149| 149| 134| 144| 115|  94| 148| 121| 142| 112|  91| 129| 181| 133| 105|  94|  81|
 21|  91| 100|  73| 117| 113| 156| 165| 145| 161| 165| 150| 137| 156| 164| 130|  96| 103|  81|  61| 111| 100| 103|  82|  87|
 22| 111|  99|  94| 110| 102| 196| 145| 154| 154| 157| 130| 134| 125| 124| 123| 136| 117|  83|  87| 111|  74|  88|  72|  79|
 23|  75|  93|  90|  96| 125| 206|  82| 117| 104| 116| 143| 123| 157| 159| 131| 121| 110| 150| 105| 183| 129|  99|  57|  68|
 24|  75| 103|  78|  79| 141| 128| 120| 158| 109| 155| 156| 180| 140| 135|  91| 110|  88|  96| 112| 103|  89|  97|  70|  97|
 25|  99| 107| 101| 142| 138| 196| 198| 207| 161| 215| 171| 185| 208| 153| 134| 246| 180| 174| 129| 238| 176| 123|  97|  97|
 26|  68|  79|  80| 128| 215| 190| 254| 209| 172| 200| 189| 170| 175| 120| 101|  88|  89|  80|  98|  73|  65|  83|  65|  84|
 27|  93|  94| 119|  95| 120| 148| 143| 117| 108| 129| 116|  91|  93|  93|  93| 104|  98|  81|  78| 101| 101|  66|  70|  81|
 28|  89| 107| 111| 117| 124| 133| 144| 171| 119| 125| 162| 145| 155| 136| 142| 121|  91| 182| 107| 104|??? |??? |??? |??? |
 29| 29|??? |??? |??? |??? |??? |??? |??? |??? |??? |??? |??? |??? |??? |??? |??? |??? |??? |??? |??? |??? |??? |??? |??? |??? |
 30| 30|??? |??? |??? |??? |??? |??? |??? |??? |??? |??? |??? |??? |??? |??? |??? |??? |??? |??? |??? |??? |??? |??? |??? |??? |
 31| 31|??? |??? |??? |??? |??? |??? |??? |??? |??? |??? |??? |??? |??? |??? |??? |??? |??? |??? |??? |??? |??? |??? |??? |??? |
[Observer]Lockyer_Observatory
[Country]United Kingdom 
[City]Sidmouth
[Longitude]003°1307
[Latitude]50°4116
[Frequencies]
[Antenna]Quad Yagi
[Azimut Antenna]135
[Elevation Antenna]0
[Pre-Amplifier]None
[Receiver]ICOM IC-706 MKIIG
[Observing Method]HROFFT10dB Count Datas
[Remarks]WinXP
