aug| 00h| 01h| 02h| 03h| 04h| 05h| 06h| 07h| 08h| 09h| 10h| 11h| 12h| 13h| 14h| 15h| 16h| 17h| 18h| 19h| 20h| 21h| 22h| 23h|
 01|  10|  19|  10|  16|  4 |  7 |  7 |  3 |  7 |  2 |  5 |  2 |  1 | 409|  4 |  1 |  0 |  3 |  0 |  1 |  3 |  2 |  63|  10|
 02|  15|  5 |  8 |  8 |  6 |  6 |  9 |  29|  6 |  16|  3 |  4 |  4 |  1 |  1 |  0 |  0 |  0 |  0 |  2 |  1 |  8 |  6 |  0 |
 03|  0 |  0 |  0 |  0 |  0 |  2 |  7 |  1 |  3 |  6 |  8 |  8 |  7 |  2 |  5 |  2 |  4 |  1 |  6 |  5 |  5 |  7 |  1 |  7 |
 04|  6 |  8 |  7 |  16|  17|  13|  14|  6 |  3 |  5 |  4 |  2 |  1 |  13|  3 |  3 |  0 |  2 |  0 |  1 |  4 |  2 |  1 |  8 |
 05|  19|  15|  16|  21|  15|  4 |  12|  16|  8 |  6 |  2 |  3 |  4 |  2 |  5 |  3 |  4 |  5 |  1 |  14|  12|  5 |  1 |  5 |
 06|  15|  3 |  20|  2 |  10|  10|  9 |  28|  1 |  24|  10|  5 |  5 |  5 |  2 |  12|  3 |  3 |  0 |  2 |  3 |  11|  3 |  22|
 07|  8 |  10|  8 |  13|  19|  9 |  2 |  8 |  2 |  16|  13|  18|  20|  26|  2 |  12|  43|  16|  2 |  9 |  6 |  2 |  3 |  4 |
 08|  2 |  35|  12|  8 |  11|  8 |  7 |  12|  7 |  13|  1 | 113|  3 |  0 |  4 |  4 |  2 |  0 |  21|  4 |  18|  12|  2 |  7 |
 09|  5 |  7 |  24|  20|  10|  5 |  13|  12|  6 |  17|  25|  12|  6 |  5 |  4 |  1 |  4 |  2 |  2 |  3 |  4 |  34|  5 |  3 |
 10|  12|  31|  19|  17|  54|  19|  16|  21|  60|  7 |  11|  6 |  6 |  4 |  3 |  2 |  0 |  0 |  0 |  7 |  1 |  0 |  2 |  2 |
 11|  12|  11|  8 |  20|  13|  45|  7 |  5 |  37|  7 |  23|  25|  23|  1 |  14|  2 |  3 |  2 |  1 |  5 |  8 |  9 |  2 |  13|
 12|  26|  39|  23|  34|  13|  20|  42|  13|  4 |  45|  24|  19|  9 |  12|  27|  7 |  3 |  5 |  30|  23|  6 |  28|  32|  51|
 13|  43|  63|  95| 122|  93| 103|  39|  66|  51|  52|  65|  21|  7 |  47|  8 |  9 |  18|  29|  11|  12|  3 |  16|  6 |  15|
 14|  65|  18|  48|  17|  21|  28|  56|  36|  37|  33|  26|  23|  16|  20|  5 |  1 |  11|  2 |  8 |  1 |  5 |  5 |  5 |  8 |
 15|  35|  13|  32|  8 |  3 |  12|  12|  50|  14|  7 |  16|  2 |  1 |  6 |  3 |  1 |  8 |  2 |  5 |  7 |  5 |  6 |  3 |  2 |
 16|  5 |  5 |  3 |  7 |  12|  21|  12|  15|  5 |  16|  17|  11|  10|  10|  6 |  1 |  1 |  4 |  6 |  10|  2 |  4 |  4 |  8 |
 17|  4 |  3 |  26|  7 |  14|  10|  20|  5 |  17|  3 |  5 |  18|  5 |  3 |  11|  2 |  5 |  6 |  5 |  1 |  1 |  0 |  1 |  2 |
 18|  4 |  6 |  6 |  6 |  2 |  5 |  3 |  6 |  6 |  0 |  17|  4 |  2 |  3 |  5 |  2 |  0 |  0 |  3 |  0 |  0 |  6 |  0 |  1 |
 19|  9 |  12|  2 |  6 |  5 |  9 |  3 |  2 |  2 |  3 |  5 |  0 |  4 |  2 |  3 |  4 |  2 |  4 |  3 |  8 |  7 |  2 |  1 |  12|
 20|  5 |  5 |  4 |  16|  7 |  10|  4 |  9 |  6 |  4 |  6 |  5 |  0 |  3 |  7 |  4 |  4 |  7 |  6 |  5 |  8 |  10|  1 |  5 |
 21|  5 |  6 |  6 |  1 |  3 |  4 |  11|  37|  9 |  4 |  3 |  5 |  10|  7 |  3 |  4 |  5 |  5 |  1 |  8 |  4 |  13|  5 |  5 |
 22|  12|  5 |  6 |  5 |  6 |  5 |  5 |  3 |  3 |  1 |  2 |  1 |  1 |  4 |  1 |  8 |  8 |  7 |  2 |  2 |  5 |  9 |  10|  1 |
 23|  2 |  4 |  19|  6 |  3 |  8 |  29|  1 |  5 |  5 |  29|  3 |  4 |  8 |  2 |  2 |  2 |  1 |  1 |  1 |  6 |  5 |  1 |  1 |
 24|  1 |  5 |  6 |  0 |  17|  2 |  7 |  2 |  4 |  6 |  4 |  0 |  0 |  1 |  2 |  5 |  3 |  0 |  4 |  1 |  5 |  1 |  2 |  5 |
 25|  7 |  3 |  6 |  4 |  6 |  4 |  4 |  1 |  0 |  10|  13|  2 |  5 |  2 |  3 |  5 |  1 |  3 |  0 |  1 |  11|  11|  3 |  8 |
 26|  7 |  2 |  5 |  13|  14|  8 |  8 |  8 |  7 |  5 |  41|  3 |  2 |  7 |  6 |  6 |  3 |  1 |  6 |  4 |  1 |  0 |  5 |  2 |
 27|  4 |  20|  7 |  5 |  18|  8 |  6 |  5 |  3 |  13|  5 |  7 |  2 |  5 |  2 |  4 |  4 |  4 |  0 |  1 |  5 |  3 |  5 |  5 |
 28|  4 |  3 |  3 |  5 |  2 |  2 |  5 |  8 |  1 |  2 |  4 |  3 |  8 |  2 |  3 |  4 |  4 |  5 |  2 |  2 |  0 |  0 |  0 |??? |
 29|??? |??? |??? |??? |??? |??? |??? |??? |??? |??? |??? |??? |??? |??? |??? |??? |??? |??? |??? |??? |??? |??? |??? |??? |
 30|??? |??? |??? |??? |??? |??? |??? |??? |??? |??? |??? |??? |??? |??? |??? |??? |??? |??? |??? |??? |??? |??? |??? |??? |
 31|??? |??? |??? |??? |??? |??? |??? |??? |??? |??? |??? |??? |??? |??? |??? |??? |??? |??? |??? |??? |??? |??? |??? |??? |
[Observer]Lockyer_Observatory
[Country]United Kingdom 
[City]Sidmouth
[Longitude]003°1307
[Latitude]50°4116
[Frequencies]
[Antenna]Quad Yagi
[Azimut Antenna]135
[Elevation Antenna]0
[Pre-Amplifier]None
[Receiver]ICOM IC-706 MKIIG
[Observing Method]HROFFT30dB Length Datas
[Remarks]WinXP
