2
5
8
10
14
8
1
7
5
10
5
2
1
3
1
1
4
2
10
9
1
14
1
1
2
5
5
2
2
6
2
3
1
2
1
1
1
2
1
1
1
2
1
1
2
1
1
3
1
1
1
1
2
2
2
2
3
1
1
1
8
1
10
8
1
4
8
13
19
4
6
10
6
13
15
4
22
16
20
4
7
7
3
3
3
1
1
6
1
2
2
3
3
3
2
8
3
3
9
1
2
1
3
4
3
4
3
1
3
23
9
15
4
6
1
2
5
3
14
3
3
17
10
4
27
1
1
2
2
1
1
2
4
4
1
4
1
1
1
4
8
19
1
1
1
7
4
2
15
12
11
39
18
10
1
2
8
16
7
4
16
16
4
14
7
1
5
4
8
3
1
2
1
3
2
1
4
7
1
1
4
2
2
1
1
1
1
1
4
4
2
1
1
1
1
1
1
4
1
1
3
6
2
3
1
2
5
5
1
5
1
4
1
1
1
1
1
3
4
1
4
5
5
1
2
2
2
1
1
1
3
1
2
1
4
3
2
1
1
1
1
1
1
2
3
8
1
3
4
1
1
1
3
8
5
2
1
1
3
2
3
1
7
1
1
1
1
2
1
3
5
11
11
8
27
12
20
3
1
1
6
3
1
1
5
1
3
4
1
3
1
1
1
3
1
1
1
1
1
1
1
1
9
1
4
1
10
5
4
14
26
12
25
3
2
5
8
2
1
4
1
5
2
1
1
2
1
2
3
1
1
1
2
8
3
29
7
1
6
2
1
9
1
1
1
4
4
1
2
2
1
4
2
1
1
2
2
2
6
1
29
18
29
8
4
2
3
1
1
2
1
1
17
2
7
2
1
1
2
4
1
4
2
2
1
2
1
4
2
1
5
1
7
32
24
15
18
5
4
5
9
1
4
3
19
1
3
2
3
2
1
2
3
1
1
1
1
3
2
4
1
3
4
4
1
1
1
6
7
14
9
8
19
34
14
10
4
1
3
9
12
6
14
1
5
3
5
1
2
7
4
3
1
2
1
2
8
7
1
3
3
4
12
5
2
2
9
2
4
1
3
6
5
5
4
4
5
2
8
18
8
8
17
25
1
6
2
6
5
3
2
2
8
4
3
1
2
4
1
2
1
6
1
1
1
15
2
1
2
1
5
8
4
19
10
11
22
12
8
2
1
2
9
17
20
3
14
5
9
2
5
10
6
7
2
2
1
1
6
2
1
2
2
2
1
7
3
2
1
1
2
1
1
10
1
1
1
1
1
4
1
1
1
1
1
3
2
3
11
14
1
2
3
3
1
5
12
2
5
13
13
2
25
16
1
4
6
10
12
3
2
7
5
2
4
9
9
12
2
6
1
1
2
1
2
4
1
3
2
3
3
1
1
1
2
2
2
5
4
3
6
2
1
1
18
7
4
3
3
1
1
1
1
12
14
15
17
1
4
1
14
3
1
32
12
12
12
16
7
2
7
1
10
2
1
1
1
4
1
1
1
3
2
1
18
1
1
11
1
11
3
2
4
17
7
6
11
12
6
2
6
12
4
2
2
6
1
5
1
2
1
1
3
11
1
3
14
1
6
8
2
4
1
1
5
8
2
7
4
8
8
2
11
5
1
1
1
1
4
2
2
1
1
7
8
8
1
1
4
1
2
3
2
2
4
3
2
5
1
1
1
4
4
3
8
2
5
1
14
13
40
55
4
6
3
11
1
1
3
2
5
19
25
33
20
2
2
6
20
18
24
24
19
21
13
2
3
2
1
4
3
2
4
2
4
8
2
2
1
2
1
1
3
3
3
3
3
1
2
1
4
1
1
3
6
2
8
2
3
3
3
4
3
3
7
3
7
9
11
4
2
4
4
4
4
2
6
4
8
5
7
3
3
2
1
1
1
1
1
5
1
4
2
2
3
2
1
2
5
7
2
2
3
3
2
2
3
1
1
1
3
3
2
3
2
4
2
5
3
3
5
1
2
8
7
6
6
10
11
9
7
4
5
8
11
14
10
15
14
2
5
2
3
8
10
16
13
20
13
3
2
4
5
8
9
13
11
10
11
5
4
7
3
4
4
8
7
6
2
8
10
1,1
1,1
1,1
6,6
1,1
5,5
2,2
2,2
3,3
11,11
3,3
1,1
2,2
1,1
4,4
2,2
3,3
2,2
2,2
4,4
2,2
3,3
1,1
2,2
3,3
2,2
3,3
3,3
7,7
3,3
2,2
4,4
4,4
6,6
1,1
3,3
1,1
2,2
1,1
3,3
2,2
3,3
3,3
1,1
2,2
5,5
2,2
2,2
1,1
2,2
4,4
3,3
5,5
9,9
3,3
2,2
3,3
3,3
3,3
7,7
3,3
5,5
4,4
5,5
4,4
9,9
2,2
3,3
1,1
4,4
1,1
4,4
6,6
7,7
2,2
2,2
1,1
1,1
1,1
1,1
1,1
1,1
1,1
1,1
1,1
1,1
1,1
1,1
1,1
1,1
1,1
1,1
2,2
2,2
3,3
1,1
1,1
3,3
1,1
10,10
5,5
7,7
1,1
3,3
6,6
2,2
1,1
2,2
3,3
1,1
2,2
2,2
2,2
3,3
3,3
3,3
4,4
2,2
3,3
2,2
1,1
3,3
4,4
2,2
1,1
2,2
2,2
1,1
1,1
2,2
1,1
8,8
1,1
11,11
3,3
1,1
1,1
1,1
1,1
1,1
4,4
2,2
1,1
2,2
1,1
3,3
3,3
4,4
3,3
1,1
1
1
1
4
13
7
1
6
4
9
16
1
4
4
5
5
3
3
4
4
3
5
1
3
2
2
3
1
2
1
3
9
6
1
1
2
1
2
2
1
3
1
4
1
2
2
2
1
1
4
2
1
1
3
1
1
4
1
4
2
5
1
1
5
5
6
1
4
3
3
2
3
6
1
2
4
5
1
1
1
7
1
6
1
4
1
8
6
10
2
1
5
2
1
1
4
10
11
4
1
2
2
2
4
6
1
2
1
1
3
1
1
1
1
3
1
6
2
1
2
2
1
2
3
3
1
3
2
3
2
1
2
7
12
1
1
1
1
2
1
4
7
4
3
1
2
4
3
1
1
1
1
1
1
3
2
1
1
1
2
2
3
1
2
3
8
26
3
1
1
1
4
2
1
6
2
1
1
4
3
4
1
6
3
8
4
2
2
3
1
1
4
1
2
1
3
1
1
1
4
4
2
1
2
3
1
1
1
2
1
3
2
3
2
2
1
2
2
4
1
1
2
1
3
1
2
2
2
3
3
5
1
2
3
6
3
5
17
15
10
22
2
1
2
2
1
5
7
3
8
2
2
3
1
1
1
3
3
2
8
3
2
2
4
1
2
1
4
4
2
4
3
1
1
1
2
2
2
1
6
7
3
1
1
1
4
1
2
5
4
5
6
8
1
5
1
3
2
1
7
7
5
4
7
1
2
1
1
2
3
1
2
3
2
6
1
9
8
1
3
2
5
2
1
3
3
6
6
6
1
1
4
4
3
3
8
5
9
2
1
2
2
4
1
1
5
1
2
3
3
11
5
6
1
1
1,12
1,17
22
21
25
2,32
1,25
4,34
5,56
2,59
7,41
3,68
5
2,1
9
2,26
3,38
49
8,46
2,40
7,58
6,48
1
1
5
1,9
17
1,25
2,52
2,46
11,56
3,58
3,64
2
1
1
2,2
1,6
1,18
3,29
5,22
2,35
2,44
6,35
10,43
4,77
17
1,21
1,19
1,18
1,24
27
1,32
3,20
8,51
4,48
8,29
2,4
2,15
1,22
1,22
1,25
1,15
15
3,28
9,30
10,39
3,42
3,47
2
1,4
2,10
3,21
1,20
24
2,15
1,40
7,30
6,37
5,54
9,51
13
2,17
2,15
4,15
5,15
2,16
4,31
1,28
5,22
3,43
10,76
7,69
4,16
4,7
3,11
2,19
2,10
24
2,23
3,21
5,45
3,57
7,46
6,66
1,13
18
19
11
19
26
30
30
57
50
62
76
20
24
1,24
25
1,25
29
34
44
47
52
1,57
4
10
24
18
33
36
28
55
59
48
50
74
2
4
1,10
2,16
5,25
23
32
2,35
4,48
5,55
4,70
3,55
1,2
4,12
6,27
3,19
3,21
3,23
3,33
5,51
3,45
5,45
3,61
2,76
4
1,9
2,9
3,28
5,19
1,23
1,23
1,38
1,38
2,35
4,66
6,45
3,21
2,24
1,17
2,24
3,20
1,24
2,27
3,40
8,44
7,104
8,99
6,103
5,38
2,32
4,25
5,39
1,32
1,37
3,52
1,57
4,64
12,67
8,54
6,69
6
3
4
2
6
1
4
5
7
8
10
9
1
4,5
2,9
7,3
4,27
4,31
3,32
3,42
6,46
9,42
11,44
9,61
2,1
1,1
9,5
3,11
1,24
2,20
30
2,47
2,48
6,78
12,65
8,28
5
1
3,26
5,15
1,24
3,39
2,18
7,29
6,36
5,59
3,42
9,21
3
2,17
4,30
35
2,38
23
23
2,26
3,54
3,57
3,64
4,87
2
1
2,18
3,31
2,14
2,20
2,24
1,30
5,40
2,47
4,34
1,54
5
18
15
2,26
3,22
29
2,27
4,31
6,36
6,55
15,42
2,20
2,27
24
1,24
1,37
4,51
2,37
4,34
2,57
2,33
8,81
8,77
9
5
16
13
8
9
31
46
56
56
52
72
6
13
28
20
19
6
11
3
15
7
48
17
8
29
34
56
12
42
43
63
15
21
21
18
14
23
27
28
34
37
51
78
5,17
2,15
2,33
27
2,20
3,22
2,29
8,39
5,58
8,83
13,80
13,96
5,16
4,23
7,29
6,19
6,11
23
5,24
5,29
3,53
9,44
12,28
18,34
2,18
3,25
5,24
1,21
6,16
3,27
1,28
7,46
10,68
9,76
10,119
7,111
3,29
8,29
3,35
7,38
6,46
4,33
4,45
7,52
8,55
3,80
10,117
18,129
6,16
5,28
2,40
4,48
3,39
2,30
1,45
6,61
8,79
12,105
17,105
12,96
6,33
6,38
10,40
4,33
3,25
3,34
3,47
1,67
6,68
9,82
16,92
14,88
5,17
8,21
3,28
4,3
3,15
2,25
4,32
4,43
7,90
9,62
5,37
13,66
5,26
9,7
2,13
1,19
33
2,6
2,1
7,11
5,14
8,27
9,16
11,24
17
31
44
47
32
36
47
53
102
114
106
129
21
32
44
64
35
39
30
55
89
92
113
122
20
33
38
122
174
195
41
53
82
136
137
165
2
2
21
52
54
51
31
36
51
151
179
152
26
38
31
16
63
20
25
28
22
25
33
67
45
15
40
51
35
33
28
33
44
50
40
57
55
3
8
5
3
1
6
5
8
4
3
5
8
