2
3
2
7
2
1
4
1
1
1
2
2
3
2
1
2
1
3
1
1
1
1
1
1
2
4
4
1
4
1
1
1
1
1
1
14
1
16
6
2
4
4
2
2
3
16
1
1
1
1
1
2
6
2
1
2
1
5
10
1
1
11
1
1
2
1
4
6
1
3
4
2
5
7
1
3
1
2
2
1
11
1
1
2
2
2
5
1
1
1
1
1
1
1
2
1
1
3
2
4
1
1
1
2
3
1
1
1
4
1
1
2
1
1
1
1
3
4
1
1
1
2
1
2
4
6
1
2
1
5
12
1
1
6
1
1
1
1
2
1
2
2
1
2
1
1
1
14
4
5
2
3
2
4
3
2
1
2
1
1
1
3
1
1
1
1
3
1
1
2
1
1
3
2
1
1
1
1
1
1
2
1
1
1
9
25
1
2
5
2
2
1
2
1
3
1
2
1
3
2
2
1
1
2
1
11
1
1
1
2
1
1
1
2
1
2
1
1
1
1
1
8
10
9
2
6
1
2
1
1
3
5
3
1
1
1
2
1
1
3
1
1
2
2
2
2
2
1
1
1
1
1
4
1
1
1
1
1
1
2
1
2
1
1
4
8
1
1
7
1
1
1
2
1
3
1
1
2
1
1
2
2
1
1
1
1
1
17
3
7
11
4
2
2
1
1
6
1
3
1
1
1
2
2
1
1
1
3
2
2
2
1
4
3
5
1
3
1
1
1
2
1
2
1
1
1
1
1
1
5
1
1
4
1
2
3
1
1
4
1
1
1
3
3
3
3
3
3
8
1
3
1
1
8
2
1
11
2
11
1
2
8
1
10
1
2
1
1
5
1
2
1
1
1
1
1
1
1
1
1
6
3
1
1
1
2
22
11
2
5
10
4
1
3
9
1
1
3
4
4
3
3
3
6
3
1
8
1
1
1
1
2
2
1
1
1
4
2
1
1
3
8
5
27
2
10
8
5
13
17
13
11
10
11
9
46
36
35
32
24
19
27
15
11
9
18
6
5
9
5
5
1
11
4
11
2
5
1
4
2
3
1
2
6
1
2
6
11
2
1
2
37
4
2
1
1
1
2
1
4
3
2
9
6
3
1
3
1
2
1
1
1
1
6
5
1
1
2
1
1
4
2
2
2
4
5
2
1
8
3
3
2
1
3
3
2
5
12
4
1
1
2
1
2
3
1
4
3
5
1
2
1
4
2
2
1
3
2
8
1
7
1
2
1
3
2
3
1
4
4
2
2
1
2
4
8
3
5
5
3
6
3
2
1
4
12
7
7
1
2
1
3
3
1
4
10
6
7
11
6
5
10
6
4
10
12
4
5
5
7
5
2
5
1
12
13
7
3
3
6
6
3
4
1
8
5
5
4
3
3
6
10
1
3
2,2
1,1
2,2
1,1
2,2
1,1
1,1
1,1
3,3
1,1
4,4
4,4
6,6
5,5
4,4
2,2
1,1
1,1
3,3
2,2
3,3
5,5
1,1
11,11
5,5
4,4
1,1
3,3
6,6
5,5
2,2
1,1
1,1
1,1
1,1
8,8
11,11
9,9
5,5
1,1
1,1
1,1
1,1
1,1
12,12
9,9
10,10
5,5
3,3
1,1
1,1
2,2
5,5
2,2
2,2
2,2
1,1
1,1
2,2
2,2
3,3
1,1
1,1
1,1
1,1
2,2
1,1
2,2
2,2
1,1
3,3
1,1
4,4
1,1
1,1
1,1
3,3
1,1
4,4
3,3
3,3
2,2
3,3
1,1
1,1
1,1
8,8
12,12
6,6
3,3
3,3
3,3
5,5
7,7
2,2
3,3
1,1
1,1
2,2
1,1
3,3
2,2
2,2
6,6
9,9
3,3
3,3
2,2
1,1
2,2
1,1
3,3
6,6
5,5
1,1
3,3
1,1
1,1
1,1
1,1
1,1
8,8
8,8
3,3
2,2
2,2
2
3
1
16
6
2
3
1
5
4
7
5
1
1
1
11
11
5
9
1
2
1
1
4
8
5
3
1
1
1
2
4
4
5
3
3
2
4
1
2
3
7
8
4
3
1
2
2
1
2
5
12
4
4
3
1
1
1
1
1
3
1
1
1
2
3
6
7
3
1
1
2
2
7
3
1
4
2
1
1
6
8
4
2
2
1
1
5
4
4
1
1
3
1
1
1
1
6
3
1
9
1
2
1
9
7
2
1
2
2
1
2
8
4
1
2
1
1
4
7
2
2
1
1
1
5
10
5
2
1
1
2
1
3
8
1
2
2
1
1
1
1
1
7
3
1
2
1
1
1
1
2
1
6
4
4
2
1
1
2
1
1
1
1
1
1
5
1
1
1
4
6
3
3
2
1
1
1
2
1
1
6
3
1
2
1
2
6
6
4
4
4
4
4
1
1
4
3
5
2
4
3
3
3
1
2
2
3
4
4
1
4
4
4
1
1
2
2
1
5
2
3
6
5
3
7
4
5
2
1
2
6
4
9
4
13
3
3
1
3
11
5
1
1
3
2
4
4
6
4
10
5
3
5
2
2
2
3
5
5
7
4
7
2
2
3
1
3
1
2
2
3
4
5
9
7
2
1
1
3
2
1
5
8
3
1
3
2
1
3
1
5
3
4
1
6
3
6
2
2
3
4
5
3
3
3
3
1
2
8
3
3
5
14
3
2,16
2,75
7,57
1,40
2,41
1,40
2,26
3,2
4,2
12
4
2
2
5,61
6,65
2,69
3,44
3,27
2,6
1
4
8
7
3
3
3,73
4,86
5,59
1,61
2,50
2,25
4,5
8,1
4
7
9
5
7,45
4,43
8,42
5,42
5,40
2,14
5,3
8,76
5,218
2,88
3,68
252
1,46
3,53
3,42
1,31
1,30
5,34
4,34
5,18
9,17
7,9
4,3
1,2
4,41
4,53
6,52
3,34
1,34
1,25
5,20
7,17
6,5
8,2
5
1
8,63
3,70
4,60
7,38
1,29
3,49
4,42
2,10
8,9
8,26
4,14
11
9,61
8,52
5,49
4,43
4,30
5,36
6,42
12,42
8,40
8,18
5,13
3,17
5,82
10,60
4,58
5,49
2,33
2,42
1,34
8,30
7,31
7,24
10,26
5,16
72
72
64
56
57
49
32
56
18
1
70
1,68
50
43
27
17
24
10
2
86
2,55
4,53
1,42
1,31
3,31
3,46
6,9
6
4
3
4
5,100
7,68
6,60
2,50
5,45
3,32
6,60
8,45
6,14
6,1
1
2
4,78
4,50
3,45
4,30
2,41
26
4,44
8,25
11,12
5,3
1,1
3,2
5,59
2,41
5,50
5,38
1,54
1,40
4,52
4,45
9,38
7,23
2,9
3,10
6,86
7,90
2,79
5,76
1,58
4,60
1,116
17,89
15,67
6,24
9,49
7,34
15,72
7,82
4,63
6,68
1,51
3
4
10
4
7
2
3
7
9
5
4
2,54
1,34
6,41
5,25
5,2
4
3
2
59
57
2,81
5,43
5,40
1,53
2,16
5,1
10
7
5
10
15,37
8,68
8,54
3,38
12
3,37
8,49
3,8
12
12
2
2
13,70
11,56
5,41
1,45
6,52
3,21
7,6
6,2
7,1
10,10
1,2
4
92
2,67
11,75
2,44
3,53
4,21
2,3
8,1
9
5
2
4
7,43
2,45
6,19
1,32
35
2,15
1,133
7,103
7,1
2
3
13,68
6,42
2,35
3,37
15
2
9
9
3,42
5,22
29
22
7,78
1,44
37
41
41
47
35
37
29
15
21
6
6
137
145
81
84
41
52
44
15
61
33
39
71
49
16
42
56
44
29
48
31
42
29
22
47
25
7,12
38
53
11,49
4,48
14
43
12
4,13
4,24
13,110
63
1,75
8,84
7,78
7,89
11,75
12,57
13,27
9,51
5,30
5,22
11,28
11,96
2,90
2,86
1,90
8,94
8,63
14,71
14,57
9,32
9,29
5,19
10,97
5,112
4,110
6,96
9,122
12,104
13,75
11,44
12,87
10,44
7,20
3,26
5,117
10,122
1,131
2,123
5,149
12,116
17,101
21,27
13,25
17,27
11,19
4,21
13,97
9,96
6,60
3,66
10,111
14,91
16,44
7,77
11,68
10,37
6,18
2,28
9,70
8,75
2,100
6,118
9,110
8,88
14,55
13,53
12,36
13,23
5,27
14
10,64
4,81
4,78
2,140
6,84
10,142
23,35
16,72
18,33
13,52
6,26
7,24
8,24
30
8,45
1,29
34
176
116
111
72
59
47
33
110
155
195
217
187
159
134
99
209
104
51
21
167
166
197
233
152
121
118
108
85
222
106
21
193
204
240
200
232
223
182
145
85
11
19
3
242
280
297
260
196
120
65
154
109
73
55
27
102
88
138
123
177
97
153
136
99
74
53
31
29
50
40
35
14
56
28
5
32
25
20
17
23
15
15
10
6
4
6
6
7
21
41
7
4
