295
284
268
96
116
80,94
136,116
138,129
161,122
208,169
207,183
243,211
234,212
251,226
391,307
205,147
133,127
187,170
238,225
232,201
316,283
361,308
519,409
647,444
730,476
715,470
558,371
417,323
317,275
249,223
245,213
357,246
412,286
387,307
345,277
466,394
537,420
434,362
431,350
132,127
129,134
142,152
154,138
167,155
169,154
325,254
323,279
505,354
349,304
302,256
319,255
95,98
102,93
111,109
146,111
148,146
161,181
255,220
265,244
330,307
369,323
356,298
324,311
159
143
133
151
167
168
207
299
317
333
342
341
98
107
123
130
118
164
173
4,4
2,2
5,5
5,5
79,79
2,2
197,197
323,323
140,140
169,169
465,465
373,373
367,367
83,83
80,80
86,86
44,44
407,407
611,611
787,787
640,640
726,726
1
21
7
5
6
6,6
4,4
10,10
202,202
55,55
8,8
8,8
72,72
22,22
57,57
171,171
34,34
1,1
1,1
2,2
1,1
1,1
9,9
12,12
6,6
51,51
209,209
258,258
8,1
30
29
336
1033
1086
1047
987
545
587
243
27
32
37
18
26
26
20
25
22
23
17
26
24
16
52
27
25
19
23
18
14
26
12
27
19
20
17
24
23
18
21
18
16
19
25
28
41
25
28
28
29
30
31
18
21
17
17
21
44
23
52
46
39
41
39,4
37,6
30,26
52,19
49,31
48,22
35,10
54,8
65,10
48,12
35,5
33,15
45,16
35,19
34,27
43,29
55,34
54,27
41,10
56,6
52,14
61,9
37,12
32,14
27,17
40,20
46,13
38,18
40,21
44,35
42,7
42,12
47,13
43,20
70,9
34,17
53,24
35,18
36,17
45,24
45,24
62,24
50,15
37,15
44,17
63,12
46,18
53,22
36,20
31
51,50
43,26
54,25
68,33
67,13
49,16
45,23
45
35,56
45,20
41,29
37,42
38,52
41
110
72
21
18
17
30
29
24
19
38
77
52
19
13
13
27
11
24
24
25
60
28
12
13
8
30
15
20
23
25
45
25
11
11
11
32
25
17
16
25
36
28
14
11
13
17
18
17
21
18
36
19
10
9
7
31
19
20
31
21
38
26
16
22
16
28
20
14
13
22
46
9
12
11
6
20
12
19
19
16
25
20
13
11
5
22
18
20
22
17
30
21
12
16
15
18
13
16
17
25
18
48
19
13
16
16
29
7
9
15
20
38
18
4
9
11
12
15
10
8
18
12
16
18
14
9
21
14
8
28
20
19
10
13
12
24
14
13
7
11
13
6
22
12
13
16
15
12
22
14
6
10
20
11
15
11
15
18
17
15
17
9
10
10
8
17
17
15
15
15
22
18
18
9
11
10
10
26
18
13
17
16
15
19
27
7
12
13
17
17
18
10
11
16
14
21
25
3
6
8
6
12
23
13
12
16
11
14
15
19
14
13
13
12
21
11
25
21
10
8
9
15
17
14
7
20
20
19
15
22
20
10
14
9
12
20
16
17
13
8
18
20
11
8
14
10
15
9
14
20
13
15
13
11
9
12
7
13
10
27
10
11
11
15
15
15
12
10
15
21
8
15
17
15
10
11
12
18
11
4
6
10
16
23
24
20
18
7
14
8
10
7
10
13
24
13
11
18
20
14
14
20
14
14
12
7
14
10
15
20
9
11
17
20
14
16
11
8
15
13
12
14
12
15
12
17
14
10
12
12
11
19
13
9
21
14
12
20
13
6
7
12
9
19
19
12
15
20
22
16
15
10
15
11
15
19
17
12
15
15
16
20
13
14
8
11
17
9
16
21
17
13
23
17
12
12
19
15
20
18
12
16
10
6
18
22
7
10
6
18
13
12
10
14
17
16
20
12
4
10
12
9
17
10
13
9
10
22
10
18
13
9
14
13
17
11
11
15
16
13
18
20
9
12
29
19
16
16
15
12
14
20
18
12
14
9
19
12
13
12
13
8
10
14
11
9
8
12
7
12
13
17
14
12
12
15
24
15
14
10
12
12
12
22
21
9
19
14
17
6
20
12
16
18
20
19
23
18
24
25
24
9
10
9
13
15
14
16
18
17
10
11
15
13
10
15
7
13
19
18
15
12
10
17
19
9
7
4
8
8
17
19
13
15
19
16
22
9
7
13
13
13
18
10
19
22
19
19
13
3
10
13
9
13
19
16
17
17
22
11
21
14
12
13
15
23
14
21
20
12
11
17
19
9
7
3
6
14
25
32
13
18
18
7
33
15
12
24
19
16
18
8
12
17
15
7
8
9
9
10
16
17
21
12
16
12
12
9
6
8
6
10
20
15
18
13
15
15
10
8
8
11
13
19
19
19
21
15
13
22
12
6
15
12
11
15
16
19
29
23
15
21
24
4
16
14
20
21
44
21
21
24
19
9
17
10
7
19
13
20
15
23
19
9
15
21
17
9
11
7
9
11
20
23
15
18
10
19
9
2
12
18
19
11
22
20
14
19
15
21
20
12
7
12
13
23
25
17
23
16
18
14
12
7
14
7
15
16
20
21
15
23
10
10
9
8
5
13
20
21
17
18
17
16
13
12
16
8
7
12
10
15
8
20
17
17
16
19
11
10
20
12
13
15
16
20
21
18
14
13
21
7
10
9
15
13
17
16
11
17
17
14
16
5
7
11
11
18
9
19
23
18
17
13
11
6
13
13
16
16
15
22
20
15
15
15
12
9
13
15
9
12
20
7
17
14
10
5
19
12
9
9
11
14
16
18
11
15
15
16
20
8
8
5
11
13
17
17
10
11
16
13
19
7
9
11
11
9
9
8
18
9
8
9
16
7
11
8
15
11
8
21
6
15
9
8
13
7
5
8
13
11
14
11
11
8
12
11
23
5
6
5
11
14
11
12
14
11
9
8
11
12
4
7
5
11
9
13
9
13
8
9
16
6
15
5
4
15
11
1
13
16
12
9
10
8
11
11
6
14
16
12
15
11
14
10
16
1
11
7
9
15
8
11
13
10
14
12
13
11
7
14
4
9
10
15
13
7
11
15
17
10
2
10
17
13
14
20
13
17
16
3
8
16
13
15
17
21
18
10
11
15
21
11
8
5
12
13
16
9
10
7
8
10
14
6
8
8
7
15
14
7
16
16
13
13
21
10
6
4
12
15
10
17
22
17
9
22
4
5
10
6
10
17
11
16
25
5
13
10
12
5
8
4
8
11
13
16
13
21
9
17
17
9
5
7
13
14
12
13
12
15
22
13
17
6
7
11
13
15
16
19
16
12
10
10
20
7
8
4
11
8
14
9
23
19
16
10
18
7
6
7
9
14
16
20
19
18
10
9
16
8
4
5
9
16
25
19
21
17
18
16
21
6
4
8
18
24
25
30
31
38
33
13
20
4
4
15
17
39
61
53
76
75
55
25
40
10
6
20
27
34
52
73
111
121
87
54
39
7
8
7
12
17
25
11
8
18
21
16
22
4
8
6
4
13
15
16
17
9
7
19
13
7
4
6
10
8
7
5
10
12
14
8
11
11
3
8
9
6
10
14
10
9
18
21
10
2
8
6
10
7
11
12
11
14
9
11
11
5
11
3
4
12
6
12
9
14
8
12
8
5
6
10
14
10
11
13
11
14
8
11
8
11
5
7
5
12
16
9
9
10
7
5
11
6
2
10
12
8
8
10
8
11
11
9
10
7
8
3
14
9
13
10
13
7
11
11
16
5
8
2
5
5
10
5
12
6
7
9
8
6
8
5
8
6
7
10
10
15
8
13
15
10
6
3
4
4
10
7
12
12
9
12
5
4
8
8
11
6
11
14
12
18
8
11
8
6
5
7
8
14
15
7
12
9
11
11
13
9
5
6
5
8
14
14
8
19
15
13
14
8
10
6
8
6
9
15
14
13
13
7
9
5
7
10
9
12
9
22
10
12
17
4
9
3
8
11
11
22
16
13
16
17
22
20
11
18
7
14
15
21
16
26
39
41
77
33
17
13
9
15
14
17
19
10
14
18
15
10
5
12
8
14
19
11
13
18
12
24
17
8
12
14
8
10
17
12
8
14
16
21
20
6
9
4
11
12
11
9
15
5
14
11
9
9
2
9
7
9
6
12
9
11
14
11
11
3
2
3
9
6
9
9
9
12
9
14
6
3
4
8
3
6
4
4
5
11
9
4
6
6
6
3
5
8
5
11
11
9
8
10
15
2
4
5
8
8
6
8
10
7
6
5
10
3
1
3
7
3
8
7
8
7
14
6
6
2
9
8
6
8
3
5
13
11
6
15
13
7
2
3
10
9
7
10
6
8
14
13
12
5
3
4
2
9
5
12
6
9
12
9
8
3
6
1
8
8
9
10
4
5
9
13
14
5
11
5
5
7
11
9
4
12
9
11
2
6
3
8
11
8
11
6
7
7
14
5
3
4
4
7
4
16
11
12
14
11
9
4
9
8
8
6
14
9
10
7
17
14
9
9
5
8
3
5
5
4
5
3
5
9
14
7
7
3
6
8
5
5
5
9
13
6
12
3
4
8
5
3
7
12
15
11
12
16
16
6
4
8
5
5
9
12
9
12
6
11
13
6
6
3
3
8
5
5
7
6
11
15
13
4
6
7
4
12
8
9
9
14
16
10
17
3
8
5
5
6
9
13
10
9
10
5
13
4
3
5
1
9
4
10
7
10
8
7
16
8
8
4
8
12
3
8
13
9
11
6
9
5
5
1
7
7
6
16
17
7
14
7
2
7
5
8
6
10
7
10
16
12
13
5
4
4
4
6
9
14
8
6
7
7
11
8
2
6
5
12
7
6
9
10
14
9
9
3
3
5
3
3
7
6
8
7
4
14
12
2
1
3
1
4
7
4
4
8
11
9
11
5
6
4
5
6
1
10
9
8
10
9
11
2
7
2
6
3
9
7
14
8
7
7
7
3
2
6
3
3
3
9
7
13
11
12
9
2
6
4
3
3
2
3
3
7
8
4
8
4
2
3
1
5
3
8
6
9
12
6
7
3
4
5
2
4
3
6
5
6
12
8
8
4
5
3
3
9
6
8
2
5
7
15
1
5
3
3
3
3
6
7
12
3
4
4
2
5
1
11
11
12
12
14
3
2
3
5
4
4
10
6
15
11
8
9
4
2
4
10
5
9
7
6
14
12
18
16
4
5
2
8
8
2
8
7
12
7
9
18
5
3
6
9
3
7
6
4
9
19
8
14
7
5
1
3
9
4
10
15
7
14
9
19
4
4
3
4
1
3
7
7
13
8
10
14
2
3
8
4
4
9
8
9
14
6
14
10
10
22
24
20
21
27
21
11
8
7
10
18
17
13
24
24
28
29
31
10
7
8
8
32
23
26
28
37
23
31
12
13
13
8
3
20
15
23
28
26
27
32
3
5
4
9
12
9
12
20
37
37
24
26
16
10
13
8
16
17
14
19
20
31
24
35
15
8
5
10
19
14
16
22
26
41
32
28
9
9
10
10
11
8
20
25
27
32
31
29
7
9
8
5
11
21
18
22
26
24
34
20
13
15
11
8
14
12
21
17
34
32
31
33
12
9
11
17
13
15
19
23
32
28
37
38
16
13
11
13
13
14
20
22
37
31
21
39
11
13
8
8
10
11
22
34
29
30
32
32
15
4
12
7
4
10
18
27
23
30
28
29
13
10
13
7
9
14
21
19
18
29
20
24
11
13
8
11
7
13
21
24
25
24
22
31
17
12
9
7
9
22
27
20
22
32
33
20
11
6
9
16
17
17
19
20
27
24
32
30
13
11
7
11
11
21
16
20
27
18
23
32
13
10
7
14
15
21
30
24
32
10
8
10
7
16
14
20
24
27
25
26
27
20
8
9
10
18
14
17
21
22
24
26
29
10
9
10
11
11
20
12
25
31
26
37
32
36
13
12
10
11
18
21
30
32
26
24
34
15
17
16
13
17
21
22
20
22
26
28
29
11
11
8
8
13
17
18
20
34
19
29
28
14
13
13
12
17
22
20
25
40
22
23
34
23
9
19
13
18
12
20
25
33
27
31
41
11
12
18
16
24
29
32
36
31
26
29
17
18
12
13
18
19
25
16
10
24
16
6
16
17
23
27
31
22
33
35
29
13
10
8
15
6
7
12
12
19
19
21
24
9
9
7
13
9
15
5
14
10
8
9
15
12
21
22
31
31
37
31
17
6
14
17
11
18
18
16
21
21
22
22
13
17
8
15
16
14
18
21
19
22
24
33
16
11
8
4
10
15
13
24
33
27
24
15
15
18
13
15
11
12
14
23
20
18
28
31
9
10
13
7
10
13
22
18
25
23
25
23
24
18
7
11
13
12
9
14
17
22
25
23
18
12
7
6
6
18
8
17
12
12
19
18
27
22
11
8
14
12
22
22
29
23
26
35
24
23
19
5
13
17
24
25
28
38
29
39
23
10
17
11
8
13
22
27
14
30
41
36
18
19
15
13
12
14
12
20
23
30
25
20
11
11
9
5
4
8
14
25
16
21
20
21
10
10
7
6
8
14
12
11
14
18
18
17
13
8
6
2
7
9
11
6
14
12
23
22
15
7
10
4
14
13
15
19
26
26
25
26
11
7
12
9
9
8
15
10
26
21
13
26
15
12
10
13
10
12
11
11
16
16
25
22
13
14
17
7
12
14
19
20
24
26
31
31
14
17
12
8
11
10
11
19
12
16
15
38
11
13
12
5
14
12
13
16
22
19
34
27
19
12
11
12
7
13
10
16
24
12
19
24
19
12
10
12
10
17
15
17
24
18
27
32
12
7
2
6
3
12
11
11
14
10
14
13
10
10
6
10
6
10
9
9
15
11
21
15
8
5
8
8
9
8
21
20
20
19
18
17
7
4
2
9
6
9
24
15
16
6
3
8
8
7
9
7
18
12
13
16
24
6
6
5
8
3
8
17
11
15
22
20
22
14
10
6
14
4
12
8
20
22
14
17
11
7
9
11
12
9
9
13
18
18
12
16
12
10
6
8
8
11
7
9
12
20
16
11
30
9
7
8
12
4
10
13
11
17
13
20
25
14
11
7
7
8
17
21
22
17
14
21
30
3
8
8
8
5
10
20
20
18
40
20
14
10
6
3
15
14
13
19
10
21
23
19
14
8
7
6
9
11
5
9
21
23
10
13
6
11
13
6
9
16
6
16
25
17
24
24
9
10
10
10
7
11
22
18
22
20
19
18
6
14
9
5
6
7
8
13
15
24
19
15
8
11
11
8
11
14
11
19
15
30
35
26
15
10
13
15
6
20
19
20
29
29
27
27
24
10
12
14
22
15
23
24
26
38
31
32
15
13
10
12
14
24
16
27
18
29
36
33
16
14
12
8
24
18
31
30
34
34
39
35
17
12
15
13
16
21
24
30
24
36
33
26
13
18
9
22
25
16
24
25
31
38
39
28
18
15
22
15
20
24
24
22
28
38
28
37
13
17
17
17
19
22
24
34
44
35
45
31
19
10
21
11
7
20
19
37
41
46
39
37
19
21
14
15
13
23
24
37
42
37
42
44
15
13
13
12
12
19
26
32
32
47
43
49
5
8
10
17
19
17
22
45
33
42
57
49
16
16
20
11
17
23
30
45
51
60
67
48
16
10
20
13
21
35
23
53
53
49
77
60
21
12
26
14
22
21
35
42
55
61
68
54
16
19
15
25
25
23
24
30
44
44
53
42
9
13
9
48
48
69
17
13
17
18
18
28
26
37
34
49
51
53
27
20
15
23
18
25
20
33
43
42
31
42
12
20
16
19
9
24
24
33
46
54
35
47
14
19
19
22
22
22
32
27
30
43
30
48
20
17
22
21
19
18
30
43
36
47
46
31
15
19
17
21
17
20
24
34
38
45
45
51
20
22
18
13
16
24
20
30
33
42
34
34
16
19
15
16
16
22
18
16
33
36
44
42
20
24
25
16
20
18
36
30
29
29
42
44
16
22
19
10
19
25
28
38
41
38
49
52
19
19
20
19
20
29
35
45
67
60
75
64
19
20
32
32
27
30
29
44
40
64
60
50
19
14
26
25
13
26
31
27
38
35
46
40
31
18
22
13
25
17
17
26
27
39
24
29
25
19
13
14
14
11
21
22
23
29
27
31
15
15
10
13
17
24
18
23
18
29
28
27
17
16
16
14
12
15
24
21
28
38
31
31
18
19
26
15
22
18
16
24
36
32
22
27
12
17
16
12
14
18
17
24
30
35
26
25
20
20
9
19
23
24
24
13
29
28
29
19
17
19
17
19
14
18
17
25
15
28
31
27
25
19
15
16
19
16
20
21
18
14
26
26
19
12
18
12
14
21
18
18
25
26
31
30
32
10
16
18
15
15
18
21
34
24
26
24
17
16
9
7
16
17
20
16
18
24
32
21
15
15
27
16
12
14
18
27
26
20
21
19
10
16
18
12
21
17
26
17
19
17
25
24
23
14
15
13
15
17
16
18
22
27
32
27
17
15
19
16
26
17
18
21
19
26
24
21
14
15
14
15
18
20
17
19
25
26
26
23
19
13
16
13
15
14
12
29
23
12
20
11
9
13
22
27
17
24
20
24
25
21
13
17
20
21
20
24
24
21
22
27
34
15
14
18
21
23
16
17
18
29
22
19
28
20
17
19
14
16
20
18
20
15
23
17
27
11
9
16
22
10
13
16
16
24
19
25
24
21
12
7
13
18
25
24
16
16
29
21
19
25
13
15
15
23
23
17
16
14
36
22
29
12
18
12
17
13
18
16
21
21
27
26
20
16
11
21
12
22
21
13
18
25
25
24
28
13
16
16
9
4
16
20
23
20
23
22
23
17
20
10
12
15
18
17
16
21
19
23
28
20
17
20
8
13
18
14
24
28
23
19
18
11
22
18
13
17
20
19
27
21
25
50
18
11
15
15
23
19
18
10
19
20
23
26
21
11
11
13
19
18
24
26
18
18
21
17
15
12
18
22
15
25
24
34
25
25
24
23
15
18
5
15
22
15
17
16
29
24
14
21
16
13
8
18
17
15
20
14
24
15
21
30
14
16
11
17
15
15
12
21
17
18
26
29
12
16
20
18
16
23
19
26
26
28
28
25
9
17
19
11
17
20
9
16
15
22
20
29
16
15
16
16
15
8
17
14
27
21
27
22
18
18
17
16
14
17
15
15
21
25
25
27
37
43
41
120
45
42
47
79
94
81
77
67
28
42
199
311
292
265
87
37
60
166
73
33
32
26
16
172
103
107
57
58
56
78
97
67
41
38
44
79
54
43
27
69
49
194
152
54
44
44
60
93
55
30
32
31
68
61
49
36
19
25
23
80
19
27
23
20
26
57
31
34
62
50
32
126
31
39
24
33
20
19
25
26
23
32
40
31
39
32
17
17
12
11
23
25
20
26
28
33
36
33
21
10
14
23
20
30
22
22
22
32
41
37
19
10
18
18
33
28
24
25
23
31
31
29
14
12
21
33
22
22
26
20
26
34
23
42
17
14
15
19
15
20
29
18
20
26
29
29
13
16
10
18
26
25
27
23
13
13
34
35
20
21
16
23
23
32
20
28
26
18
21
26
10
17
13
20
16
25
21
18
22
22
23
28
17
13
16
23
18
22
22
20
17
21
19
28
17
18
11
22
14
19
22
20
25
18
29
37
19
20
14
17
25
17
29
17
26
21
29
26
17
16
12
17
21
25
24
27
26
21
17
26
14
13
17
20
30
20
23
21
18
23
20
18
9
22
20
18
26
15
22
16
26
21
19
17
13
22
34
26
31
39
20
23
22
10
14
19
21
23
18
20
18
28
46
28
10
10
14
13
20
15
17
24
27
23
23
29
11
18
23
22
22
23
28
33
20
40
32
36
23
20
13
23
22
18
28
19
23
26
26
20
11
18
20
21
52
31
19
16
27
30
21
14
10
11
11
22
18
18
23
20
20
24
23
15
10
13
13
23
21
26
33
18
14
22
25
12
14
15
20
15
33
11
19
19
20
22
9
8
18
18
14
27
17
12
26
26
28
16
10
15
8
17
18
14
24
18
22
21
23
25
10
11
12
27
25
30
20
21
15
15
22
30
12
13
9
21
17
17
21
11
19
29
24
25
12
18
22
15
25
17
16
20
20
18
29
18
12
19
10
28
25
28
22
19
27
19
25
20
13
22
18
14
15
19
20
21
15
15
21
28
14
15
14
17
21
34
24
22
23
22
20
30
12
29
11
17
22
33
32
13
16
19
15
23
41
11
14
14
13
22
19
26
22
23
21
22
13
15
12
18
21
21
15
25
29
22
31
34
8
16
22
18
18
29
25
17
21
20
17
28
10
8
12
18
21
20
15
25
20
28
30
23
17
9
17
20
21
32
27
19
25
23
26
23
14
7
13
15
32
23
25
22
22
32
26
42
13
15
13
17
17
21
15
18
22
29
26
30
18
15
20
10
15
23
19
22
24
16
21
32
5
12
17
22
23
25
26
18
18
19
24
24
18
23
16
21
19
15
23
25
15
31
27
17
21
10
11
19
24
24
21
