63
110
67
64
41
19
23
19
54
63
84
100
94
58
53
33
58
39
27
63
128
119
85
79
84
65
87
41
54
79
73
50
44
31
45
27
55
31
49
86
76
76
48
69
69
50
17
27
31
35
51
41
53
62
67
85
141
115
122
74
60
58
22
105
73
50
64
49
74
86
82
90
88
54
44
96
99
63
62
44
29
30
27
45
108
70
122
137
116
75
114
66
98
29
100
42
66
76
160
151
153
145
109
58
49
51
37
61
50
77
127
156
148
160
102
70
60
36
36
20
16
28
28
43
66
28
33
50
47
61
63
40
27
12
10
34
33
107
97
83
82
51
41
29
15
21
22
34
28
94
74
67
70
55
33
16
13
12
15
24
34
94
100
92
99
67
32
22
24
16
26
28
47
112
100
81
96
59
29
20
15
25
35
42
57
64
90
114
74
36
20
20
17
21
38
40
93
95
105
79
60
29
26
27
32
61
77
78
81
99
100
68
52
38
23
15
25
35
42
29
62
86
96
91
66
39
36
27
33
41
49
50
29
24
19
48
50
75
78
92
100
53
20
26
35
50
44
67
110
38
60
57
114
135
172
162
38
42
164
134
89
46
34
37
42
48
46
65
97
129
99
136
52
74
33
66
167
104
20
28
53
54
82
137
189
179
129
86
52
19
10
31
29
54
130
99
49
47
86
130
141
149
157
137
91
43
63
83
77
117
86
37
47
64
106
90
130
130
148
31
31
52
51
69
46
50
64
58
54
62
28
22
25
35
53
73
78
64
53
64
58
50
8
11
20
32
29
29
31
28
19
28
8
18
16
27
15
18
14
15
5
28
14
11
20
10
13
18
88
21
14
14
28
29
14
33
25
35
39
29
14
43
50
36
56
33
18
15
22
56
42
27
29
23
34
36
17
24
9
29
23
50
31
9
21
35
24
41
53
25
25
14
24
13
19
40
34
34
64
39
57
15
14
22
14
15
32
62
61
64
61
61
53
39
20
31
34
36
30
38
63
85
66
42
30
30
41
23
17
41
26
130
65
64
79
49
27
26
15
52
32
66
98
31
29
74
66
279
285
402
323
369
346
313
237
177
179
146
231
286
326
312
312
221
248
165
154
145
237
235
329
345
401
331
285
282
230
193
152
169
156
214
313
382
366
296
257
214
189
150
127
169
250
338
364
323
314
258
228
202
165
160
131
230
238
255
317
310
335
301
251
238
190
143
122
175
235
235
274
235
184
179
199
140
136
153
168
191
235
273
248
278
229
203
183
124
142
143
175
243
244
312
244
186
182
232
194
191
161
166
193
215
256
250
258
249
129
174
143
186
188
191
241
259
266
256
266
251
192
171
143
153
204
235
267
337
202
196
176
256
209
208
155
157
195
260
277
306
328
236
226
236
211
168
150
197
253
269
250
270
263
254
208
160
136
164
174
296
243
226
293
219
173
198
265
267
262
334
356
301
261
231
269
206
211
223
188
234
284
299
375
321
328
267
244
227
207
236
270
281
309
354
315
308
269
280
302
266
210
256
340
263
348
347
403
378
328
278
260
216
192
209
247
239
256
282
433
315
314
286
230
239
237
176
255
262
340
313
410
433
244
226
253
257
334
314
334
545
459
309
237
207
247
253
273
384
456
401
315
377
347
328
264
278
239
336
328
417
382
336
304
254
247
211
183
237
271
311
345
438
392
368
287
484
295
252
244
297
316
324
396
404
384
332
293
232
186
206
255
307
353
369
428
320
305
269
248
242
168
166
238
290
391
494
572
336
213
293
227
222
217
213
309
434
491
709
704
256
218
198
169
145
167
168
558
666
844
450
369
307
228
230
244
275
366
467
598
487
675
253
290
304
245
191
186
180
183
213
256
296
290
196
283
264
197
129
160
117
129
151
127
148
196
341
307
202
200
177
130
118
151
177
176
208
203
395
351
342
261
188
199
170
161
179
193
235
389
391
366
275
235
202
142
162
167
179
206
193
393
329
311
347
214
220
173
154
137
165
215
272
299
288
296
295
270
197
149
178
149
172
216
216
325
348
265
218
216
160
162
392
322
294
187
165
145
132
89
105
124
166
201
417
463
362
311
340
194
180
142
122
137
148
204
512
433
309
273
237
200
136
142
149
155
207
290
439
436
408
354
308
249
195
153
184
220
175
262
444
525
674
643
592
512
419
332
338
369
428
445
539
528
381
344
305
213
127
139
159
174
223
246
493
300
266
238
134
95
95
105
117
64
248
248
264
267
238
71
82
91
134
273
298
244
193
127
65
157
170
183
88
148
188
185
228
278
231
146
95
82
66
73
113
144
47
115
75
25
22
33
63
38
65
36
38
26
90
83
79
25
40
41
43
27
45
49
53
46
55
43
19
22
47
43
47
43
97
68
73
23
41
31
46
49
36
77
51
32
46
27
26
23
32
37
87
17
49
74
87
102
107
43
27
45
71
144
157
53
61
42
48
72
84
54
85
216
172
36
62
102
110
145
178
108
58
81
83
60
62
46
33
57
47
66
98
130
88
75
80
39
32
32
24
49
66
82
40
43
34
26
77
94
130
160
120
133
95
93
81
104
91
106
133
126
163
176
190
111
106
98
90
72
65
92
126
173
166
158
91
111
96
110
92
57
92
96
125
160
210
138
179
144
96
87
75
74
109
135
164
202
175
219
141
167
95
90
81
82
118
143
121
155
160
169
177
127
129
131
116
64
77
148
154
131
102
106
84
65
77
92
123
153
153
109
101
91
76
80
78
73
104
115
147
143
150
130
89
68
67
84
114
136
105
143
87
153
57
47
45
58
35
41
100
37
25
51
29
26
37
33
54
67
103
95
103
100
57
83
33
36
28
63
76
92
90
105
694
203
55
49
31
39
46
43
74
126
100
43
53
56
53
32
53
60
63
76
105
100
41
58
49
33
50
23
51
53
81
76
93
52
41
45
25
35
39
30
61
67
84
100
123
92
82
97
70
74
59
70
51
43
64
52
43
35
20
20
36
36
38
45
39
44
72
27
42
32
31
29
40
40
31
40
35
98
47
16
30
31
16
34
29
37
32
44
49
101
49
62
46
39
24
31
56
46
33
37
49
55
54
25
5
27
38
17
17
41
60
64
58
62
39
38
26
26
34
24
29
30
30
37
39
456
121
29
31
20
26
32
41
36
25
33
54
43
50
36
34
43
12
35
32
24
9
74
82
77
31
33
31
20
23
1
9
19
170
34
140
217
7
45
104
119
132
24
66
82
70
51
58
53
64
40
96
76
95
79
97
95
59
91
167
204
114
66
54
62
69
100
62
59
42
44
41
54
51
35
140
165
134
129
63
116
63
60
62
44
39
53
145
145
129
107
113
100
34
37
139
123
108
120
78
120
116
102
103
110
103
67
86
82
68
61
39
51
29
22
41
38
42
26
97
81
92
71
57
48
41
174
154
127
62
65
75
60
114
122
148
131
143
105
130
138
200
170
181
160
153
234
143
113
235
306
104
116
281
291
192
227
106
217
240
265
245
170
168
190
240
232
215
245
212
186
161
239
245
176
188
197
141
108
119
101
92
94
156
160
176
128
150
161
270
250
203
156
126
143
107
148
170
158
175
165
188
180
171
218
124
148
133
157
179
144
157
131
185
189
171
201
153
126
143
119
115
113
157
134
292
224
220
201
202
222
231
226
175
188
194
122
204
223
203
208
105
171
191
154
158
137
73
104
154
145
141
110
148
149
126
113
125
86
86
84
182
162
128
133
135
118
124
109
106
106
109
78
122
116
136
120
143
124
92
108
81
81
93
207
186
169
182
144
112
123
92
114
93
102
87
127
140
115
132
126
109
110
97
92
101
101
78
138
118
108
93
150
96
113
111
94
83
87
86
161
117
128
140
149
137
129
111
87
90
80
85
137
137
162
143
131
88
87
77
83
70
63
75
174
137
147
175
125
131
112
128
111
84
81
84
162
143
129
190
127
197
141
131
112
100
44
73
149
127
146
159
135
120
131
141
123
111
90
71
133
122
119
105
129
106
112
92
93
101
71
66
157
133
142
146
87
138
120
118
118
112
101
93
168
134
92
121
122
88
107
126
108
118
102
95
151
148
110
145
134
137
133
115
107
88
43
31
96
108
114
115
113
86
92
93
100
117
86
82
123
106
97
126
117
132
101
122
94
84
102
87
139
134
146
148
130
130
140
120
95
86
84
89
119
126
90
109
133
131
136
124
99
101
78
79
135
123
131
116
116
137
127
118
88
76
81
67
147
154
103
117
116
114
97
89
89
101
86
163
123
164
131
143
81
103
102
84
77
86
83
163
151
152
127
111
115
105
104
109
92
81
78
138
113
92
106
127
73
16
72
73
67
53
78
154
174
149
123
128
122
110
115
102
108
96
107
151
103
141
138
85
115
104
112
93
78
53
80
144
115
155
167
124
119
117
116
110
92
73
64
153
130
127
124
107
126
101
102
76
82
63
62
183
159
137
105
147
145
131
123
94
83
70
71
181
166
138
117
124
249
244
180
141
151
127
133
343
313
301
296
219
189
173
149
142
136
103
146
398
315
259
256
150
164
182
152
136
108
104
133
316
261
276
214
185
157
149
173
174
143
135
163
482
385
350
290
138
195
213
216
184
176
157
180
296
147
247
194
195
146
118
122
143
321
260
216
202
188
186
169
190
159
142
134
117
293
283
284
255
218
182
193
195
162
146
130
149
283
325
286
239
220
202
240
193
147
157
124
89
246
247
272
265
259
240
179
199
171
135
135
112
230
185
180
167
154
152
161
169
113
95
56
89
191
166
172
168
165
122
118
114
111
105
85
82
146
171
142
136
130
108
94
105
100
88
68
67
145
155
169
150
177
152
148
131
123
91
84
87
94
106
98
119
140
132
107
99
85
73
76
73
98
119
129
90
90
89
124
90
82
66
63
58
107
126
106
124
159
155
124
140
104
83
74
72
101
114
95
66
86
100
99
95
102
80
80
61
106
105
116
112
107
84
108
116
96
99
76
65
101
98
118
105
113
119
129
108
93
80
53
65
127
98
124
115
99
82
124
102
87
71
59
72
124
110
121
102
107
121
120
88
78
76
67
55
119
140
98
152
124
145
108
104
69
71
40
303
270
272
268
292
256
245
254
145
111
96
89
112
94
148
126
147
173
155
132
106
74
71
71
110
95
112
102
133
140
126
106
54
69
57
45
122
94
76
122
99
90
97
97
77
67
53
59
91
104
98
125
109
207
203
160
135
134
97
89
178
184
177
186
202
196
198
142
77
99
78
72
176
156
157
177
148
165
165
130
97
77
61
80
153
148
154
138
174
167
171
125
114
78
79
52
196
150
210
177
191
217
242
180
152
111
87
95
161
166
173
207
238
287
216
193
124
119
114
97
218
201
217
243
287
280
263
223
164
133
109
104
192
137
161
186
261
247
256
172
125
82
63
85
184
169
180
192
233
250
237
166
158
102
90
83
169
153
153
199
250
289
228
170
132
107
63
57
211
186
190
194
203
262
229
175
128
103
82
83
192
163
172
225
233
242
223
175
151
141
107
109
204
215
194
200
212
224
172
128
97
111
105
78
145
149
156
186
132
212
214
149
119
92
77
68
161
123
152
148
139
168
156
121
99
93
113
168
153
117
129
135
134
130
152
132
117
86
61
62
154
131
158
164
149
165
134
128
87
64
61
61
122
117
105
136
121
128
120
92
82
65
55
58
129
125
116
114
132
122
102
79
75
72
63
54
169
143
164
137
119
117
115
95
63
65
71
89
223
196
231
204
180
157
159
111
121
100
79
74
158
184
190
212
171
169
142
89
89
83
78
56
154
136
119
115
134
88
78
66
58
58
55
109
102
96
87
73
56
56
44
40
44
84
92
88
98
101
104
112
72
78
61
45
42
121
85
127
113
97
96
83
59
70
53
44
38
119
102
123
110
93
75
61
75
45
47
44
32
115
111
102
101
100
94
103
63
60
60
45
50
130
105
107
137
140
117
107
78
76
76
61
44
116
111
130
137
136
131
127
87
86
89
56
105
97
106
132
129
112
105
130
83
64
53
53
61
97
118
111
104
114
120
109
94
74
77
53
47
87
104
100
105
109
123
81
85
64
66
67
74
112
97
129
126
109
97
57
66
60
45
31
19
147
112
132
100
90
86
73
50
36
38
43
46
83
98
94
93
86
80
92
58
65
45
44
57
123
109
124
138
110
110
114
100
64
72
46
48
102
95
109
100
75
72
83
75
60
55
40
53
112
95
84
96
105
111
136
98
96
75
72
59
107
131
114
105
119
116
110
66
59
52
63
55
133
162
153
142
128
131
109
81
57
62
32
60
143
160
184
153
117
110
101
86
61
77
59
52
113
109
117
142
130
77
95
70
77
62
61
57
130
133
109
112
128
188
85
63
102
86
62
49
123
135
146
110
107
104
84
73
79
67
63
68
126
136
146
125
168
120
88
76
58
54
43
53
134
144
150
137
150
90
95
75
81
72
52
58
122
109
118
121
109
88
64
52
48
44
57
55
109
127
141
108
108
92
78
70
67
57
55
57
150
125
117
117
147
124
94
86
74
54
61
64
125
118
108
98
87
86
93
72
94
64
114
98
140
127
161
149
130
112
82
53
49
36
24
127
116
132
129
123
117
95
100
70
80
61
55
141
140
114
104
91
96
81
72
65
77
35
76
201
208
224
232
216
171
145
127
109
90
78
58
176
187
150
175
168
142
150
93
92
100
86
70
218
164
212
214
208
164
181
130
142
86
78
72
139
148
162
146
151
114
117
92
59
38
30
37
140
155
140
135
123
112
95
88
69
55
36
65
123
91
81
92
134
99
97
70
60
60
58
62
92
106
135
117
104
93
77
46
52
32
30
31
86
114
135
122
134
70
55
49
42
56
33
34
107
117
105
204
140
136
95
85
52
52
58
58
147
168
200
216
196
147
110
90
85
61
67
63
157
139
153
108
61
96
99
74
50
56
173
162
137
151
194
113
104
99
78
83
39
42
197
229
179
150
187
162
137
131
106
79
64
62
223
206
213
251
207
189
160
124
123
87
62
58
179
191
128
305
308
205
134
115
102
88
79
49
180
209
127
219
259
197
118
126
123
109
87
72
147
212
134
150
128
96
114
103
114
126
87
76
211
202
181
185
147
113
86
99
95
86
60
62
164
154
186
202
178
144
120
97
86
64
52
79
183
181
148
168
168
120
88
83
97
49
48
46
178
169
213
215
140
128
110
87
74
49
53
48
131
158
173
185
148
113
76
86
82
82
56
45
214
222
185
191
169
160
109
97
94
78
48
44
97
76
108
120
110
114
86
79
84
85
75
61
145
183
196
171
146
113
112
101
94
73
68
53
199
196
151
171
166
113
67
77
91
64
55
56
186
163
278
214
156
173
123
94
125
67
68
70
190
214
240
223
135
132
107
105
127
65
65
44
194
219
185
177
156
127
99
64
72
92
46
174
199
210
234
172
104
72
66
77
62
57
46
119
102
136
129
147
108
81
72
76
58
59
49
124
130
136
170
82
36
69
54
74
26
20
20
47
67
64
69
34
33
35
21
24
17
11
12
36
39
73
117
83
68
48
48
43
27
26
22
55
55
70
97
73
39
40
41
35
21
19
18
60
66
125
130
94
50
56
53
47
46
36
21
109
137
147
145
114
64
47
55
40
49
38
22
92
90
129
108
87
65
43
36
48
47
28
29
105
106
131
157
115
87
58
60
63
49
42
46
75
110
120
106
83
74
69
78
69
61
48
29
127
102
108
95
96
81
53
74
63
41
39
27
109
127
167
135
107
82
91
80
69
60
45
39
128
142
140
131
121
70
55
38
115
136
131
88
71
54
49
64
50
39
36
33
139
139
133
115
78
63
53
64
77
49
44
34
132
143
166
176
119
73
61
65
74
58
36
42
128
134
133
116
120
69
51
43
66
48
25
37
138
135
122
113
89
59
73
57
52
54
33
32
116
139
131
109
110
68
63
77
87
39
19
28
109
145
179
161
129
77
50
71
53
58
42
23
177
186
178
187
129
86
61
68
72
57
39
42
123
171
189
143
97
85
67
61
77
47
33
25
153
190
161
132
130
92
88
93
98
80
45
27
67
76
75
75
39
38
35
184
184
175
156
96
59
67
67
72
54
30
33
174
196
172
188
110
73
94
84
106
71
47
38
200
183
165
162
141
106
90
98
106
92
62
38
192
182
187
157
128
103
91
85
78
73
40
52
168
194
165
153
109
85
89
86
87
51
32
147
175
200
54
122
98
79
107
98
52
42
34
164
211
148
104
89
95
75
68
85
68
51
35
184
183
170
135
94
85
70
58
66
62
51
24
175
191
186
152
103
80
63
93
90
58
33
39
170
186
187
125
136
115
68
65
54
81
8
63
75
57
76
60
48
48
112
119
80
102
73
57
71
65
71
45
52
50
93
115
87
95
87
73
64
77
89
68
59
33
82
93
83
83
57
46
71
71
71
60
47
52
103
102
91
102
93
75
66
73
84
66
56
45
119
70
68
68
55
41
35
56
50
45
33
55
151
147
89
108
82
66
51
69
49
49
37
32
102
56
14
19
57
70
57
53
69
41
38
38
162
136
125
139
91
88
104
55
48
60
51
30
131
125
111
111
93
75
65
52
65
50
35
32
115
83
84
89
57
36
57
58
47
50
70
27
61
77
77
76
44
56
46
48
47
49
31
25
64
47
55
56
22
47
29
51
29
37
30
27
92
87
85
77
59
58
70
69
55
51
47
49
48
47
41
51
30
39
24
45
36
39
24
19
40
41
45
37
34
23
30
34
43
26
35
22
44
49
49
35
22
29
29
24
37
25
28
21
42
35
40
26
23
36
31
47
19
32
31
21
49
56
43
44
36
33
33
54
35
27
26
23
24
46
51
44
34
32
25
30
44
35
25
21
30
42
30
36
29
28
20
35
33
31
31
19
39
34
50
46
30
45
27
36
32
43
18
30
15
25
30
50
30
29
38
32
39
25
27
1
1
1
1
1
2
2
2
1
2
3
1
1
2
1
3
6
6
3
5
1
4
4
4
1
3
11
7
5
4
9
1
9
6
4
3
2
4
14
5
10
7
8
8
6
12
6
5
2
10
4
11
6
7
7
5
13
7
6
2
3
6
9
10
7
4
3
7
3
7
1
5
4
7
10
6
5
5
7
3
5
9
3
3
5
3
9
11
7
8
8
3
5
7
8
7
4
2
10
12
14
9
7
5
12
5
7
7
7
4
12
13
11
11
8
11
9
16
13
6
11
5
11
8
3
13
15
14
14
12
3
4
13
4
7
4
3
20
11
10
11
8
4
3
10
3
4
2
3
25
19
11
18
13
8
8
6
3
8
5
1
28
22
28
39
26
30
11
15
11
5
4
43
39
35
32
38
16
17
10
8
5
4
3
11
27
20
11
11
7
13
8
10
3
2
1
15
18
14
15
10
9
12
10
14
4
7
3
5
5
7
9
7
5
6
7
4
1
5
13
10
8
9
4
10
5
13
5
6
3
5
10
12
10
4
3
2
1
8
8
1
3
2
13
13
8
2
1
4
8
10
6
4
1
7
16
7
11
7
2
10
5
7
7
5
5
10
7
5
9
5
9
7
5
11
2
6
11
11
11
9
6
3
6
11
12
7
2
2
14
21
21
7
12
8
13
12
16
16
11
2
13
21
11
14
9
4
7
9
19
11
7
6
24
22
16
7
6
10
14
9
19
16
12
4
18
29
30
18
9
12
11
19
26
23
5
4
20
20
18
12
6
6
5
14
13
8
9
5
11
17
19
8
5
7
9
16
7
9
13
19
21
8
6
9
8
11
20
7
4
3
16
23
20
6
9
7
9
12
14
24
4
2
21
33
34
15
8
10
12
22
31
30
17
6
25
25
24
17
6
12
12
17
13
12
3
3
22
24
20
10
9
8
6
9
7
8
2
18
28
15
12
4
6
11
6
8
15
9
5
13
19
11
10
6
12
9
12
3
4
16
13
18
14
7
9
15
13
9
11
7
1
9
16
15
5
9
5
7
6
5
4
5
1
16
28
16
10
11
8
8
12
15
11
3
3
9
24
13
8
6
4
3
17
19
11
17
6
11
6
5
16
10
3
21
27
10
7
7
3
5
10
7
14
9
8
18
21
15
9
8
9
9
10
13
9
11
3
9
10
7
9
1
2
7
7
4
5
3
2
10
12
21
2
4
4
2
6
6
7
5
4
7
16
18
17
9
5
7
10
6
6
2
10
10
8
5
5
1
12
18
16
13
6
6
5
10
6
9
5
8
13
17
14
9
3
4
5
9
5
6
7
14
10
7
5
3
5
7
10
10
14
10
5
9
4
5
11
11
3
3
11
21
5
13
5
6
1
6
10
6
7
2
8
10
16
10
7
4
3
9
11
1
6
5
13
9
14
6
7
3
3
6
10
4
4
4
12
15
9
10
8
7
9
3
6
10
7
9
9
4
5
6
6
1
11
11
5
10
3
2
3
4
1
6
5
1
12
14
9
11
9
5
3
5
6
8
2
5
5
10
9
5
8
6
9
9
3
3
4
2
7
5
7
9
10
4
11
4
8
3
3
1
7
13
8
9
6
2
2
1
2
5
7
13
6
2
3
3
5
8
4
2
4
6
17
8
5
4
7
2
2
4
7
2
1
8
11
11
9
5
3
3
3
4
9
6
3
5
2
7
4
8
1
1
5
9
11
9
4
4
5
8
6
1
1
1
11
3
5
12
4
6
2
10
8
4
1
5
6
6
11
2
9
5
2
3
5
2
1
2
5
13
7
4
2
5
4
3
3
5
3
5
4
7
3
10
5
5
4
3
2
4
6
3
6
6
11
8
11
4
2
7
5
6
4
4
10
15
6
5
3
2
6
2
3
2
4
11
11
14
6
5
5
5
5
4
5
5
2
11
12
6
6
9
6
4
7
16
16
6
6
5
2
7
4
2
3
2
2
20
8
8
4
9
4
4
8
4
5
1
2
15
11
8
4
8
6
3
8
7
7
3
1
11
13
10
6
1
4
3
5
6
1
10
15
4
6
10
9
2
4
5
5
4
7
20
20
9
11
5
4
8
7
5
3
2
5
14
18
11
12
8
10
6
5
8
2
5
5
10
20
10
9
3
6
6
4
4
4
4
1
25
13
15
13
9
3
6
6
4
9
13
17
14
13
8
8
3
6
7
6
5
16
19
9
9
9
7
6
6
4
3
6
5
15
15
16
10
5
10
5
5
5
4
4
3
15
18
11
10
11
7
3
7
4
4
1
15
15
22
20
12
17
15
13
6
6
2
4
2
2
15
12
16
10
6
10
10
9
9
3
2
3
11
13
22
20
12
10
9
3
5
6
5
25
25
33
28
16
19
12
7
9
7
8
9
46
51
52
34
27
26
18
7
9
5
7
2
28
28
29
28
28
25
13
7
6
2
6
4
25
18
13
14
17
10
8
6
12
9
5
4
9
16
11
16
11
7
4
3
7
8
5
13
12
14
9
10
13
7
10
8
3
6
3
4
13
16
11
10
8
7
6
7
2
6
11
16
11
11
3
5
8
7
5
7
3
8
14
12
9
11
4
6
9
13
9
10
16
9
4
8
8
6
8
6
9
9
4
9
7
6
9
7
9
3
4
9
6
5
8
6
4
13
8
1
3
4
15
13
6
12
10
3
6
3
5
3
10
10
6
18
4
9
5
7
6
6
4
8
6
10
9
7
7
9
6
8
8
5
7
9
7
11
10
11
10
6
8
12
9
8
10
7
13
13
15
12
6
9
9
6
6
5
7
10
13
12
14
7
7
11
7
3
7
5
7
10
14
11
6
6
8
7
4
6
4
9
8
11
18
12
9
6
13
5
4
8
9
6
9
12
11
16
13
13
4
9
7
6
56
53
36
30
132
119
149
124
104
91
87
69
78
66
39
58
214
89
66
71
59
80
67
71
24
51
35
42
133
128
128
103
105
96
93
84
66
96
72
26
138
121
121
107
49
64
73
52
70
43
69
154
128
114
112
78
17
49
88
120
106
83
72
36
97
88
85
57
95
73
54
86
106
66
43
34
161
150
103
58
74
83
115
92
102
66
43
166
172
114
66
42
150
171
104
31
28
49
159
103
133
40
51
58
109
73
19
45
31
35
146
136
75
93
152
144
93
128
108
22
39
39
154
119
154
126
148
133
126
67
54
84
57
55
145
127
137
115
111
133
145
104
110
56
47
38
146
148
145
160
156
158
173
142
144
103
91
64
146
154
142
157
154
141
168
114
176
152
67
59
164
155
227
171
126
71
112
88
52
95
79
187
188
160
154
138
141
108
98
100
105
110
220
52
168
164
168
136
152
140
161
129
93
73
71
64
173
188
157
140
139
159
89
110
124
176
55
49
172
151
105
110
72
80
146
139
127
89
54
82
185
118
109
161
135
152
115
121
138
100
116
146
127
40
63
44
99
84
97
58
62
42
195
206
157
93
146
147
90
84
53
51
31
116
106
65
65
105
104
88
86
64
59
43
35
107
119
138
140
114
124
91
93
88
72
53
41
93
96
114
133
105
122
110
98
70
55
38
26
122
84
56
46
51
40
119
73
92
125
84
100
63
74
36
39
21
147
105
123
113
115
86
67
66
46
25
112
81
99
70
46
49
31
34
127
99
127
73
114
103
158
84
78
74
49
50
133
66
71
94
98
64
121
52
69
56
53
48
111
75
104
74
46
82
107
92
71
60
45
23
135
91
84
76
71
69
90
83
55
45
30
30
96
57
33
41
78
96
70
81
77
53
59
39
96
85
55
76
40
102
115
73
72
33
31
19
132
79
76
79
33
25
26
16
39
58
29
28
95
90
88
83
106
98
32
17
45
55
47
27
126
125
124
51
99
83
84
48
37
48
32
31
107
73
79
64
35
25
37
85
101
73
58
20
69
54
56
53
19
19
47
40
22
165
110
63
63
70
66
65
41
38
33
31
19
150
77
105
126
77
64
32
36
66
60
36
35
152
141
128
123
107
54
123
104
57
48
44
32
140
97
115
101
52
70
92
54
35
32
31
30
135
39
32
123
110
110
102
120
93
51
57
109
105
75
77
70
88
94
57
48
34
14
21
101
132
86
57
52
78
88
56
30
20
9
5
59
65
80
69
62
52
50
43
35
31
26
16
56
66
40
52
51
44
31
32
23
10
63
59
65
68
46
15
45
39
48
30
25
18
111
85
48
67
58
28
56
25
21
19
19
2
80
91
85
146
127
120
122
77
76
51
25
17
126
62
87
119
133
123
90
69
65
35
23
27
93
99
146
175
119
120
104
89
67
68
31
27
119
141
92
109
112
90
83
84
45
43
38
36
143
148
134
187
132
115
119
73
69
63
52
49
161
130
93
93
89
57
54
35
30
115
112
118
140
121
143
107
73
48
40
37
29
114
90
109
96
87
100
70
43
54
51
41
24
105
96
94
112
94
97
93
117
69
49
27
21
127
125
124
111
108
129
94
90
59
47
41
20
119
143
143
122
110
109
70
86
58
54
43
23
161
132
122
144
147
157
118
103
81
55
30
36
125
140
159
167
148
128
157
146
104
103
80
62
30
32
119
109
98
140
162
165
122
122
117
51
30
26
142
124
89
85
48
24
42
52
42
49
17
16
115
121
102
114
134
146
94
59
58
52
29
28
131
144
119
74
93
82
83
77
50
41
17
11
113
169
161
171
168
138
164
148
109
86
41
43
36
165
219
216
224
166
121
146
102
76
46
36
20
180
215
156
94
148
141
125
95
75
27
37
37
224
221
143
100
182
177
143
120
82
72
36
29
140
207
110
117
115
138
113
120
103
72
36
52
177
158
140
135
113
106
90
98
81
60
27
19
213
205
217
156
105
145
104
107
62
48
41
30
186
219
156
154
76
92
105
70
50
63
30
27
146
145
150
157
61
77
35
31
13
260
286
261
235
98
85
77
136
107
84
56
38
354
364
297
233
194
189
181
150
141
73
34
27
274
356
278
136
141
138
134
114
104
63
44
25
334
291
241
197
106
67
107
75
77
52
30
20
242
210
191
77
81
104
67
63
54
34
24
20
154
174
156
149
81
166
128
99
74
52
32
27
119
185
150
178
166
159
109
93
71
53
35
31
196
220
187
194
146
125
111
69
64
59
36
15
116
131
86
52
159
137
113
168
142
114
135
131
98
66
34
167
118
113
77
43
36
23
8
126
140
105
103
129
125
80
72
41
24
22
6
113
124
129
85
84
104
67
60
61
46
22
15
93
75
77
109
117
114
101
70
53
45
16
6
64
59,231
75,257
117,228
122,210
125,143
110,163
90,192
58,163
37,167
32,160
13,145
139
116
129,269
96,155
115,210
123,207
120,203
104,212
105,250
70,227
47,220
21,166
15,158
149
113
113,280
118,299
101,297
109,227
100,230
141,208
134,227
72,226
30,211
17,189
13,155
153
95
120
106
113,227
102,264
116,267
115,275
76,280
44,219
22,210
12,134
9,139
111
114
144,306
127,272
108,292
130,296
104,258
100,255
83,237
59,215
52,185
23,169
21,133
122
57
69,300
115,312
135,291
144,271
111,223
103,248
93,260
81,232
51,171
37,121
18,93
119
306
310
123,319
133,263
134,244
126,266
78,226
87,249
48,233
9,155
6,143
116
66
67
63
78
113
101,255
88,304
80,268
78,260
43,225
9,156
13,150
117
54
85,330
84,366
94,366
86,318
73,281
81,335
63,336
52,296
23,234
9,162
9,135
115
73
74,279
59,243
75,220
50,246
72,267
91,256
74,258
54,257
38,210
17,182
6,132
125
81
94,301
118,296
103,285
83,281
74,295
66,300
70,289
39,250
23,218
16,197
8,170
112
75
72,336
64,311
68,280
80,286
95,275
83,275
63,260
57,187
45,141
24,125
15,106
117
78
96,327
141,295
118,290
146,235
100,250
130,273
113,251
81,227
27,160
16,124
10,145
116
91
120,320
129,313
108,294
36,246
119,231
99,205
79,252
51,162
23,156
28,134
18,145
112
97
85,250
108,215
91,198
128,215
127,229
123,254
98,249
81,217
44,200
16,163
15,132
127
112
121,314
92,307
95,272
103,233
90,227
91,200
89,180
68,173
36,168
17,112
21,113
123
92
79,281
110,271
121,279
112,262
97,225
89,206
111,165
62,189
53,150
22,121
10,83
118
90
105,313
95,294
117,303
108,260
118,221
98,182
93,188
73,111
42,132
22,111
20,102
93
87,209
59,238
110,244
129,255
111,251
103,243
79,242
40,187
38,157
19,145
13,94
108
84
117
61
126
118
93
86
70
66
37
18,108
14,104
82
81
104,254
49,212
114,226
95,190
83,214
85,216
81,185
57,188
49,261
26,128
17,121
105
114
134,245
128,260
121,259
105,234
78,216
93,247
83,193
59,122
45,84
22,62
9,58
55
94
88,248
82,252
135,215
115,238
100,186
85,182
91,160
68,119
36,118
17,94
18,93
75
84
235
230
192
203
196
190
94
76,191
102,172
88,189
89,192
66,208
72,189
52,169
44,120
34,88
18,79
9,63
75
98
89,262
70,231
72,213
68,248
77,199
52,179
57,193
40,146
26,106
20,93
6,89
79
89
96,228
94,213
105,224
75,219
85,209
84,194
70,176
50,114
33,132
25,102
8,102
82
80
92,208
99,215
98,218
75,194
96,173
54,171
61,131
42,122
34,141
17,108
11,87
56
87
62,212
58,255
71,237
75,210
63,224
64,262
58,204
46,159
27,133
19,102
14,98
99
79
87,248
87,237
83,219
89,240
85,204
75,153
56,156
46,114
27,113
18,84
12,59
74
86
69,235
99,181
72,153
87,166
78,170
68,165
59,125
43,120
28,113
26,78
10,73
68
55
69,233
71,251
95,247
88,225
60,250
231
195
170
133
97
84
90
73
88,278
80,253
59,231
59,237
85,208
59,226
65,185
43,141
21,136
13,100
3,100
87
80
78,244
93,220
97,243
73,228
73,251
79,190
56,218
44,151
41,98
17,98
10,76
81
67
79,243
75,225
82,207
79,202
63,179
45,193
65,202
59,142
33,112
17,61
12,59
58
66
80,229
94,248
84,188
80,212
69,207
64,177
53,154
63,129
32,84
21,89
9,66
78
86
72
90
89
87
88
107,209
76,180
49,168
26,120
11,95
9,83
96
70
80,265
94,275
87,289
74,225
84,229
65,198
63,186
51,146
23,121
20,99
13,73
89
104
81,242
88,263
93,229
116,246
88,186
75,211
63,139
49,153
32,118
18,102
14,82
81
92
97,219
84,226
80,227
91,232
85,204
70,198
61,175
34,124
30,131
19,114
8,92
97
82
76,188
102,198
86,222
58,187
55,195
44,122
43,111
39,104
29,61
7,59
6,67
50
82
94,233
100,225
106,228
106,229
86,166
80,148
85,138
51,141
29,165
19,174
9,129
154
42
49,445
43,424
45,412
50,394
22,377
21,360
44,290
22,285
20,225
4,190
5,182
157
91
89,386
79,383
85,380
99,384
82,364
71,328
81,325
53,293
36,222
28,175
17,142
92
100
87,272
94,288
107,292
102,263
72,237
73,229
93,198
49,152
20,158
18,122
15,102
84
86
90,260
112,282
103,251
236
240
215
167
184
143
114
110
84
239
91,254
80,227
94,250
107,238
77,234
57,192
44,145
29,125
14,82
8,67
73
81
189
237
226
231
181
204
159
122
107
96
93
89
239
216
234
224
219
212
193
128
122
109
87
77
215
195
206
178
185
189
136
150
121
113
97
68
203
213
216
203
166
169
159
134
129
78
97
72
209
230
226
216
225
242
254
251
226
227
253
202
160
127
91
94
91
224
228
250
260
250
206
200
169
139
122
100
103
238
234
263
235
217
204
186
163
109
97
96
85
191
225
226
198
225
202
194
158
161
120
95
82
230
212
252
209
101
88
165
150
127
88
97
76
249
266
256
225
210
209
195
165
121
103
99
88
225
215
227
232
205
174
190
154
148
117
92
94
206
244
237
240
226
226
188
131
144
124
115
82
189
247
266
234
247
241
186
145
122
99
83
60
234
232
242
244
253
236
190
152
145
104
89
71
229
280
295
244
219
222
197
155
148
130
82
93
239
309
239
249
188
154
124
172
141
96
100
83
223
248
261
239
230
223
166
150
145
122
79
69
277
314
242
258
243
207
195
166
138
103
90
92
281
282
276
244
216
185
197
179
139
120
106
89
136
183
236
166
116
206
198
192
139
83
72
39
268
294
252
267
187
146
105
92
56
15
16
18
247
254
241
239
257
163
73
57
29
19
23
21
288
320
318
287
286
254
253
191
157
142
102
92
274
315
291
261
245
241
218
189
139
125
70
99
294
326
305
245
288
260
237
200
180
124
61
37
256
303
286
275
257
234
222
182
163
119
115
94
269
281
245
244
272
231
217
176
142
126
94
80
256
271
255
258
253
218
190
170
163
134
114
91
260
285
287
237
220
239
228
180
138
124
114
96
236
277
228
205
248
247
210
182
166
110
107
82
275
315
339
305
303
266
265
211
170
127
111
88
294
330
344
304
325
291
237
196
184
126
120
116
265
280
292
266
286
248
230
226
144
127
136
97
281
274
269
275
264
195
206
151
129
92
80
75
258
284
275
216
256
240
170
135
31
12
27
260
298
267
263
250
232
163
160
140
127
103
84
315
285
285
270
256
172
197
189
151
107
91
352
320
294
267
249
243
204
194
171
128
106
91
266
265
260
242
284
235
206
185
153
94
101
84
262
306
274
246
238
222
194
173
185
151
102
73
271
293
287
247
207
266
216
219
162
120
99
85
285
287
304
252
223
224
198
189
153
125
101
79
269
299
218
168
181
139
86
80
78
82
102
82
206
283
274
226
209
197
85
63
43
51
36
42
254
292
251
232
237
228
161
183
62
47
31
26
271
300
303
265
267
206
226
196
136
117
85
89
286
327
301
298
288
245
238
185
177
165
121
102
313
342
298
290
335
339
288
228
155
120
121
51
321
308
302
242
200
256
201
213
167
151
111
91
292
316
244
245
246
202
217
170
139
126
111
96
292
300
282
282
248
246
229
197
182
137
108
106
321
321
334
270
291
280
218
225
148
120
88
64
326
301
302
271
292
303
204
232
201
169
135
90
317
339
291
300
299
271
211
207
172
146
100
84
351
350
313
293
294
294
238
217
200
139
142
96
337
351
330
288
215
183
180
136
136
162
112
87
321
336
329
333
302
265
257
213
187
157
128
79
333
324
309
301
284
255
263
203
176
168
112
100
357
400
348
309
262
283
193
163
168
168
112
86
366
374
258
247
210
216
204
234
229
185
140
101
330
342
324
278
248
231
245
208
185
128
109
398
395
373
361
325
299
294
293
247
195
153
126
424
431
318
291
295
264
199
267
247
186
160
126
362
409
341
357
345
330
280
231
205
213
131
39
30
40
29
16
19
144
144
130
83
69
198
256
218
211
181
153
167
183
180
57
99
69
233
238
227
169
160
151
145
100
81
55
80
61
225
219
264
256
187
181
166
169
173
121
83
62
203
227
249
257
241
183
155
188
157
128
103
100
259
246
256
219
188
210
200
162
135
133
139
77
199
191
176
192
195
161
157
171
164
119
100
77
200
210
200
195
188
126
134
154
117
117
76
47
159
226
225
194
144
128
107
134
111
79
73
75
195
190
228
173
171
158
129
144
132
89
80
57
218
239
247
249
151
92
36
39
25
30
26
31
156
185
219
184
177
108
129
127
129
101
95
77
226
223
212
225
167
135
150
142
121
94
99
74
202
187
232
235
209
165
138
143
138
86
13
250
233
262
225
200
141
129
157
145
108
52
46
184
222
253
230
236
194
145
169
149
115
125
96
246
246
308
278
225
171
180
183
151
92
108
84
275
242
259
253
181
163
286
229
184
151
84
126
272
282
155
3
99
108
86
202
254
296
253
209
166
233
183
106
48
126
147
281
255
244
239
224
167
153
136
132
117
96
118
253
254
251
221
177
90
101
87
91
84
223
238
225
95
200
158
193
190
149
127
102
86
228
273
289
165
191
144
151
182
153
116
116
187
232
230
202
153
122
147
180
157
117
97
85
227
251
218
234
171
125
121
163
171
128
78
69
218
225
241
207
185
129
60
88
131
127
92
83
189
212
226
176
144
149
111
118
141
99
92
82
172
237
231
112
189
231
157
126
125
94
85
64
219
234
220
216
167
111
153
163
132
115
93
94
214
96
74
67
215
225
231
197
157
132
117
236
252
100
102
68
197
189
221
237
143
138
110
125
133
127
67
51
160
172
139
98
104
62
65
94
77
79
80
86
184
192
187
214
184
152
144
90
158
108
64
43
215
256
257
570
236
255
254
253
254
222
184
208
196
234
230
149
140
103
137
121
101
64
87
199
209
216
198
176
126
138
168
134
115
102
66
159
178
211
218
182
160
142
18
67
169
191
215
193
161
134
79
125
151
109
88
48
122
112
144
116
86
75
220
224
192
183
154
132
104
92
137
103
67
51
212
159
206
244
175
151
126
134
150
124
87
76
179
206
235
239
202
179
141
143
161
124
125
93
212
214
237
243
184
150
151
157
137
60
80
65
190
178
194
240
198
151
146
134
158
96
59
50
210
209
235
208
165
150
130
94
165
124
152
147
124
136
140
149
128
108
67
78
195
209
207
262
169
106
95
93
151
97
87
79
15
124
264
286
287
294
277
277
283
290
245
217
340
156
165
213
185
201
171
150
140
160
84
55
48
151
152
167
175
149
133
108
120
113
92
103
69
187
189
201
168
161
124
146
104
95
140
138
180
66
265
275
273
263
263
255
225
212
273
295
287
223
276
289
296
295
301
252
221
199
326
276
296
323
248
268
247
281
257
228
191
211
296
271
302
309
277
269
313
308
327
189
3
2
10
96
305
164
183
159
179
127
110
105
254
257
276
231
226
231
219
237
213
202
128
59
363
312
336
282
281
225
192
119
38
61
25
272
272
284
237
208
190
184
197
175
107
86
44
229
297
304
257
261
195
172
181
146
99
83
72
238
242
258
238
211
199
172
124
158
135
112
59
247
215
264
259
246
212
199
200
175
107
63
59
235
273
262
217
217
214
195
176
173
118
73
50
175
198
228
186
93
284
297
244
230
177
166
182
184
150
103
68
42
169
154
118
162
217
203
143
185
116
71
37
42
137
116
186
247
158
116
202
165
111
90
56
50
155
47
173
188
181
196
195
193
124
124
156
145
78
49
206
188
236
247
203
159
129
121
115
74
55
43
236
178
186
216
185
136
133
105
134
91
54
39
231
204
194
223
169
180
186
301
285
122
61
46
163
185
179
193
88
23
19
47
29
99
23
9
36
52
49
39
24
59
144
172
148
113
60
49
25
29
48
41
23
83
148
160
159
89
64
50
19
21
34
31
22
31
106
150
138
95
81
60
17
27
17
31
26
26
24
60
65
64
51
41
212
200
189
155
176
109
15
29
21
15
13
110
98
27
37
24
21
116
106
49
256
340
210
140
42
9
73
241
233
203
122
202
181
184
157
115
70
56
23
24
25
31
26
24
26
14
15
15
8
9
25
37
29
35
31
17
15
22
18
13
57
24
178
186
223
212
133
99
104
134
113
85
77
52
185
147
181
183
158
82
76
104
115
71
28
45
130
160
213
222
175
154
107
138
102
81
68
33
153
154
150
150
147
143
148
118
86
88
44
42
127
223
254
232
190
161
135
94
94
67
32
43
233
216
209
215
196
143
120
92
95
83
59
32
206
188
178
154
116
144
44
58
57
30
26
19
185
204
187
170
108
151
114
47
34
47
28
22
104
94
94
89
87
78
63
66
50
39
23
21
182
216
223
223
194
98
54
69
45
57
26
23
93
118
111
92
84
58
68
58
55
38
30
33
139
188
165
141
167
168
156
160
122
85
55
56
14
220
260
254
249
246
181
162
168
140
130
78
76
274
252
279
243
236
199
199
177
139
94
63
59
244
230
257
225
203
190
153
163
134
99
66
52
232
270
264
238
207
161
148
160
130
81
61
38
246
232
265
224
194
159
165
132
92
68
58
45
251
220
229
180
158
129
111
78
83
93
62
46
172
219
225
156
164
145
132
96
133
87
66
40
195
216
208
211
192
164
143
176
131
120
72
51
187
193
207
234
191
162
163
146
143
110
84
33
177
204
235
220
172
142
139
136
124
88
60
59
180
239
250
234
162
135
117
116
117
88
63
50
207
211
202
220
176
135
162
138
113
89
165
226
245
198
151
154
124
155
145
95
36
38
191
224
216
202
179
115
64
72
81
34
53
38
202
181
168
172
127
119
95
114
95
87
71
54
240
242
238
219
167
174
192
187
153
127
62
32
47
40
210
237
250
207
143
162
150
127
122
81
60
59
235
242
259
197
180
153
119
110
92
96
76
42
199
205
220
173
131
128
97
103
101
126
75
57
224
216
183
161
125
128
140
84
80
84
68
44
156
151
198
148
145
89
106
99
102
72
54
29
200
213
222
199
177
175
147
159
145
88
56
37
191
209
219
167
153
148
147
150
139
124
67
35
233
252
235
199
155
147
147
156
157
127
104
52
213
222
200
195
157
137
156
139
134
81
80
41
237
258
242
211
159
183
204
198
139
96
72
48
217
213
223
153
14
97
133
142
139
96
51
34
168
184
198
143
113
137
108
98
122
82
50
39
209
203
204
137
143
108
140
153
128
80
55
45
235
269
266
213
179
132
142
150
150
106
75
38
240
269
264
190
128
141
137
133
126
90
52
209
237
260
177
136
112
99
157
137
97
65
39
