62
73
108
146
184
166
155
115
125
130
133
113
98
100
111
140
138
199
113
130
97
120
130
96
40
86
94
113
125
134
137
137
169
311
139
112
52
71
92
118
129
90
85
94
84
78
76
41
43
58
91
93
128
124
76
91
121
115
118
103
99
126
161
187
198
170
139
128
114
180
147
116
96
141
170
218
230
158
176
145
169
166
47
93
71
74
113
105
88
71
94
141
157
172
92
102
134
158
147
165
144
179
119
155
157
193
87
86
133
119
152
173
168
178
187
259
220
180
99
132
125
139
110
171
125
176
144
111
38
46
37
56
61
93
125
110
137
104
97
69
55
40
53
97
126
141
153
185
185
139
142
125
42
71
66
87
110
177
200
173
183
171
152
109
56
59
83
95
154
165
171
198
194
167
126
126
67
76
89
83
155
182
184
218
215
200
157
147
43
58
83
81
108
131
139
132
109
113
104
82
65
67
72
96
130
136
143
155
149
120
106
86
78
82
83
120
151
177
146
169
159
157
57
59
43
72
98
114
123
136
147
140
161
131
96
69
89
87
86
93
112
93
102
90
124
98
81
60
62
71
114
146
179
174
131
102
72
66
63
66
137
127
190
170
67
76
98
140
163
216
215
256
241
246
129
117
67
77
101
133
195
202
245
226
236
206
98
88
103
134
202
241
260
274
276
268
181
95
72
76
149
188
87
67
97
114
126
200
243
245
267
243
206
146
98
60
93
90
136
191
223
290
277
284
130
113
83
118
150
175
203
240
280
206
131
189
208
254
233
250
155
140
160
208
205
237
228
236
206
207
171
129
102
134
176
193
225
237
226
224
187
89
186
214
173
186
148
123
144
85
72
101
112
99
111
113
114
90
115
97
27
97
127
88
108
109
117
95
122
106
91
34
42
35
58
52
51
49
39
26
60
50
55
53
62
101
75
80
74
70
47
33
22
43
38
20
24
31
25
26
38
37
17
22
14
36
26
38
58
68
75
115
190
137
186
100
82
53
49
83
73
114
57
59
110
34
31
65
53
69
62
30
51
51
81
68
70
60
80
74
58
48
37
68
60
65
82
186
126
107
58
44
52
42
55
59
65
59
85
57
52
65
48
59
39
46
59
82
100
71
68
113
125
72
53
38
64
65
33
50
66
40
64
87
51
44
46
78
116
78
68
97
95
104
132
204
255
203
45
77
96
87
136
142
62
59
77
58
44
96
70
58
85
71
320
298
304
405
427
355
384
375
387
459
474
421
440
453
428
465
409
440
355
370
372
429
438
435
351
333
343
408
437
458
321
316
363
452
493
489
389
372
384
451
456
383
354
396
451
441
417
417
363
415
468
419
357
356
336
336
397
451
469
411
407
383
267
468
408
237
249
278
344
299
283
311
350
320
394
348
293
314
344
446
423
383
341
342
340
375
322
328
319
323
389
346
397
407
454
377
343
328
344
351
449
440
435
389
375
367
359
285
321
353
422
462
459
359
352
328
364
383
449
314
345
345
425
457
556
467
346
421
411
331
288
193
308
355
367
424
449
386
358
390
469
454
438
282
267
372
394
401
354
356
383
418
345
340
167
168
216
269
393
307
245
205
217
289
283
297
312
309
367
499
547
584
477
402
349
389
337
404
274
309
302
400
482
473
451
367
364
419
422
401
329
290
359
424
472
458
418
410
445
395
387
401
338
316
422
458
527
488
454
375
437
348
465
521
323
354
335
425
497
436
398
382
365
440
443
525
318
381
385
436
461
528
536
501
431
542
481
474
382
534
557
407
424
400
218
221
285
431
749
708
409
388
375
514
544
554
520
462
493
543
474
483
414
363
446
587
602
614
516
402
389
495
515
431
322
329
401
530
652
572
475
451
432
505
512
445
390
375
439
506
596
656
633
475
527
536
431
511
419
425
412
482
575
925
712
529
509
463
377
342
558
451
340
459
657
733
743
683
554
520
478
408
724
684
454
425
621
754
921
878
779
643
533
342
908
828
580
547
818
996
1048
893
782
717
698
489
749
624
444
548
850
787
765
658
589
482
416
381
340
369
327
487
430
480
469
304
300
334
290
241
205
216
318
447
525
423
456
382
393
444
363
389
187
241
298
356
473
485
487
370
370
347
402
373
221
303
360
428
515
523
390
378
383
389
392
440
267
313
395
432
511
498
443
399
386
410
381
382
265
259
384
521
495
415
409
354
337
330
249
310
434
496
472
473
414
428
417
448
467
360
194
170
188
196
209
294
262
274
218
265
349
361
240
249
273
374
364
409
493
467
363
365
381
417
269
261
251
313
380
433
471
429
386
368
389
818
290
268
363
408
427
455
386
391
417
432
467
437
286
362
499
532
667
618
575
524
497
562
578
691
457
448
511
575
624
515
451
390
377
337
461
475
261
324
343
436
563
475
416
358
393
402
473
523
197
265
281
349
277
260
380
356
365
341
303
202
164
221
238
287
299
274
339
322
404
135
221
239
263
263
305
334
336
320
364
291
247
214
277
369
344
392
348
304
192
163
205
225
321
282
291
351
326
328
365
298
204
193
183
250
310
318
82
117
173
117
45
113
74
75
91
116
130
171
192
239
185
163
130
118
65
77
127
129
170
237
139
112
130
89
78
94
204
145
145
129
128
197
160
189
118
133
111
53
111
118
94
88
124
155
160
216
206
121
112
130
71
77
66
163
142
226
189
197
130
197
164
189
205
131
173
235
257
291
344
307
216
246
221
340
327
152
126
196
223
237
198
171
207
242
165
165
122
156
166
139
103
117
72
106
97
85
164
129
132
157
64
65
89
182
140
170
205
237
288
215
283
271
253
262
232
136
156
189
248
291
225
204
208
223
226
194
156
199
153
251
353
313
286
241
192
299
248
278
223
247
210
280
318
335
263
247
237
261
257
264
198
231
239
328
282
314
319
232
253
304
240
220
191
113
148
195
281
273
284
227
216
215
202
234
232
139
208
225
243
275
200
154
165
208
204
230
149
149
122
205
290
286
243
198
223
263
217
232
200
144
177
201
309
244
293
182
238
231
246
241
227
135
116
154
212
262
185
167
191
146
217
192
248
72
70
84
105
98
153
96
76
88
35
5
34
90
110
121
197
188
183
172
191
137
177
134
145
121
139
225
299
427
738
1096
1145
836
903
1125
1209
146
249
246
234
374
392
307
314
266
290
338
122
129
100
159
206
214
187
170
130
93
118
139
142
82
77
126
156
149
124
95
145
70
64
86
82
115
108
158
218
186
183
145
173
131
138
114
154
32
44
69
61
60
66
58
92
67
91
88
51
32
47
61
75
105
75
71
79
92
64
60
69
55
35
63
104
110
78
78
82
74
58
42
56
31
38
105
92
75
62
72
90
76
68
73
83
43
42
58
63
54
60
86
147
66
70
79
65
74
53
61
79
96
105
106
160
131
81
81
78
57
144
311
358
626
949
777
703
579
536
508
739
52
32
110
81
71
100
119
112
201
128
161
50
35
39
42
70
52
92
56
75
102
119
95
96
5
9
63
46
3
15
3
23
13
76
39
42
45
61
63
58
75
168
149
144
116
117
44
37
48
72
77
94
117
158
174
114
98
91
28
82
88
129
151
144
144
140
55
59
81
90
76
113
103
111
130
153
163
171
58
67
55
65
92
91
97
131
115
142
128
141
53
97
146
67
103
184
169
167
177
228
113
93
36
43
69
84
62
74
79
100
114
116
99
107
167
187
198
135
89
155
205
228
224
252
224
161
203
160
131
153
173
210
222
180
222
267
269
190
178
158
230
178
284
341
265
309
344
311
314
287
173
136
166
202
259
339
272
225
286
331
309
286
153
163
213
225
213
223
102
114
144
141
181
134
165
198
180
178
158
144
161
210
242
255
285
270
86
89
133
144
153
173
210
230
230
237
212
233
125
121
128
124
142
151
159
139
135
147
202
179
137
151
154
163
141
206
207
205
223
252
278
302
148
155
170
200
217
171
170
195
227
244
260
242
109
123
125
119
117
40
55
125
143
156
190
167
105
129
156
148
143
146
167
172
188
109
100
107
119
127
100
115
121
145
169
192
152
87
97
101
106
128
117
93
79
133
205
207
177
83
133
109
78
101
100
81
142
140
139
160
112
96
129
112
118
123
89
92
104
130
157
170
176
99
98
109
87
103
105
129
126
129
132
164
145
78
76
110
108
115
111
110
131
136
200
226
151
96
98
85
105
124
101
118
111
157
156
179
151
102
101
109
89
117
119
139
149
139
165
183
177
89
102
94
107
113
89
114
116
120
168
175
130
81
92
73
78
93
87
90
100
130
139
134
128
69
70
90
98
107
95
78
92
99
117
151
170
93
92
96
101
112
100
115
110
99
139
168
171
82
96
100
79
97
117
105
130
148
181
178
162
47
47
50
45
62
52
68
95
91
82
78
82
113
116
116
104
103
92
125
158
162
69
82
75
97
89
77
99
94
112
138
160
137
102
96
113
121
120
106
107
117
136
160
194
191
77
102
103
91
91
83
111
104
131
146
196
157
64
85
97
118
124
130
116
156
136
136
206
183
79
87
107
98
104
96
83
111
130
166
168
162
91
80
114
108
110
117
114
147
159
188
199
165
85
105
115
100
132
105
117
121
124
95
155
145
70
86
107
102
90
87
88
95
109
137
183
166
104
109
98
100
130
98
101
112
129
125
156
156
100
89
106
85
103
101
113
108
125
161
149
167
99
90
116
105
106
107
112
109
123
141
186
162
74
97
110
86
110
122
123
135
134
147
195
158
83
95
111
90
121
110
109
94
95
175
179
196
121
183
173
163
249
261
295
287
249
298
405
421
140
132
216
225
226
219
237
197
272
409
437
407
162
204
253
290
295
342
304
284
288
290
473
466
256
262
326
320
364
425
374
322
308
349
418
492
257
299
339
219
239
252
336
285
336
289
254
263
273
343
324
163
144
206
203
229
207
229
256
247
304
356
352
153
185
207
197
236
200
229
215
219
281
246
242
132
146
177
194
193
197
241
216
292
296
317
260
102
142
126
147
174
220
147
195
230
227
254
216
100
103
129
98
128
146
129
128
109
137
189
175
75
83
99
85
112
101
90
110
125
138
160
164
77
80
100
119
95
113
113
146
113
168
191
171
96
81
77
85
94
102
102
118
88
99
105
120
98
120
121
72
95
102
103
114
79
101
125
95
81
73
91
83
99
106
87
99
95
115
130
101
62
90
96
90
87
92
106
120
106
118
128
144
65
64
107
96
79
92
100
97
136
138
144
146
65
72
75
81
123
113
106
107
89
103
104
115
63
68
75
67
91
80
82
72
93
106
137
128
108
69
98
192
123
102
71
119
106
122
136
141
63
54
73
74
81
82
97
80
89
103
152
124
69
83
72
87
124
172
214
244
249
258
311
289
77
67
74
80
89
92
122
103
120
133
159
111
83
72
88
74
78
84
95
90
101
125
124
166
62
62
74
64
69
68
74
92
100
123
156
140
32
53
64
56
57
69
80
61
107
101
159
112
98
110
120
140
127
146
121
160
183
204
199
210
59
86
107
72
85
113
157
139
168
181
225
174
80
73
101
90
114
152
128
170
165
184
202
161
88
94
80
108
115
147
163
182
187
238
266
229
110
93
109
133
141
170
169
183
205
206
226
200
81
83
102
134
121
131
148
160
199
206
265
208
83
107
154
127
170
139
164
182
195
181
226
228
91
100
126
162
172
172
207
179
172
185
181
211
98
91
125
143
165
175
196
198
184
220
196
182
104
95
105
115
145
164
156
197
174
240
224
216
87
92
102
87
161
170
197
191
184
209
239
185
85
80
96
144
166
178
203
201
226
184
204
198
66
79
85
91
131
132
129
142
137
133
115
100
80
65
89
90
93
125
129
116
139
171
189
195
66
81
60
87
118
111
120
143
142
158
178
146
148
76
100
100
130
135
139
158
143
146
185
185
24
72
183
151
131
81
71
95
110
112
164
140
51
60
56
82
86
91
108
120
117
139
171
134
78
104
120
93
104
129
135
124
132
152
189
182
89
91
93
117
141
152
188
140
146
229
211
193
94
106
130
135
160
173
150
179
165
180
196
173
73
80
94
117
143
142
138
150
147
179
202
149
79
60
74
51
41
66
84
78
77
61
78
77
84
86
99
52
54
67
76
117
89
82
76
82
80
117
144
31
40
61
65
79
83
75
74
83
81
102
115
34
45
42
45
53
48
60
45
68
99
125
94
55
58
77
108
114
102
93
91
115
133
148
133
48
61
76
76
109
106
105
85
69
115
158
125
59
76
92
108
118
111
100
114
104
141
146
119
50
61
84
99
110
112
101
94
95
87
119
85
67
62
73
72
98
85
87
84
102
140
161
114
59
62
72
83
99
134
129
112
110
110
119
113
34
49
73
88
98
79
64
50
84
108
135
111
38
46
82
108
90
72
67
88
85
110
95
99
55
64
72
107
97
100
97
85
85
112
138
137
62
60
87
82
79
37
86
75
94
115
100
86
38
61
87
81
100
98
98
86
111
122
106
95
69
82
90
94
111
89
101
110
75
108
132
126
65
71
86
100
106
92
118
133
110
137
160
147
35
39
49
49
86
127
105
105
113
143
139
150
39
54
76
94
116
106
102
73
80
104
132
117
59
67
95
102
125
119
118
137
111
145
145
157
51
74
66
99
98
105
78
98
110
106
132
112
54
50
103
124
122
120
94
107
149
155
62
56
62
84
113
123
115
116
108
95
165
122
46
63
97
82
104
122
101
105
114
113
136
118
45
56
92
80
93
124
98
90
100
107
133
91
54
69
96
125
110
125
120
102
117
124
119
154
53
70
76
100
109
99
113
92
115
115
149
134
62
74
89
95
109
105
97
85
86
108
123
144
36
54
50
66
98
109
122
126
179
128
133
158
51
66
75
79
93
102
96
95
93
112
146
124
61
86
135
121
134
170
184
140
182
153
185
203
111
128
134
126
136
164
143
59
91
83
129
176
165
150
166
184
259
298
235
74
22
35
82
126
139
121
102
117
117
143
144
37
51
86
98
123
147
97
107
93
91
119
162
48
76
109
93
166
169
188
162
170
134
110
103
64
51
48
60
78
104
73
76
77
69
98
95
28
30
44
64
76
95
86
82
89
58
81
106
47
52
51
51
77
64
71
58
66
88
91
83
58
90
100
123
173
177
200
158
147
146
167
168
40
85
99
130
147
50
65
97
91
148
158
134
174
186
155
162
192
54
60
72
122
147
154
130
148
196
236
199
216
52
87
105
152
234
235
226
213
220
224
201
242
47
64
93
109
169
220
235
161
170
251
226
231
54
57
66
88
144
188
184
133
162
131
167
187
69
80
90
133
161
170
199
129
111
115
130
153
52
65
101
158
209
208
249
197
219
235
239
230
44
110
141
134
124
129
146
134
146
59
73
66
110
128
177
161
139
134
119
134
190
42
68
75
112
120
148
131
114
104
107
134
81
37
55
67
108
118
145
141
139
108
128
128
163
31
49
42
79
154
174
197
168
162
148
171
202
64
84
118
119
191
163
186
181
102
9
135
126
43
55
85
121
160
105
77
87
138
143
136
173
54
66
104
130
201
190
206
161
165
194
234
231
51
83
126
136
214
203
213
173
173
173
156
193
47
61
74
140
190
201
209
180
154
137
156
214
40
59
77
130
170
206
180
204
191
179
189
212
40
49
60
117
136
162
175
160
136
145
140
151
70
42
51
46
88
100
131
114
127
127
134
110
35
39
44
67
83
113
121
98
86
117
92
94
20
15
19
37
60
54
39
46
26
31
26
35
14
14
34
39
56
61
77
53
59
74
24
15
24
42
77
106
101
71
73
102
156
127
15
8
22
30
50
48
51
47
48
56
51
67
24
29
58
73
78
90
84
94
100
106
31
42
35
38
69
81
87
90
97
81
97
92
33
29
51
52
79
98
105
76
96
111
119
119
33
54
51
96
107
128
132
91
87
100
72
108
28
14
43
61
74
87
99
97
77
84
94
95
28
49
54
72
85
101
123
106
85
109
112
131
31
41
48
76
91
118
141
127
96
112
98
130
60
65
75
103
33
16
48
58
64
74
62
81
62
87
100
123
34
45
58
72
82
73
93
88
94
95
114
140
30
36
47
67
100
117
147
133
104
117
119
138
24
30
35
58
65
103
108
98
74
97
107
145
18
25
55
38
95
98
104
113
101
91
90
97
29
22
42
58
74
124
115
98
73
104
93
106
32
44
73
84
115
142
106
133
110
89
103
150
31
46
53
80
88
105
95
111
98
89
20
29
44
72
88
107
118
120
109
126
136
159
26
31
49
82
88
115
134
94
108
94
90
30
19
36
57
80
93
106
101
84
91
102
146
32
41
65
98
93
123
129
122
108
160
156
35
50
66
75
80
121
133
102
111
104
158
190
56
50
56
99
103
131
142
122
111
134
154
187
29
31
65
60
86
110
106
107
113
116
129
150
29
13
37
76
72
90
76
55
41
60
115
133
18
17
40
70
88
89
85
78
93
124
134
21
33
45
74
87
88
102
93
104
132
179
151
26
17
32
60
68
72
86
85
82
101
140
158
25
21
51
59
77
98
96
93
91
127
148
176
28
40
65
71
32
37
30
60
88
66
87
62
84
78
103
137
41
40
46
54
63
64
95
82
117
91
92
110
34
41
50
75
71
102
110
91
88
102
114
108
43
20
49
49
67
86
89
97
87
109
129
90
43
39
46
61
86
116
123
106
97
108
129
117
37
45
41
71
77
72
99
112
90
104
142
138
31
31
36
38
62
83
86
83
91
77
105
108
24
38
46
63
86
104
124
128
142
165
187
154
41
46
55
46
64
90
103
69
120
89
116
138
42
33
50
35
68
75
83
69
71
89
142
100
34
32
35
42
47
52
57
62
58
69
79
88
19
34
17
27
51
44
55
44
55
60
57
63
36
26
33
48
65
63
63
62
62
70
94
82
31
35
22
13
19
20
52
41
54
48
72
63
20
21
34
29
30
40
27
21
35
34
48
51
28
22
21
27
39
33
30
39
48
42
56
47
14
26
26
27
46
43
32
28
38
40
64
54
15
19
21
17
37
34
35
31
31
49
38
48
32
26
21
34
20
32
32
23
50
41
41
39
13
20
25
31
28
38
32
25
35
29
50
44
29
22
19
32
29
30
29
36
38
30
51
38
28
26
21
26
39
40
29
39
33
47
48
31
1
1
1
1
3
1
3
1
1
3
4
1
2
1
2
1
2
1
2
1
3
3
2
2
3
2
6
3
3
3
2
6
6
2
4
6
4
5
7
7
3
2
6
6
4
12
4
2
6
5
12
3
3
4
8
10
8
7
8
11
3
5
4
4
5
3
7
6
11
7
13
5
3
2
2
2
5
4
5
3
5
2
5
1
7
4
4
9
9
11
1
2
1
1
1
4
2
5
4
5
5
7
2
4
2
2
3
4
2
3
7
10
8
7
4
3
2
5
6
5
2
7
1
6
2
5
3
4
5
7
4
5
6
5
6
9
4
8
2
2
6
8
6
5
6
8
15
6
8
9
6
4
11
8
8
6
3
3
1
1
4
4
6
9
7
1
13
2
2
2
2
1
2
3
11
11
20
29
1
2
3
7
4
1
4
1
9
27
32
32
2
2
1
3
1
4
6
4
1
15
9
6
3
1
1
6
5
3
6
7
3
8
15
2
3
2
2
2
4
2
4
2
2
1
1
3
1
4
2
1
1
4
2
2
1
2
1
3
1
4
1
1
11
10
2
2
4
6
6
6
6
11
16
11
11
9
11
7
12
2
1
3
10
9
15
16
10
6
7
5
9
3
4
5
8
14
7
10
8
8
8
11
3
1
4
5
10
10
12
18
5
19
18
7
11
7
4
8
10
14
12
14
7
10
5
6
12
6
2
1
2
4
5
14
3
5
6
3
6
1
1
3
9
6
9
4
11
8
6
8
1
4
3
4
8
13
19
12
4
7
12
9
1
2
4
8
4
11
20
10
7
5
13
7
3
3
7
5
13
19
10
10
13
13
14
14
1
1
16
17
12
16
16
16
7
15
2
4
7
9
10
7
22
15
9
10
10
7
6
1
5
12
9
11
11
4
13
9
7
10
3
1
5
11
8
13
11
5
4
4
4
10
3
1
5
7
10
11
11
7
2
5
8
10
1
2
4
6
9
11
5
2
2
3
8
6
5
2
3
9
9
9
10
3
7
10
2
7
3
11
6
9
10
7
6
8
3
8
2
2
3
7
13
10
21
7
6
8
7
6
4
3
2
4
9
2
14
8
8
8
9
10
4
4
2
5
4
5
6
6
2
3
7
4
4
3
10
5
6
7
2
10
7
10
9
2
4
2
10
10
6
3
10
2
5
5
3
2
2
6
5
8
12
6
8
4
7
7
5
2
7
6
8
12
10
6
12
3
6
8
4
4
2
10
6
11
8
9
5
5
7
3
3
1
1
6
6
15
13
9
5
5
5
4
3
3
5
5
3
11
6
8
6
5
5
9
1
6
7
7
10
12
6
3
4
8
4
2
6
3
4
11
8
11
9
10
6
7
4
6
4
4
2
7
10
8
7
3
9
5
4
2
2
2
5
5
6
6
10
6
9
10
8
2
3
2
5
9
11
17
8
7
5
5
4
3
3
5
2
8
7
7
6
7
10
6
1
3
6
11
10
4
8
4
2
6
5
4
2
7
6
11
9
11
5
9
11
3
3
2
2
4
4
12
7
6
7
6
4
8
5
4
4
2
3
5
6
9
5
5
4
3
5
1
4
2
7
8
12
13
7
3
7
5
5
2
2
4
3
8
8
7
5
3
4
7
4
2
7
5
8
10
4
4
5
9
8
5
4
5
9
11
5
8
11
6
6
4
3
1
2
7
5
12
11
5
4
11
11
4
2
3
4
4
8
14
9
10
12
5
9
7
3
5
4
7
7
6
6
6
7
5
8
1
1
4
6
4
9
7
2
3
5
6
7
1
9
7
6
9
2
6
7
2
8
7
11
8
5
5
4
3
1
2
1
5
4
8
11
13
4
8
13
6
1
7
7
9
14
18
15
6
11
12
8
7
3
5
7
10
13
21
12
14
11
14
11
6
5
3
5
7
16
17
13
13
10
10
13
7
1
4
5
16
21
20
9
10
11
10
4
1
3
4
3
12
10
11
9
12
3
6
6
12
19
35
30
29
16
25
14
15
4
5
5
9
31
26
38
24
23
22
18
17
3
5
10
17
26
32
12
12
25
19
16
4
4
4
12
19
26
24
22
24
14
16
15
6
6
9
16
26
31
16
15
19
12
15
5
4
6
12
20
26
36
15
19
10
16
9
1
4
5
12
18
17
24
8
10
14
8
16
3
5
4
5
10
18
21
8
12
14
16
8
6
6
5
5
22
23
18
15
14
12
15
12
2
4
12
13
5
4
4
6
9
16
17
14
11
11
13
12
5
3
7
8
16
15
13
6
10
16
11
2
4
8
4
13
12
11
7
13
16
11
12
2
5
5
4
11
11
24
8
14
13
5
10
4
4
3
6
7
11
17
13
13
23
15
18
5
2
7
10
9
18
18
24
27
42
38
47
5
7
4
3
14
11
14
18
15
27
32
32
2
1
6
5
12
18
12
20
19
11
20
14
3
2
7
11
15
8
19
15
11
10
13
13
2
7
10
7
8
10
13
13
9
15
16
8
1
5
7
9
14
11
5
12
6
12
6
3
3
7
12
12
12
12
9
11
11
5
1
3
5
11
7
9
12
13
11
6
7
10
1
4
6
11
5
8
12
12
9
5
4
2
8
7
11
11
12
4
6
8
10
5
8
2
8
12
16
13
5
9
6
12
4
6
1
8
13
5
12
7
4
3
5
5
5
6
7
10
11
5
6
10
3
5
2
3
4
7
15
10
12
12
6
9
13
5
4
2
9
9
13
9
6
8
7
12
5
8
6
6
11
12
10
10
4
7
5
9
4
4
6
11
9
11
8
10
12
5
7
5
6
3
5
9
10
14
10
9
6
8
10
10
5
4
4
6
9
17
14
8
12
3
6
6
6
6
5
7
7
13
10
7
6
5
7
5
7
25
27
42
72
70
81
93
129
157
237
151
145
31
32
60
63
74
90
98
133
171
192
145
140
16
23
42
60
73
84
69
136
148
273
139
130
33
21
57
57
83
78
83
101
142
163
104
110
37
33
37
56
89
101
108
131
150
172
155
129
32
34
52
55
67
86
117
131
54
152
144
194
37
18
39
59
79
81
116
172
188
191
171
121
49
50
64
72
93
100
142
160
164
166
184
130
34
32
58
70
77
87
98
138
153
135
143
158
30
40
52
33
80
128
114
180
174
162
165
35
47
56
57
59
52
72
121
140
156
152
119
31
50
56
58
116
102
128
111
131
150
150
140
33
36
49
80
72
122
139
162
141
192
179
165
37
26
46
70
80
98
102
124
182
193
186
202
46
46
47
60
72
94
120
115
172
162
152
196
59
48
69
85
115
94
116
158
159
135
153
163
26
42
29
50
48
49
76
93
124
143
117
117
38
42
74
90
113
107
148
160
186
212
164
183
84
50
88
112
130
156
164
133
219
206
167
171
60
59
56
56
65
59
85
89
195
190
176
157
56
65
89
153
158
150
151
172
30
22
33
62
55
58
91
105
108
142
100
110
30
34
23
41
58
57
62
82
68
136
121
101
23
31
51
51
67
65
94
106
123
116
109
42
31
35
65
64
48
75
79
91
105
105
97
23
38
38
34
41
34
54
94
99
120
113
119
21
36
43
34
40
54
61
97
110
120
111
119
22
26
37
52
53
64
94
73
98
90
93
127
18
30
43
38
44
30
51
59
76
86
91
91
23
25
45
42
43
28
62
95
119
122
139
116
34
28
32
24
44
35
76
104
122
109
92
79
24
31
35
43
63
50
79
100
123
137
119
18
22
31
44
36
30
59
107
103
130
129
133
17
27
9
46
43
46
70
109
112
136
131
101
22
17
16
12
23
22
44
80
131
99
90
113
36
29
31
26
31
60
76
90
115
129
127
129
15
31
37
26
39
37
62
88
121
107
124
106
46
39
35
50
45
59
75
103
134
158
149
122
21
26
47
65
81
127
140
134
166
135
26
21
36
54
52
37
46
81
72
91
97
96
17
23
30
50
53
98
17
30
27
37
40
57
71
91
131
131
153
137
24
31
42
34
56
51
72
110
136
154
135
149
29
29
34
47
94
116
141
165
163
139
26
30
37
42
36
33
79
110
144
166
147
18
31
39
47
39
58
145
154
142
151
141
23
25
30
31
49
62
65
91
116
131
132
109
33
33
42
81
94
90
94
119
116
10
14
26
24
22
51
30
44
68
98
117
88
6
18
21
22
22
19
34
38
47
48
73
57
11
5
21
29
35
32
75
98
77
44
35
7
8
19
19
20
32
57
55
57
104
80
54
10
16
17
16
14
27
30
29
25
81
79
102
10
9
5
8
4
3
4
13
72
25
60
42
28
19
24
37
52
80
77
93
78
89
9
12
18
30
37
44
69
109
112
116
127
158
16
25
28
43
40
54
69
95
139
132
32
119
30
22
23
40
24
42
71
114
123
79
71
98
20
93
33
39
68
42
58
88
122
127
154
162
41
38
30
71
83
136
24
28
30
36
55
74
113
137
153
153
154
18
30
42
59
79
83
76
95
100
73
12
18
19
33
17
35
36
48
79
80
87
90
21
28
38
34
33
47
51
92
86
126
141
134
17
19
21
42
47
54
78
87
107
111
116
118
18
15
24
28
29
33
57
98
122
115
145
150
25
18
24
18
25
53
54
93
106
130
151
155
29
30
26
33
41
67
109
145
159
130
130
25
21
36
40
38
48
58
104
117
139
149
125
24
17
32
43
48
59
64
70
95
108
114
125
17
26
16
35
39
61
66
109
130
153
160
139
16
17
22
26
39
73
76
88
111
108
114
141
10
4
13
35
25
37
31
62
95
97
114
71
11
16
18
36
36
60
92
169
168
198
183
17
15
30
35
36
45
75
112
155
178
188
157
30
30
36
44
74
77
113
107
144
193
232
202
23
27
17
23
30
48
62
123
152
222
213
182
25
27
17
25
36
63
87
89
136
174
216
153
50
49
45
32
35
40
75
144
135
177
206
23
23
23
40
47
69
117
82
97
237
210
221
24
32
18
31
59
87
94
125
153
160
208
223
16
37
41
52
62
104
126
151
146
194
200
23
48
98
85
118
176
170
270
309
317
27
31
76
108
101
105
184
232
239
284
369
385
22
32
86
90
130
99
90
238
222
247
309
295
25
17
73
112
168
206
217
224
192
304
345
303
21
15
49
74
73
61
112
142
130
214
267
209
13
14
23
35
35
54
58
121
152
175
203
121
13
18
14
16
22
49
77
90
135
139
189
193
14
20
23
18
38
40
65
91
136
207
191
205
20
16
15
15
29
31
41
90
79
107
111
142
12
10
20
26
29
65
77
92
129
114
25
47
43
95
102
153
160
128
141
12
12
26
9
14
37
57
77
96
132
106
132
7
9
10
17
21
39
60
65
114
143
152
119
11
10
12
20
18
37
31
40
70
72
62
65
5
8
5
11
17
13,114
30,204
43,216
54,243
52,272
68,261
69,284
270
10
11,140
16,194
19,202
26,215
39,214
40,214
86,233
92,246
106,221
115,282
122,303
322
9
12,167
15,173
23,214
37,197
44,182
42,187
93,227
97,273
89,283
123,308
115,334
302
9
9
13
22
29
25
51
79
77
96
107
95
25
19,61
14,136
34,166
35,145
62,198
73,210
74,216
122,246
125,304
144,259
129,261
281
9
122
14,132
26,159
23,216
37,169
52,172
83,217
99,224
121,274
89,243
69,298
321
8
17,114
11,152
15,180
39,224
64,217
74,198
95,171
235
255
288
292
282
5
6,116
7,153
18,191
14
32
43
77
78
82
84
72
2
6,132
12,175
16,186
14,206
21,218
14,235
33,240
35,274
66,297
59,347
60,364
376
5
8,130
6,152
8,201
16,208
24,213
34,244
31,241
45,245
41,251
60,340
81,331
258
7
5,130
4,163
9,206
22,243
27,233
37,258
53,267
60,309
62,328
77,382
70,341
279
8
9,115
10,164
18,183
24,184
27,215
32,259
36,295
54,298
85,318
70,363
75,321
320
3
5,154
15,161
9,181
27,191
29,207
37,230
45,253
60,250
82,315
93,264
75,385
350
11
13,130
13,193
17,175
33,200
36,215
38,190
79,243
93,321
109,321
146,371
135,391
343
7
9,164
11,148
16,177
33,201
46,193
55,212
83,211
101,264
104,244
106,306
117,304
309
9
13,136
17,142
14,172
28,154
54,161
61,214
84,229
107,250
130,251
125,268
118,301
278
8
12,119
14,131
26,158
32,171
39,190
38,204
86,192
94,228
122,188
138,264
120,267
280
8
11,120
8,147
14,151
34,174
46,223
51,204
74,247
76,322
93,244
100,298
121,291
279
102
111
148
166
154
63,163
77,180
101,183
107,227
90,227
111,179
209
6
132
136
170
193
44
53
58
38
95
102
103
6
5,113
120
133
21,169
38,153
85,149
87,219
99,221
133,239
140,226
129,261
234
11
13,109
9,99
15,149
32,198
184
180
191
79,227
126,196
109,212
99,232
235
5
66
22
35
44,189
65,179
99,197
124,232
125,231
132,226
118,237
254
7
10,96
9,192
20,162
41,190
39,177
58,187
106,190
125,193
137,177
102,192
109,216
216
11,104
13,124
23,169
44,157
51,147
57,165
79,180
109,165
111,193
82,238
102,191
177
10
11,103
19,100
23,146
26,144
34,159
52,198
71,181
83,181
93,200
85,213
82,242
229
6
6,107
10,114
15,152
28,164
43,171
62,174
74,201
98,204
86,201
97,202
113,246
242
10
12,94
9,128
18,140
32,159
21,158
40,148
68,170
95,178
111,193
101,212
90,184
213
2
7,77
9,109
27,154
30,174
34,157
52,173
96,154
102,191
94,207
84,221
81,251
237
6
9,96
10,129
26,145
34,186
25,159
38,157
76,201
84,185
69,226
79,239
74,239
251
7
8,72
21,96
15,106
31,127
39,152
57,134
75,176
88,172
89,157
102,207
94,205
220
6
11,85
9,105
17,136
31,152
34,187
45,170
91,170
96,181
104,212
63,252
84,224
257
5
6,107
14,100
14,105
34,129
52,122
53,135
53,162
75,184
80,209
83,226
63,196
233
1
7,97
11,105
17,143
28,173
37,186
44,167
49,189
92,175
100,205
85,222
82,243
256
11
3,101
10,130
15,140
32,172
43,176
46,139
55,177
82,180
88,193
79,236
69,240
226
9
10,90
6,128
16,142
16,160
32,172
50,179
70,148
66,198
85,157
90,216
84,212
207
6
9,85
21,119
31,132
32
35
50
77
99
118
117
76
10
8,93
7,121
15,137
27,175
36,167
32,190
57,212
83,225
106,208
115,270
106,249
300
4
10,84
11,101
14,157
25,177
23,183
60,192
65,205
64,201
101,205
85,224
81,204
243
18
12,97
14,144
150
217
190
57,212
71,221
82,234
99,236
97,232
85,197
187
4
14,98
16,112
27,117
23,162
28,164
51,170
54,152
104,153
105,172
102,191
106,221
236
8
10,41
8,79
18,99
22,98
37,114
47,116
86,145
104,154
93,148
96,209
104,205
187
12
9,193
6,204
7,239
14,300
15,300
25,296
38,287
58,316
53,277
63,326
49,447
431
2
7,153
9,205
12,266
26,370
34,300
54,279
76,324
85,328
84,245
89,425
86,389
340
15
12,97
12,129
19,153
32,199
185
193
209
235
79,232
100,244
91,264
247
17
9,110
19,107
25,146
27,170
35,171
45,164
69,206
83,199
105,185
87,265
96,234
235
83
112
133
144
151
163
164
188
235
209
224
244
4
13,86
9,93
13,142
19,170
40,170
60,177
74,194
85,182
95,206
84,183
88,216
231
87
110
140
190
186
215
189
178
196
190
231
226
76
121
165
180
184
178
153
180
164
196
222
192
86
83
125
168
168
168
189
206
212
199
208
186
102
99
155
154
190
171
183
182
182
203
208
221
114
127
184
213
215
192
171
214
182
205
182
225
107
124
140
204
193
167
164
144
205
214
193
205
104
109
133
183
184
179
175
182
193
194
203
234
92
121
154
198
197
158
179
190
164
195
192
196
104
114
128
191
220
200
194
209
218
200
234
224
74
116
139
135
199
180
193
228
191
237
226
220
99
132
133
198
174
174
187
213
181
191
242
230
94
128
130
187
171
201
208
184
171
211
169
211
93
119
129
166
183
238
227
223
233
219
189
244
90
94
133
157
204
214
199
186
195
231
208
223
110
122
139
152
195
211
197
223
201
251
237
239
93
124
125
188
212
171
172
166
201
67
130
130
156
149
196
176
212
206
256
235
227
104
121
148
186
205
186
239
216
262
254
270
234
106
124
157
177
186
199
228
201
247
201
219
223
123
121
130
170
222
234
242
227
245
188
183
230
84
126
156
177
186
218
206
221
199
257
242
222
25
35
76
172
194
218
218
218
247
231
222
225
33
48
92
176
216
233
232
210
250
262
275
273
99
109
149
171
200
205
212
238
256
261
237
261
95
102
149
178
233
238
259
234
271
242
250
281
66
99
155
178
236
254
245
224
246
215
198
230
120
129
152
146
216
219
225
251
222
208
233
265
83
109
131
174
214
215
228
234
187
196
207
230
98
92
159
193
222
221
237
240
239
245
295
281
119
110
131
155
203
190
227
199
212
234
245
234
88
108
180
174
231
248
208
234
281
260
282
291
108
120
163
201
254
277
290
314
284
273
295
261
129
155
150
196
234
262
305
261
274
227
259
231
110
110
153
210
219
276
248
283
227
217
267
243
79
105
113
132
171
209
267
233
201
221
261
234
91
97
175
179
196
198
211
243
254
245
264
260
88
132
145
113
126
171
142
174
237
281
280
298
273
280
285
96
104
137
153
175
237
268
235
266
233
221
250
89
125
141
173
175
253
228
236
244
231
216
234
84
127
133
168
206
216
234
258
259
256
252
248
104
108
162
167
212
238
262
208
269
252
259
241
93
111
138
163
199
217
243
255
247
241
210
222
85
99
167
101
109
149
148
179
207
229
264
236
230
238
253
51
105
137
174
187
239
248
247
249
221
196
245
75
106
119
165
206
286
253
244
267
232
282
284
110
135
165
219
253
293
291
294
270
311
285
313
100
102
145
142
176
230
281
249
298
274
260
294
87
106
148
187
225
232
262
235
276
260
272
261
115
112
153
177
202
231
262
253
279
271
281
280
100
131
130
181
207
253
278
327
289
276
311
309
94
85
136
169
193
249
244
253
278
238
269
291
99
111
149
153
226
262
244
265
296
260
285
340
86
113
163
196
216
275
287
284
233
299
323
324
91
124
162
203
239
254
286
321
338
309
326
307
104
137
155
196
255
283
286
251
256
292
292
305
118
114
155
188
216
264
248
248
241
310
319
299
99
113
148
174
243
268
283
260
239
283
326
360
108
123
174
209
216
293
272
255
256
268
276
357
118
99
136
201
238
227
265
248
304
237
317
316
110
123
170
210
231
275
264
300
265
332
351
357
152
142
191
239
276
311
310
311
302
360
334
397
108
133
153
214
248
277
313
313
338
392
367
405
18
33
4
15
31
33
38
34
70
92
112
135
128
127
129
154
180
226
237
213
78
62
93
97
123
111
124
157
208
252
242
184
55
78
101
157
141
140
154
174
204
248
256
225
56
79
102
138
3
26
216
62
180
132
137
127
126
140
147
196
229
271
265
21
14
84
125
126
130
82
166
179
230
206
202
69
51
92
119
129
103
117
159
201
213
188
210
60
70
99
103
111
101
110
125
153
223
203
193
52
56
70
88
125
92
47
55
155
185
204
185
69
65
94
123
110
101
97
126
158
214
210
122
47
58
116
133
141
130
134
191
202
27
43
239
65
68
102
123
128
112
99
138
169
209
229
193
59
78
112
133
127
127
127
184
257
226
237
220
71
93
116
137
135
133
118
187
234
270
259
263
61
63
79
94
108
145
104
152
220
234
230
261
73
93
120
172
164
44
277
285
287
250
152
104
108
183
189
170
166
214
222
279
273
271
70
111
144
138
178
128
145
186
228
289
262
230
73
82
133
151
134
123
148
181
229
258
296
224
12
4
39
208
7
17
6
105
290
252
84
86
111
142
148
101
42
143
141
153
127
149
172
189
245
251
237
64
84
105
114
130
133
146
159
229
214
253
230
77
87
110
75
120
119
131
172
193
225
229
232
60
73
87
33
212
60
94
150
130
124
118
151
167
219
227
243
234
62
73
103
115
130
115
146
169
213
224
238
244
59
108
105
105
106
104
113
136
185
231
196
224
40
55
75
93
109
89
98
129
164
191
184
169
62
145
184
172
124
128
134
165
204
236
234
193
65
70
70
97
144
112
99
157
184
233
245
199
52
92
73
107
114
97
105
154
176
227
232
185
113
104
85
169
169
125
106
141
166
195
199
189
50
93
71
94
93
133
189
228
192
205
110
137
113
126
205
112
144
172
201
210
178
44
46
83
109
114
88
103
168
212
216
221
199
197
198
215
242
237
220
205
249
301
301
309
281
70
95
91
112
111
107
107
157
220
221
221
242
78
62
64
108
114
98
90
144
203
218
189
203
65
83
75
89
95
81
94
128
176
210
185
201
49
73
100
97
91
108
114
127
170
192
215
193
62
80
97
115
111
105
107
152
199
213
205
216
61
82
87
109
90
67
65
99
128
169
174
188
54
81
99
122
138
114
93
160
200
213
223
202
44
47
91
129
110
88
76
45
154
257
227
235
41
62
95
128
116
88
107
150
201
226
220
183
51
49
77
97
99
86
107
155
201
249
211
182
49
75
102
98
104
87
67
112
156
159
171
181
60
47
66
84
83
89
90
122
172
175
198
191
56
74
77
95
101
71
107
132
194
116
116
112
121
132
124
118
156
30
7
308
292
231
85
89
85
76
119
151
193
169
160
37
44
53
48
82
86
82
109
168
179
167
151
48
72
68
63
77
76
89
118
179
189
193
187
68
78
85
81
88
83
77
115
140
133
159
130
219
199
182
178
216
237
221
272
279
309
329
310
212
233
216
264
227
231
253
264
288
311
289
305
238
198
260
271
232
236
237
256
293
308
319
310
45
6
8
7
5
2
7
2
76
67
117
120
27
108
145
166
205
212
225
242
71
76
79
104
147
188
231
275
298
327
333
331
22
62
74
73
109
110
126
135
162
232
268
272
56
68
87
116
148
163
153
236
299
316
245
292
57
66
78
107
159
161
182
209
243
290
269
290
54
56
67
87
128
133
149
190
231
255
284
255
69
50
93
111
131
133
138
197
239
303
290
299
39
94
105
112
128
162
170
210
246
259
285
223
1
152
171
226
271
316
287
298
150
130
173
132
113
109
159
205
268
287
298
283
35
42
84
131
184
177
161
210
287
274
274
179
33
42
122
79
77
109
79
108
136
161
239
272
52
61
92
86
90
142
148
179
225
240
236
212
56
61
79
97
114
90
100
101
143
187
255
234
53
52
64
86
105
94
127
121
140
219
191
215
35
53
58
82
102
109
127
151
212
258
241
220
19
50
55
70
95
119
149
174
132
140
157
142
6
19
14
12
12
14
22
22
34
41
23
32
34
34
80
96
52
18
10
20
32
21
33
27
58
46
66
98
118
114
17
15
26
24
21
35
53
33
59
60
38
58
13
22
21
22
29
17
42
47
60
78
90
111
80
178
168
214
184
119
406
144
24
24
69
93
82
130
155
160
210
190
122
105
68
48
50
66
46
38
36
49
42
54
53
54
52
68
55
22
20
18
22
25
31
27
12
12
9
19
17
15
9
18
21
27
26
39
12
125
132
124
143
175
233
226
208
46
40
49
91
89
73
124
154
176
178
195
192
41
32
52
97
98
139
125
118
139
199
191
219
39
51
100
87
87
109
123
155
210
196
243
179
29
32
34
95
54
74
59
97
122
106
117
95
31
54
81
98
124
125
130
183
206
232
252
224
20
58
42
58
82
114
140
165
191
223
222
216
20
24
36
48
59
55
51
77
75
183
225
245
16
15
36
46
67
65
44
28
49
106
93
97
25
24
32
60
62
68
57
75
87
209
229
235
27
34
49
60
71
74
67
83
84
112
119
133
50
28
73
88
108
87
95
86
127
153
209
220
45
51
65
99
101
41
56
102
136
168
179
151
161
201
229
261
274
84
81
115
147
169
152
144
195
246
300
269
254
35
11
144
118
158
140
146
179
234
269
260
235
48
50
66
111
153
158
162
199
229
283
257
288
40
65
87
113
114
143
142
149
222
260
267
267
48
56
72
89
129
163
150
175
254
222
270
223
44
58
63
80
87
67
102
119
160
205
190
222
49
42
55
82
94
102
93
133
162
192
189
179
38
48
81
103
116
113
154
155
189
224
210
234
40
45
81
90
105
120
143
179
205
213
237
221
39
56
76
108
102
124
126
180
222
229
243
235
47
55
68
95
134
148
132
159
440
230
213
36
60
70
74
96
128
131
173
199
244
217
201
38
43
75
95
130
157
132
163
232
244
251
212
32
28
52
90
116
99
139
159
182
174
189
186
38
38
60
102
128
141
136
175
208
222
199
234
32
42
44
109
140
157
169
187
209
273
250
253
36
47
60
82
115
148
122
136
167
159
183
203
35
47
71
74
125
140
155
180
245
246
244
197
35
42
50
68
110
135
141
176
189
205
180
182
34
58
71
100
123
120
126
164
219
219
224
206
26
51
62
71
80
111
132
135
151
174
182
179
33
43
49
67
112
99
117
135
172
190
201
178
33
36
46
99
97
127
112
144
186
186
217
166
35
41
63
95
117
60
69
96
245
263
250
203
46
36
50
107
124
134
139
173
222
203
223
187
40
39
77
118
147
164
184
202
227
237
241
207
50
8
7
144
158
206
224
264
246
29
39
65
85
102
101
110
111
181
175
171
195
26
34
46
72
116
154
145
166
216
216
225
226
42
109
78
86
110
141
140
166
192
199
182
202
31
47
66
119
137
161
155
201
223
186
233
211
25
41
62
80
110
127
152
172
216
226
210
25
