9.72727272727
23.9532374101
9.99386503067
15.8812664908
26.9669603524
38.604368932
18.7166666667
28.1724941725
325.741935484
99.072243346
110.212809917
133.195652174
77.5462962963
23.5267857143
23.2416666667
24.8046357616
70.5123152709
--
32.7126436782
45.0686695279
16.525
15.2788844622
67.0750469043
15.935483871
11.752688172
21.3988095238
34.7446236559
25.7402234637
18.6081081081
50.8495575221
37.339673913
40.6524216524
28.3583333333
22.7392473118
52.4576659039
56.4489247312
36.0890410959
58.7191358025
30.4586466165
37.2643678161
51.9945355191
23.9557522124
25.1111111111
20.3623188406
28.6060606061
--
26.28125
7.07692307692
17.8637681159
10.8622754491
17.7940199336
19.2159468439
25.3012048193
11.1730205279
10.630952381
7.07936507937
10.076
26.9628482972
16.7704280156
17.3930348259
123.903381643
74.3309352518
7.94259818731
8.9512987013
14.359375
28.8651685393
8.52279635258
20.4952380952
16.1129032258
26.2386831276
17.1181556196
21.8448275862
--
--
--
23.4022988506
25.5745341615
16.1726190476
21.1823899371
78.8650442478
117.560209424
94.6277372263
82.7663398693
60.7771952818
58.3120464441
72.7634782609
66.7485795455
42.9244444444
69.3071428571
44.2049861496
10.852398524
--
328.689189189
266.008064516
60.0854092527
261.89516129
27.6646341463
95.7937007874
24.811827957
253.714697406
--
288.891666667
283.633423181
271.9
243.665745856
150.138413686
209.965909091
217.556451613
209.110215054
--
130.833827893
235.147368421
--
91.48
165.067754078
128.792124542
129.84230406
186.80372807
162.092067989
146.287175989
101.027472527
76.6648648649
102.730945122
111.486805556
145.921683226
224.495260664
119.430608365
114.28736413
98.2582921665
99.3
95.5557103064
76.5048543689
54.2436162871
53.1150793651
43.4664070107
57.5824074074
80.7686567164
86.2563291139
84.0792864222
43.1972972973
99.1892832289
106.414618778
125.571268865
99.1489912054
70.5335820896
72.9388714734
91.3288043478
90.9642130948
102.706011409
124.568580921
103.144785847
96.6691579472
99.8666666667
77.58699101
88.8701860666
73.629969419
63.4416961131
65.5714285714
59.9558310732
73.818727491
95.9079173838
105.504876649
131.286170213
96.4588701685
68.2406181015
72.6039195462
56.8135788262
93.9011466983
106.10343184
97.0249882131
91.0340707965
100.864948454
114.560613558
172.176239182
116.881392818
150.265065318
129.749000444
141.951781971
139.709805874
128.351452671
113.680239521
104.2750258
92.7902379992
113.985601486
73.5294457275
120.431597529
157.593790427
91.6659793814
63.7231543624
65.4444444444
70.9106425703
64.0485893417
41.6794200564
28.962962963
28.7929656275
31.6157655799
48.0946135831
46.3620309051
41.3622106049
45.9458544839
40.9554030875
47.3477321814
47.6222329163
--
