1.15009120061
2.67801380543
1.28787128133
1.95751681308
2.17189785227
3.13389547208
1.83675746922
1.43652265679
17.2263843486
5.90374516472
7.06711910498
6.88451031308
6.77951547841
0.440082200281
0.411363418733
0.676385905711
3.82955394505
--
0.698809009671
1.78043448087
0.517249461644
1.0284748937
5.41510621043
0.597241067842
0.549819599484
0.925880358278
1.7040911814
3.07985773867
1.32232927752
2.38992602657
0.855957387439
1.45721115504
0.913907703388
0.785005825601
3.62466039362
1.79448710399
1.36854885003
1.81119014792
1.85865642332
0.979313672838
2.37536872609
1.11087967772
0.987039016181
0.784216725447
1.41837799977
--
1.0579698262
0.325067717261
0.551284594614
0.609718337452
1.19735417636
1.15245879691
3.11016906505
0.354725994555
0.642021160088
0.323425428427
0.440291177842
0.981344132975
0.745624551054
1.54681465545
3.50328755349
6.59914423981
0.390141129984
0.904547300933
1.25233424205
4.39690644253
0.531724651702
0.805066198751
0.770712521545
1.03033733008
0.638806537253
0.782129335049
--
--
--
0.762550961578
1.08793136702
0.768932955447
1.27162141551
5.93360879067
6.15143850431
4.35120875324
4.78495763042
2.46548853807
2.47327920936
3.85655529374
2.51113295208
2.62766029575
3.22217990251
3.23353707441
1.00524860098
--
6.63892394802
4.23705491801
2.9988854695
3.56662900682
0.953216407782
2.88480662773
1.30227277662
4.00580607072
--
3.23737073714
2.8122966589
6.81900937739
2.11013277182
4.02693733283
1.34252727767
2.09055046094
1.7618732431
--
4.72647350876
7.77629510781
--
7.24815191083
2.94188950826
2.62044941687
2.93647167645
3.1134811136
2.24398194063
2.05058714627
1.61518020828
1.27976022042
1.58733896729
1.81296008106
2.1305939597
3.00191785785
2.76735637576
2.03274263217
1.9243620441
1.87318884585
1.68707048423
2.07637200547
1.1858269436
2.28900030614
1.10274884047
1.36887317631
1.97017922366
2.25845732121
2.00445873973
0.846544790144
1.66659850761
1.56240942476
2.02028413581
1.80403712897
1.31605671434
1.11433451767
1.32543128503
1.43039373822
1.80565352293
2.01978916254
1.74702923949
1.68562469054
1.94474061523
1.58118850569
1.97483342129
1.51483474655
1.3066651999
1.24883700042
1.07405001113
1.3785972616
1.869634658
2.40827179724
2.58830884755
2.06529982204
1.45497080488
2.03668733209
1.39890336445
2.06503485845
2.30482107283
1.90357907637
1.73608606704
2.34063640281
2.19478651828
4.01887775769
2.40994435664
2.55902487335
2.53478736458
2.06672304768
1.93985269483
2.23569982701
2.06134852326
2.03596852534
1.77353326054
2.44524028678
2.11770349238
3.95652803458
4.88629851602
2.21160576126
1.57254359868
1.52779081056
1.43182476573
1.23103765417
0.589506683825
0.361839555188
0.357300774596
0.454238704322
0.718730100918
0.743045944493
0.822502343774
0.702699756394
0.614203376875
0.704991908442
0.688502089405
--
