0.726353015011
1.55451798035
0.939555795152
1.20512843139
1.18413209047
1.80688878669
1.34531122784
1.33352292993
11.958086876
4.87261661838
5.49129768891
6.25243012492
4.82045817845
0.73162394582
0.576023344695
0.770871978966
2.58933857292
1
0.788628928591
1.51307134283
0.605253076971
0.445815026018
2.38758346588
1.0274701515
0.747836973115
1.10194615613
1.18673821671
1.73594215378
1.40120954169
2.91405598298
0.985578396645
1.92110433689
0.926759728543
0.533957663548
0.879895168922
1.59189892404
2.2025324537
1.8622026648
1.35112304906
1.98083914725
2.65945348848
0.907369124575
1.1030605906
0.661128840463
0.525767928229
None
1.36494382189
0.824789412012
0.471125184681
0.318071923913
0.706241134714
0.788775523161
0.476694052173
0.323963471484
0.472161653394
0.323686372475
0.316625869003
1.00069711529
0.563075704121
1.38339104483
3.68340289764
6.49641928573
0.344850559478
1.18698040071
1.23351852478
1.84498259173
0.518736875987
0.779864349269
0.368255630219
0.635680888827
0.664605457727
0.723788460538
None
None
None
0.452572788758
0.988091693897
0.930177716294
1.40188041049
6.40633276155
6.7052588721
4.95747143405
5.35792091155
3.22022425469
2.68820318859
3.7016972403
2.38388690394
3.04407270263
4.06145726213
3.90739705643
0.72886875015
None
6.99669554663
5.44233217432
1.83009334085
3.93667748859
0.737010668639
2.61985971196
0.91602814815
5.85428242061
None
4.68672086615
3.9526906117
46.9917989299
3.08071780304
3.49317565572
2.93805919875
3.36445288601
3.2298676165
None
5.01530201969
10.5631899306
None
8.34654828742
2.55221925811
2.33486374496
2.54216205638
2.72132366274
1.85401770286
1.63402063853
1.33819665045
1.03083921821
1.43899277748
1.75492905936
2.29920025673
3.39086942247
2.32386787497
1.69233818471
1.64968207779
1.38436223888
1.41370270321
1.54074259667
0.891917999383
1.50206895994
0.714028736202
1.10644460494
1.83104443591
2.17625071798
1.5676084756
0.660085152984
1.27378752157
1.3735475292
1.62426142985
1.34722782656
1.15159984809
1.0022701494
1.1280552445
1.4062137613
1.81634344854
2.06356765117
1.50500509338
1.34387990616
1.70339029037
1.23809882699
1.84322094436
1.00059375406
1.21696492141
1.32806305458
0.881823640469
1.27568583362
1.80433045362
2.42073631918
2.47643079658
1.72968737399
1.551664854
1.75349267932
1.06089205246
1.68091211022
1.87909818021
1.51964143573
1.48861598743
1.89010686727
1.73866971952
3.18137390035
1.6534764618
1.98438031942
1.80380374005
1.55333258863
1.64535992482
1.68624451816
1.62607960994
1.59980492361
1.4803976573
1.98308869063
1.88127430077
3.41284355149
3.35996323279
1.47103048918
1.14735263776
1.10380071239
1.08969774091
0.899422371064
0.515133384656
0.337209299598
0.356658438713
0.455396335596
0.742142298542
0.802500155283
0.638096531648
0.592800845411
0.555442068886
0.617601065487
0.598766440616
15.0
