8.12
14.9217081851
8.17575757576
11.1989100817
16.2087378641
24.8417266187
13.6642857143
23.7319347319
241.4375
81.333976834
87.656964657
109.467652495
59.1841491841
23.1272727273
20.9696132597
21.39375
53.1333333333
63.0
25.4531722054
34.9678800857
14.3388888889
10.9274193548
43.8677354709
16.4864130435
11.738292011
19.1873111782
30.1478494624
17.1604584527
14.9140401146
43.7767857143
24.504178273
29.1813031161
20.2506963788
13.6081081081
28.7591743119
41.5135135135
32.0342465753
42.9240121581
22.2753623188
36.0423728814
44.172972973
15.2666666667
21.9777777778
15.7816091954
16.6501901141
None
21.443438914
6.91925465839
10.4782608696
6.22093023256
9.03986710963
10.1084745763
5.23376623377
12.1346704871
7.48795180723
6.18604651163
7.1646090535
19.200617284
12.9407114625
12.1025641026
120.662650602
72.4285714286
5.42295081967
8.30651340996
12.1764705882
10.1734693878
6.39935064935
15.2926829268
10.0584415584
16.5173913043
15.9596541787
16.4137931034
None
None
None
12.7809798271
17.6327868852
13.2162162162
17.5221518987
80.5682326622
120.153169014
93.969521045
89.4033057851
78.7569721116
57.3151862464
65.5462633452
59.1122302158
45.1386292835
80.8275862069
43.5840220386
7.68253968254
None
290.239819005
215.932614555
47.9316546763
190.407608696
16.8101265823
70.7421383648
13.9351351351
232.776504298
None
262.829131653
202.010781671
226.75
198.713091922
121.006349206
158.034883721
169.094339623
167.811320755
None
126.1484375
230.494382022
None
120.230769231
142.62967581
100.942164179
103.032350143
135.779147982
113.765
99.3925619835
73.9074889868
57.5586289838
79.1790930054
91.8493723849
133.248377581
214.738287561
83.7025986526
83.2293515358
79.0662438337
67.6550546448
71.2524475524
53.5496558505
38.8979166667
31.4447761194
29.2974559687
43.4068901304
68.7609710551
79.6773504274
57.7423191278
28.7369863014
68.3319357093
73.3460076046
85.4670022371
65.1065911432
51.9679245283
52.4732945531
63.8773841962
69.7732296357
85.8803003534
112.758719541
67.4234234234
65.3226292022
71.5222841226
50.5527272727
64.0654369785
44.5511741249
47.4514106583
48.9550561798
42.1401722788
55.9375510204
80.9281045752
95.9156486329
90.7993474715
64.4348044132
56.8970070423
54.4517634855
37.5466200466
64.6666666667
78.0920988851
68.8598574822
69.2174877941
75.3619631902
81.4052026013
116.170212766
70.1071428571
103.445865303
89.7079646018
92.3055439767
92.3993993994
81.8537846732
76.8246674728
65.0061823802
63.9019846092
79.3948220065
58.9720902613
96.2033450704
84.6928020566
57.3169850284
45.9902953586
45.1487750557
48.9224093925
42.0506128905
31.0447941889
21.2611907866
22.6248992748
25.5323320818
40.6598960794
42.5960482986
26.5397070162
31.6753794266
33.4635394456
36.7426343154
36.2087591241
21.0
