1.59995051995
2.67470925396
0.826558776455
1.76451148989
2.21959547686
2.99395008656
2.08320386704
1.51162176423
17.6216158322
6.66720143968
7.414517346
9.12003840708
6.05410614195
0.686088476829
0.487719084041
0.478555196085
3.60229816602
1
0.641609304226
2.64506772512
0.443041711445
0.370059917596
4.68937341535
1.04110831963
0.839770170055
1.00717922483
1.05391228926
2.21746381888
0.476672954806
2.02031012834
1.32263413096
2.2257342619
0.497154032929
0.343087348121
3.40498521673
1.4833773975
2.17766188985
1.16095681572
1.37289668859
1.89171128117
1.61711178405
0.796938722446
1.12564710231
0.794413475317
0.961029500767
--
1.58199248478
0.809517190592
0.49475354532
0.480816332488
1.50747399583
1.24562907618
3.57547232159
0.337700372269
0.520224658549
0.391816838463
0.37388125629
1.4685989414
0.946992528367
0.805539900548
3.68167926025
5.89727746444
0.46001182419
0.881556508341
1.32104326538
2.5578436431
0.921070770517
1.01460993666
0.561139374433
1.15685914461
0.715198778121
0.811982475808
--
--
--
0.644054012683
1.07054717215
0.902191426724
1.20271248243
6.57421483955
6.75051190207
4.94012221204
5.80670499507
3.83983852005
3.25804586894
3.95526810433
2.48972647703
3.38460949754
4.45464178214
4.42544369387
0.618519892656
--
6.51436983031
5.93310877017
1.76129690546
3.0372084755
1.18909910672
1.69913088843
1.1770951737
5.59421286653
--
4.71175646391
3.05675141851
13.0247627404
3.08833733466
2.51311031134
2.14413763638
2.55884131531
2.65482343939
--
3.54489147977
9.51656942564
--
7.02476240628
2.64612554813
1.99126545721
2.12297047565
2.31308269291
1.61908647635
1.39346069094
0.943749855644
0.755560539843
1.08918567212
1.27381356661
1.68876797994
2.72433001668
1.82895622181
1.40794747537
1.27733792395
1.00606375371
1.35424674362
1.13800997947
0.608067384376
0.735892439575
0.662527908537
0.808596331095
1.29263305414
1.56106545628
1.1539126316
0.721226231005
0.876150927978
1.00832302527
1.17987224558
1.20705038084
0.888366470041
0.714652252001
0.839961867566
0.924600002637
1.08065358133
1.33803936486
1.08545727006
0.970761983632
1.36416208133
0.986475785336
1.88072608531
0.824030993719
1.11328263979
1.15814159611
0.569140749277
0.780352697094
1.06975837154
1.76120143064
2.31854592207
1.49436587232
1.57760712613
1.55436200996
0.931123434793
1.47481512272
1.48255958131
1.20135022306
1.125430999
1.37460826454
1.43182274129
3.37728538597
2.20673909553
2.01064723332
1.44366439767
1.0673035781
1.219322699
1.32599976967
1.10504864349
0.918603024454
0.908300248065
1.21826584722
0.942430929277
1.54090542795
1.77671869401
0.936063203827
0.780423223159
0.69721368308
0.659373881928
0.529288979714
0.343841466609
0.22522941259
0.241095680544
0.309878065396
0.526406976489
0.747593623593
0.517197631215
0.521690268462
0.485942531012
0.473666804997
0.457384021364
15.0
