10.5335463259
20.7984790875
6.3223880597
13.1461988304
25.2316076294
36.0689655172
17.7673611111
25.2351598174
264.6
102.713178295
107.599589322
142.706319703
60.9906759907
15.3567073171
14.6408839779
13.515060241
47.4441805226
63.0
19.4085714286
43.7161016949
10.5027777778
8.44534412955
69.637964775
13.7786885246
9.38268156425
13.009375
20.1459459459
11.7588235294
7.01510574018
25.7147058824
19.0
23.0141643059
12.9415041783
10.6
33.5638051044
31.6702702703
20.8874172185
27.2401215805
32.8175182482
26.147632312
24.8350515464
16.432748538
32.8666666667
23.0890804598
23.60546875
--
34.1488372093
9.00621118012
14.1527377522
9.71676300578
17.7654723127
15.9759450172
17.1282051282
9.80857142857
11.5481049563
9.07604562738
9.3606557377
31.8981481481
22.0923694779
15.5787037037
105.380952381
67.1821192053
8.25316455696
7.13432835821
15.6304347826
17.2
12.7994011976
25.8285714286
16.7565789474
29.0941704036
23.9770114943
25.8247126437
--
--
--
18.8612716763
14.2745762712
8.85893416928
19.5081433225
90.5900900901
123.746059545
93.0454545455
99.3056478405
91.8722002635
63.6424501425
69.6077057793
63.75
47.4481707317
86.6315789474
46.2369146006
10.8679245283
--
260.240990991
188.123989218
51.4539007092
137.038147139
25.0432098765
47.9861325116
19.9470899471
143.133522727
--
169.389355742
140.905149051
108.333333333
147.252077562
96.5434439179
113.755043228
116.90296496
109.835579515
--
82.4242424242
149.8
--
119.395833333
122.711586902
81.0269767442
84.2934472934
109.705084746
97.6623931624
82.0476848652
51.0011092623
40.5096969697
55.5960214231
59.5013947001
84.8626634958
139.96504065
66.4492753623
66.5020519836
59.4869442484
50.5521472393
58.5427170868
39.0285152409
25.5892608089
20.9493545184
20.9207436399
28.3586142322
40.2549203374
46.4173819742
42.8112648221
29.5
49.0070028011
54.2647994908
65.8182326622
51.8616255144
36.8962892483
36.5091201717
45.0420129271
42.7011115685
46.3009320905
63.2986950217
48.6917221694
48.1129770992
54.3852058618
38.5377358491
56.4819700967
34.531403118
35.6145124717
37.0489678349
29.4314036479
34.5787545788
44.7122807018
56.7439384979
70.5239390642
48.8875562219
50.0650549451
45.8495070057
32.02510216
53.9323001631
58.318293281
53.8173666824
49.26085031
52.4514637904
56.4218512898
94.8663934426
73.9748496446
96.4519557823
73.1863050245
72.7824634656
72.7920792079
63.0687058824
51.8882138518
39.9486780715
39.8591261739
50.3046296296
32.0410094637
51.1583710407
54.4574049803
41.4637832204
34.3094132545
33.5614349776
33.868902439
28.0940204563
19.6591184796
14.1109654871
14.5847526358
15.5824829932
24.7815650504
28.7968486213
20.4176424668
25.2863972186
25.7759444203
27.624671916
26.958984375
21.0
