1.83462889058
3.49714309456
1.2048198885
2.38324108319
2.80468057947
3.79931883853
2.31973311914
1.59049750754
18.8318448934
7.32123157592
8.49625230083
9.32875953615
7.6836523799
0.386057130839
0.392641837259
0.475363767931
4.55968097398
None
0.732075690877
2.73999653982
0.379764742081
1.04421847566
6.37756389091
0.607457011237
0.659573167818
0.852789246882
1.69492633864
3.44926363691
0.612623433141
1.47758893303
1.36084786417
1.95118047087
0.746016263436
0.773328355513
4.86288410191
1.91825231103
1.59523892158
1.62482492702
1.45867610603
0.866940417389
1.65781485635
0.990931259844
0.913514882091
0.784043486226
1.43886310984
None
1.06497709027
0.271601285679
0.4132004958
0.553241728456
1.63903032836
1.37106108151
3.89329925327
0.348545124605
0.614509594923
0.36715411614
0.426120081847
1.22880809258
0.922717616901
0.982192748632
3.53912921544
5.9947585523
0.439837183515
0.6183577708
1.30572139863
4.27549916292
0.855281221266
0.757228275637
0.71746202153
0.973088399985
0.651695487694
0.672743666949
None
None
None
0.646920887129
1.23076601018
0.774295115967
1.01765282478
6.11103096121
6.20811993542
4.31750633007
5.28713086501
3.31846150137
3.09660044962
4.0729564084
2.5853012208
2.99672222457
3.70576234799
3.84854277093
0.880422399544
None
6.5437099363
5.56756006427
2.88207911664
5.20279285702
1.10135743754
2.45417967597
1.24125167136
4.89419486211
None
4.93628223106
5.35722041122
24.8793553621
4.14902108088
3.56433936733
3.29190658926
3.63899381094
3.55464282979
None
3.42356677543
7.36767581291
None
4.87468351614
3.21484652702
2.5351512585
2.76244248992
3.26510492882
2.30603794516
2.14600064865
1.55358087092
1.24579726023
1.57599659767
1.65045102632
1.69514421501
2.51495409767
2.61488460216
1.99233313113
1.77348231575
1.82713948189
1.76499189201
1.97530568829
1.12853245428
1.99324451935
1.17320846855
1.3095248293
1.68835051339
1.82698206418
1.91320994327
0.859578944752
1.66279065453
1.54354476483
1.92817881595
1.83258229741
1.21516559992
1.05480933804
1.29873811589
1.18701763741
1.32190273524
1.48727842728
1.62077072199
1.60091821099
1.85104256516
1.51273656879
2.04887326267
1.49926117983
1.28342017093
1.15323327954
0.946724641612
1.10536210727
1.38358625877
1.88936566495
2.61448302891
2.00080813441
1.50595945219
1.91272266152
1.35243433427
1.97596701422
2.14401321998
1.77420118986
1.5654099913
2.09633919302
2.17539043919
4.45531159459
2.77211793841
2.6290552833
2.42270111024
1.95109863653
1.85597452756
2.17757190585
1.89813605122
1.86247369832
1.53989010914
2.11023615682
1.61769938165
2.92928097468
4.68660236302
2.05539541083
1.39572528484
1.35621042428
1.28107694922
1.10753054339
0.546889485326
0.340942569743
0.315701444433
0.385895109928
0.600388139369
0.721792263686
0.828134330463
0.708709641634
0.597877546909
0.653998618287
0.655951964834
None
