12.226993865
30.5230769231
8.09063444109
18.093220339
36.2469437653
49.3860465116
22.4220779221
29.5844748858
342.147058824
120.192748092
129.757142857
165.897996357
79.3402777778
15.8982035928
16.8777777778
16.3439490446
64.1777251185
None
26.5722070845
53.7282377919
12.6888888889
12.844
90.7266055046
13.2540540541
9.45504087193
15.3907692308
24.7675675676
20.6991404011
11.3693181818
32.8629737609
31.8652291105
34.4501424501
21.0694444444
19.747311828
57.525462963
46.6586021505
24.8079470199
42.7932098765
41.4621212121
27.1841359773
32.0885416667
25.2202380952
36.0
27.7333333333
35.859922179
None
38.9449541284
9.23076923077
21.4956772334
14.4345238095
26.348534202
25.0875420875
36.1071428571
8.79532163743
14.5446685879
10.0194552529
12.1992031873
39.6996904025
25.837944664
20.2747747748
108.546539379
68.91
10.4766081871
7.93968253968
17.7566137566
35.1875
14.3887323944
30.6651162791
22.8464052288
38.4110169492
25.132183908
31.2557471264
None
None
None
29.4956772334
22.6538461538
11.9844720497
23.2621359223
88.7639198218
121.135416667
93.7050147493
92.5221674877
73.8621586476
64.7157287157
76.6232876712
71.1484049931
45.1683599419
74.9869822485
46.8725761773
13.6795774648
None
298.652466368
238.274193548
63.4
209.293800539
35.3452380952
72.5
30.5631578947
163.38
None
196.230555556
222.970189702
205.166666667
192.381868132
126.03250774
166.245070423
165.505376344
151.290322581
None
89.1167146974
159.447916667
None
88.1086956522
145.25095057
109.164383562
111.194156456
161.700552486
145.98940678
129.26899384
78.3669064748
59.7869249395
79.2374810319
79.2736111111
98.0889281508
151.448330684
102.527671756
97.7031994554
78.6784452297
82.2023082145
82.9330543933
62.1669902913
41.0817740818
42.6079207921
35.1304771178
42.6973929236
52.3342696629
53.4470338983
69.0701581028
44.068119891
80.009762901
87.5886075949
105.933482392
85.8072351421
55.789275635
57.462109168
73.0004604052
64.190593047
63.4700176367
75.5770523284
84.8710882765
80.0247599798
82.8364648573
65.5992529349
81.4306759099
63.9042599912
51.9691413238
54.3097928437
47.6053354257
52.8276137271
60.2442615851
67.0379008746
111.474720596
80.9851851852
61.3725749559
64.0598555212
51.395389049
83.5758538523
86.987463838
81.9105386417
71.0909492274
77.8834800621
90.2171085543
153.153027823
120.483486735
143.232450609
113.357589286
122.397312054
119.696208764
109.671669794
89.1612515042
79.4231568017
69.0801138674
84.808372093
48.2725045928
75.945553539
128.601583113
76.1592091571
52.1183382291
54.1105193076
56.0064967516
50.1056530214
30.3381759483
21.8344283837
20.8572003218
21.889823381
32.47263208
32.5806451613
35.6137566138
39.9764500654
33.3615720524
38.3593545573
38.5137614679
None
