0.963849257234
1.89273142104
0.76363548067
1.32647418941
1.55721276145
2.16435443818
1.3843407786
1.04386348013
12.8370849557
4.44593728786
5.11981946101
5.69291676951
4.55254192293
0.435164577954
0.356898530827
0.465361184833
2.65520395042
1
0.536706232759
1.59740425323
0.358339562622
0.570333852323
3.59174621626
0.598588106625
0.499688034058
0.701720451892
1.03761109398
1.93051079776
0.764812819698
1.63599917675
0.854900582168
1.3716749943
0.59446359845
0.48335084194
2.50688117499
1.24973931286
1.3667264723
1.23607724463
1.15053739138
1.0941680414
1.58319182221
0.697209204855
0.761883538257
0.56017743575
0.867765424678
0.961742762075
0.443814137989
0.376661151886
0.387381836835
0.963969365295
0.849398690692
2.37499763959
0.245945003128
0.412374904328
0.258641948583
0.289554530874
0.888311855224
0.611459662865
0.854490705459
2.56068353477
4.40703715957
0.300353368051
0.634763212182
0.908700536152
2.47531472018
0.539818407966
0.659819610828
0.477914844978
0.773455947263
0.496574280438
0.568331687175
0.506353790105
0.796951526985
0.607079271355
0.876081017211
4.42597885436
4.56462867101
3.28953355539
3.76224755619
2.31298472742
2.05096974273
2.76107762546
1.76785417359
2.13515647035
2.74464934977
2.74112840528
0.592604800137
4.78792273505
3.91189003641
1.74539653513
3.28202558703
0.762143864386
1.79335160675
0.884835201229
4.03151525256
3.62225677306
3.34617998508
21.3699494521
2.5899725693
2.49617615104
2.21425533877
2.47746324322
2.41920765689
3.03506455625
6.860360741
5.22102177609
2.0482591354
1.72672732229
1.87949042649
2.14933706416
1.51183722691
1.3776242301
1.02538345602
0.808104359305
1.06750661821
1.20988955271
1.45924735923
2.19883182008
1.76171960527
1.31391804433
1.21073202231
1.15476727026
1.13608424684
1.25783608227
0.719554947535
1.25464883918
0.690323818522
0.85702107339
1.25777384536
1.45120998427
1.24316627178
0.611592533813
1.05307744076
1.04075637603
1.27201228656
1.14859107727
0.83755897464
0.728520862539
0.861980548823
0.920824055151
1.13506854611
1.3047726269
1.11446787346
1.05083332266
1.26200552953
0.982377001329
1.38479596693
0.914048714969
0.884910071496
0.880649324691
0.647918901645
0.842878295236
1.14603990069
1.55524775334
1.80944445098
1.33017834483
1.0815741428
1.29985117952
0.868495872873
1.30623490481
1.42747101213
1.17347011901
1.08022089264
1.41036183896
1.39398553339
2.74552146338
1.67193431093
1.67515287725
1.5184206292
1.26465327253
1.25974084306
1.39370574611
1.25310266029
1.23221576163
1.0684854086
1.44806144859
1.24685793152
2.26386876483
2.92469577416
1.27112394455
0.904870468747
0.877080434016
0.844171485052
0.716576760691
0.375645233762
0.239769230361
0.238438605455
0.299781726391
0.481761659956
0.546959808086
0.531420270202
0.464597889651
0.407665386495
0.44979006125
0.444538903289
15.0
