10.100591716
22.4195933457
8.13313161876
14.5839112344
26.1912302071
37.3022432113
18.2517006803
26.6885813149
293.318181818
100.875239923
108.902162719
137.889908257
69.2973286876
19.4909638554
18.9293628809
18.8927444795
58.76904474
63.0
26.0415472779
44.3880597015
13.5138888889
11.8895582329
68.3295019157
14.8658536585
10.5904109589
17.306402439
27.4649595687
18.9297994269
13.1340941512
38.263622975
28.2452054795
31.8082386364
20.6606397775
16.6859838275
43.0760368664
44.0929919137
28.3602693603
42.8591117917
31.6555555556
31.6195190948
38.0185676393
20.1776798825
28.9888888889
21.7316017316
26.1442307692
30.1343963554
8.05678233438
16.0028901734
10.2794117647
17.7796052632
17.6233108108
21.3416149068
10.481910275
11.0942562592
8.09902912621
9.72267206478
29.4343122102
19.3893280632
16.4532374101
114.575539568
70.6086206897
8.0942812983
8.10590277778
14.9813829787
22.5515463918
10.677224736
23.1619047619
16.4315960912
27.6051502146
20.5525179856
23.8347701149
21.1383285303
20.1717990276
12.6106870229
20.36
84.6752232143
120.647727273
93.8383321141
90.9678747941
76.2838370565
61.0021567218
71.1910994764
65.240819209
45.1540195342
77.8491249246
45.2237569061
10.8600746269
294.46509009
227.118438762
55.7619893428
199.889039242
26.3619631902
71.6292834891
22.36
198.028612303
229.390516039
212.462162162
210.5625
195.525587828
123.550940439
162.204577969
167.297442799
159.539703903
106.883058471
193.627027027
105.153061224
143.929604023
105.096908168
107.132575758
148.833611575
129.96875
114.376930999
76.1316588463
58.6690799397
79.2084765178
85.5483646486
115.653109343
182.83974359
93.1557259224
90.476141786
78.8726182075
74.9509703779
77.1009078212
57.8856863703
39.9909816164
37.0401985112
32.2210834553
43.052141527
60.5591397849
66.5063829787
63.4146462147
36.4234972678
74.1769633508
80.4718176061
95.7031031591
75.438225432
53.8813000471
54.9650608788
68.4076360311
66.9807692308
74.6652691968
94.2124042146
76.2129411765
72.6477844914
77.1813435433
57.9749934193
72.8067611778
54.2704014116
49.7117923473
51.6248826291
44.8700764256
54.3650121065
70.554735013
81.493593477
101.248251748
72.7738243344
59.1328193833
59.2682359027
44.509127789
74.2256574985
82.551607445
75.4313679245
70.1567065073
76.6146128119
85.8111555778
134.312725813
95.480774475
123.478095238
101.480222222
107.294769874
106.159592951
95.7790561165
83.007840772
72.1867080424
66.4857954545
82.0934384419
53.7045523063
86.2283288651
106.361328125
66.7014770666
49.0626972438
49.6376167185
52.502020202
46.1065959953
30.6914850686
21.5466841187
21.7403381643
23.7183246073
36.5817923186
37.6650877682
31.1217557252
35.7556270096
33.4131607335
37.5483590524
37.3657295201
21.0
