 8 
 49
 54
 49
 41
103
 86
101
615
617
641
513
481
512
482
468
463
463
446
461
475
457
461
465
416
473
539
538
514
534
533
511
532
504
548
499
471
426
459
459
485
486
510
578
635
579
529
514
541
490
463
454
473
480
461
445
509
476
477
479
459
481
488
469
488
564
557
558
581
563
568
577
567
540
520
475
440
431
491
486
471
454
402
509
456
478
499
514
533
596
561
612
623
645
586
543
554
565
543
595
599
568
550
559
559
589
544
590
590
506
571
571
541
557
597
643
656
640
657
631
590
606
599
566
101
 52
 39
104
246
 33
 40
 62
154
 56
 37
 36
 42
 42
 41
 37
 46
 43
 47
 42
 37
 32
 33
271
493
449
625
712
465
544
793
738
362
372
270
171
195
174
149
169
148
180
163
181
195
372
107
 67
 17
 30
 27
 23
 15
 16
 9 
 13
 14
 9 
 19
 19
 22
 22
 15
 25
 14
 30
 22
 19
 16
 18
 18
 10
 7 
 14
 16
 3 
 3 
 9 
 9 
 13
 11
 11
 16
 18
 19
 17
 15
 17
 22
 13
 21
 17
 18
 12
 17
 16
 7 
 15
 10
 14
 16
 19
 12
 8 
 16
 13
 18
 30
 24
 30
 18
 26
 53
 74
 26
 53
166
 13
 19
 21
 17
 19
 23
 14
 11
 6 
 13
 12
 21
 14
 16
 16
 17
 16
 14
 30
 28
 16
 19
 18
 21
 13
 9 
 16
 13
 11
 8 
 11
 13
 9 
 8 
 10
 12
 9 
 22
 22
 21
 32
 28
 19
 26
 15
 17
 19
 13
 17
 11
 10
 8 
 14
 11
 11
 9 
 11
 8 
 20
 17
 11
 13
 21
 23
 19
 23
 18
 24
 14
 21
 16
 19
 13
 15
 26
 17
 20
 12
 18
 23
 13
 20
 21
 23
 28
 31
 25
 26
 26
 21
 23
 25
 20
 15
 18
 17
 16
 15
 15
 15
 16
 13
 20
 11
 13
 11
 10
 17
 14
 24
 16
 21
 24
 18
 36
 35
 23
 22
 27
 10
 19
 7 
 18
 12
 22
 15
 14
 11
 12
 7 
 10
 13
 20
 19
 25
 24
 31
 29
 18
 27
 24
 19
 8 
 12
 11
 15
 11
 13
 14
 9 
 11
 16
 9 
 11
 10
 17
 11
 21
 37
 22
 17
 31
 25
 28
 23
 14
 11
 17
 8 
 15
 19
 12
 21
 5 
 14
 16
 12
 10
 13
 14
 18
 17
 30
 27
 19
 28
 27
 20
 12
 20
 19
 25
 11
 15
 16
 11
 14
 18
 10
 8 
 8 
 8 
 13
 10
 20
 27
 25
 34
 29
 36
 25
 34
 22
 15
 11
 9 
 7 
 12
 15
 12
 10
 13
 12
 13
 2 
 15
 9 
 16
 22
 19
 28
 43
 28
 26
 25
 23
 15
 20
 15
 9 
 26
 28
 30
 35
 47
 63
 77
 60
 89
 73
 85
 67
 52
 38
 47
 43
 31
 39
 35
 40
 30
 40
 37
 32
 44
 27
 35
 36
 27
 44
 60
 68
 71
 62
 79
 80
 66
 49
 66
 28
 36
 34
 53
143
161
163
220
253
126
 63
 50
 44
 57
 94
112
132
135
113
140
113
109
 80
 59
 62
 44
 58
 63
 61
 57
 52
 46
 47
 72
 81
 63
 45
 42
 67
 95
 90
 83
104
 76
 79
 68
 72
 48
 48
 59
 46
 45
101
119
 98
110
133
 62
 58
 70
119
275
183
 96
 78
 54
 81
 86
 80
 88
 63
 60
 44
105
 92
 42
 48
 55
 64
 64
 48
 49
 46
 60
 54
 53
 51
 59
 68
 83
 92
 96
 99
 77
 73
 69
 86
 52
 62
 44
 52
146
349
346
378
635
761
715
789
465
176
324
281
138
 97
102
115
 98
 72
 73
 62
 70
 66
163
240
167
 86
 98
243
324
277
180
138
 51
 54
 51
 62
 78
 65
 78
 86
 92
 77
 71
 61
 64
 69
 59
 87
 77
235
544
810
828
761
 30
 47
 30
 49
 63
 70
 79
103
 79
 89
 80
 61
 54
 56
 52
 46
 58
 50
 45
 54
270
264
 48
 30
214
537
541
523
588
477
369
237
285
280
277
262
457
499
627
736
831
811
811
787
869
733
517
149
469
162
198
743
824
594
333
451
168
 37
 1 
 1 
 68
239
 80
132
142
 69
 55
124
274
609
 91
 84
 94
341
314
438
174
204
291
470
357
263
242
206
213
183
196
162
154
177
146
170
162
176
484
750
491
295
156
157
216
226
344
452
290
319
273
262
309
314
292
312
334
299
269
321
411
504
485
425
535
527
384
492
528
350
335
449
474
534
254
200
367
161
585
419
428
443
361
494
499
502
512
349
294
298
315
309
366
412
408
426
526
535
561
645
639
717
771
763
683
707
710
681
595
483
285
225
186
206
216
243
265
304
357
383
435
362
420
375
312
363
303
365
279
352
308
328
362
376
322
201
210
211
237
216
241
211
274
339
512
450
377
409
406
319
383
336
283
323
308
268
212
337
311
225
163
179
194
196
235
267
373
449
406
435
409
429
381
412
388
392
353
394
427
461
418
448
456
306
239
269
277
280
285
329
417
446
363
239
254
237
187
209
205
269
192
177
187
150
177
301
406
313
164
168
212
223
216
192
281
279
259
218
258
223
248
263
235
428
335
389
288
236
265
271
650
304
217
374
445
421
344
253
326
515
478
436
534
411
371
311
467
482
426
478
533
422
303
242
308
247
211
249
241
201
200
216
295
534
509
549
268
308
302
207
196
267
238
230
221
242
172
220
235
159
202
142
175
175
188
168
254
282
289
245
339
287
263
319
559
634
586
578
590
580
685
425
259
195
162
165
178
197
188
208
251
260
331
337
357
346
274
289
256
327
196
203
177
143
159
316
309
333
150
215
286
337
178
193
404
428
419
415
229
233
197
272
394
540
443
450
721
722
271
215
172
152
108
117
162
193
241
298
255
304
328
463
199
232
187
248
193
199
163
211
182
163
155
214
223
147
104
167
156
154
170
196
215
245
309
192
255
251
229
240
188
275
212
349
358
411
312
319
315
171
449
284
186
190
184
176
279
287
362
323
307
248
280
295
327
231
247
233
256
195
223
218
238
166
159
184
169
174
190
167
234
239
295
227
230
253
250
207
237
214
195
230
244
224
175
202
183
121
128
176
157
163
161
166
201
237
251
176
264
245
193
254
221
198
202
171
146
143
204
250
128
137
157
134
179
155
169
196
255
254
350
216
222
213
206
188
228
181
183
176
148
142
189
251
250
167
138
145
153
197
179
190
305
305
291
271
220
230
285
312
241
249
207
267
200
217
175
332
329
200
228
144
168
168
158
173
181
256
311
264
257
265
193
241
256
227
240
199
186
190
123
175
330
140
136
130
157
162
133
142
180
184
162
211
178
156
205
174
172
190
174
196
139
147
134
303
303
239
173
165
204
204
178
158
192
224
240
218
214
404
364
591
366
283
265
287
229
186
180
267
572
319
616
247
178
201
189
232
328
350
439
387
154
 71
372
394
357
316
317
316
366
288
219
355
238
194
233
162
192
186
183
212
287
335
316
298
322
226
242
221
217
216
237
260
216
200
210
297
230
212
161
144
176
192
185
189
313
329
324
441
307
 97
 87
275
484
288
282
306
217
268
215
214
234
177
124
139
185
170
168
182
191
256
312
219
254
232
226
236
212
205
186
195
233
187
222
243
150
149
349
273
232
259
400
378
263
275
458
437
443
432
318
457
511
298
501
106
 7 
 6 
 6 
 6 
 6 
 6 
 34
127
 6 
 6 
 13
 6 
 6 
 6 
 6 
 6 
 6 
 6 
 71
702
638
424
318
283
560
677
501
280
221
224
237
109
159
323
234
626
625
476
566
613
539
631
329
516
447
279
351
286
226
288
334
209
211
132
135
130
161
177
155
165
226
239
222
176
175
181
215
219
161
190
140
189
157
144
156
204
163
119
144
145
170
170
155
170
226
230
248
223
206
237
218
279
282
250
241
198
238
197
183
274
255
138
111
120
153
158
171
174
184
217
344
178
 8 
 21
 12
 32
148
132
162
169
151
137
129
138
243
199
122
120
145
126
168
168
161
307
464
432
153
160
188
266
253
218
176
184
184
135
242
423
435
278
161
117
164
174
191
188
213
199
336
213
301
333
323
264
296
354
282
282
211
179
158
411
243
145
246
214
554
378
249
432
455
365
520
378
379
275
410
409
355
363
355
323
256
193
388
413
399
185
158
150
186
214
196
171
249
326
325
319
465
307
351
 88
379
692
487
386
201
245
116
109
164
 69
 67
205
283
389
296
440
450
423
414
264
267
223
320
372
451
275
156
462
762
264
284
290
194
147
154
136
150
155
156
145
183
276
197
301
165
208
307
225
273
232
393
435
257
151
182
221
241
146
141
207
209
173
257
248
487
261
313
235
274
222
304
310
375
340
235
251
291
296
252
461
171
228
115
146
157
152
159
154
186
218
479
265
648
320
261
198
232
269
170
254
162
163
100
133
125
125
102
146
118
145
143
181
198
233
116
 3 
256
 27
241
 55
 17
261
466
455
544
318
701
765
747
710
710
742
556
700
657
678
635
546
631
458
420
471
476
552
208
102
109
 70
 52
 99
 79
 87
 60
 66
 72
 57
 84
 82
 74
 66
101
111
109
118
 86
 94
 99
156
137
133
170
158
203
124
177
282
172
 91
 98
107
118
102
109
130
141
185
185
167
143
177
150
154
178
168
170
155
128
137
114
157
147
 99
 96
110
112
137
131
131
113
151
148
199
135
149
169
160
162
127
114
126
110
100
 92
 82
113
 97
 88
 83
111
131
137
127
165
279
179
209
295
316
231
279
259
248
258
192
169
138
118
106
 97
 93
 91
100
112
129
145
119
135
152
181
158
158
145
146
162
154
122
131
131
 88
 90
232
109
107
 82
 74
 88
119
107
139
147
159
207
187
258
190
238
219
234
322
209
244
248
164
226
261
222
175
211
194
248
243
235
262
258
250
309
321
380
325
471
306
336
222
294
525
228
310
582
137
130
117
104
 90
 94
100
 97
115
 90
108
133
128
134
116
121
119
131
132
112
 93
 99
 98
 74
 90
125
 94
 72
 73
 94
102
120
106
116
120
127
154
158
159
156
135
182
231
185
110
203
173
552
323
121
133
 58
 87
 86
 94
118
118
104
145
194
156
145
153
172
218
233
337
219
298
264
173
184
142
192
178
154
144
111
154
165
192
212
159
159
116
146
175
132
157
215
182
164
 98
118
 85
 82
 87
 77
102
 80
 83
 75
102
 98
117
140
208
191
248
178
186
140
184
212
183
208
197
221
173
136
168
163
137
154
128
139
164
168
177
163
211
224
169
131
147
146
110
118
 86
 92
 89
117
253
195
125
188
153
162
157
175
159
168
176
189
145
114
153
105
165
164
160
246
224
290
455
294
252
155
 74
139
177
117
 70
 94
106
108
142
145
171
183
256
236
245
223
238
236
279
220
218
279
233
190
264
229
200
237
239
173
238
264
234
310
629
343
353
354
353
286
180
217
 74
242
225
187
 23
 8 
 14
 12
 11
 34
 45
 75
267
360
403
433
265
 9 
 6 
 6 
 12
 6 
 53
390
447
256
259
374
294
299
367
355
600
783
784
724
564
 85
 33
 6 
 11
 10
 12
 6 
 7 
 10
 8 
 14
 16
 8 
 6 
 7 
 7 
 8 
 7 
 9 
 6 
 6 
 6 
 6 
 7 
 6 
 6 
 6 
 6 
 7 
 10
 10
 7 
 7 
 6 
 6 
 6 
 6 
 6 
 6 
 6 
 6 
 6 
 6 
 6 
 7 
 7 
 7 
 12
 17
 9 
 10
 15
 34
 22
 66
 76
 34
112
116
 67
 44
 69
 26
 6 
 6 
 10
 7 
 8 
 6 
 6 
 6 
 6 
 6 
 6 
 6 
 8 
 70
402
270
200
232
243
329
261
250
268
231
210
302
205
321
371
300
204
143
130
163
170
165
177
184
194
211
153
196
203
212
244
396
378
242
211
266
191
241
191
174
146
134
143
142
169
141
198
217
285
215
307
292
271
246
269
244
259
282
302
164
142
158
127
132
 98
109
152
166
164
190
197
181
116
 33
 6 
 10
 3 
 60
157
149
146
162
109
201
151
143
121
110
106
115
125
165
130
140
133
104
 1 
 5 
 1 
 2 
 2 
 38
 99
 75
 81
110
134
132
157
129
118
 77
122
123
103
174
149
160
180
262
213
157
165
223
210
183
150
126
125
119
126
188
202
156
131
204
153
140
186
175
202
188
225
296
289
251
285
241
273
281
334
280
323
375
324
540
377
390
391
373
338
379
450
531
520
469
459
670
791
766
655
631
626
707
495
200
429
462
315
491
337
211
263
 95
 92
 87
108
103
128
120
101
125
138
169
208
186
156
131
 78
 64
 3 
 4 
 2 
102
 40
301
 1 
 4 
 1 
 1 
 2 
 68
116
122
 99
106
122
 76
101
113
 68
 53
 70
 86
 90
 89
103
109
173
 88
 98
101
101
104
 83
139
151
102
 77
 87
 54
 68
 72
139
108
102
 88
 83
 83
106
123
119
243
176
212
213
302
147
159
120
112
337
272
271
300
485
309
134
247
482
357
370
537
535
284
 78
552
425
252
109
159
419
587
261
231
453
170
506
282
292
415
276
337
421
396
381
387
209
111
112
206
601
501
463
455
488
372
383
302
359
 40
126
221
190
132
125
245
333
220
198
116
165
107
206
211
234
263
192
444
649
172
110
109
 98
125
 71
 87
201
125
 57
 58
 80
 77
 80
 76
111
127
114
107
111
183
145
148
142
159
155
132
115
104
 78
 62
 74
 77
 84
 89
 84
 73
 95
118
125
119
119
158
170
126
167
220
211
217
231
185
276
 80
 97
 73
 82
 71
 88
 96
 77
 71
 87
 81
111
103
110
104
 92
129
107
 97
121
119
 98
131
 98
 78
 90
 69
 43
 75
 70
 91
 88
 78
 72
105
 98
 96
112
111
108
138
118
109
115
109
 88
124
 95
 90
 84
 72
 59
 66
 96
116
 69
 83
 92
 77
115
 90
121
107
105
111
116
 99
114
120
120
132
101
 65
 83
 77
 56
 67
 94
 90
 93
 74
 88
 82
104
118
108
106
108
144
 88
121
121
143
133
132
109
 79
 85
 83
 68
 78
 87
 85
 70
 84
 78
 97
 89
129
118
109
101
118
129
118
103
117
139
127
113
102
 99
131
172
128
 69
 78
 91
117
 89
106
107
 95
108
111
137
130
131
138
 95
 94
120
145
 94
 96
116
118
 79
 88
116
148
177
107
119
116
119
154
128
145
154
201
221
192
180
183
237
168
162
153
146
 88
135
116
128
128
150
114
156
111
157
143
158
129
166
195
180
171
188
206
189
145
128
134
111
127
122
160
167
173
196
146
134
147
174
208
223
264
252
273
244
244
188
213
207
229
242
132
137
217
126
113
136
154
131
184
110
142
165
332
654
625
170
202
215
327
218
211
373
304
362
573
364
445
460
412
474
479
524
258
158
 95
115
106
111
121
125
149
163
159
130
153
192
168
201
150
158
100
215
 90
126
133
127
124
176
163
471
251
501
411
414
338
700
389
177
673
687
491
287
246
171
260
 91
101
112
157
124
 97
 88
 98
104
110
104
116
138
115
126
125
149
153
138
175
136
 78
 91
 61
 87
 82
 83
 81
 83
 82
 91
107
 96
117
 88
117
119
111
136
133
159
181
120
 99
146
111
110
 83
 79
183
111
215
280
203
208
 97
129
155
133
101
110
139
140
202
234
200
179
128
146
115
131
 93
130
114
 99
165
186
103
 82
 90
113
120
126
163
165
183
179
 87
 40
 16
 11
 22
 13
 77
 92
105
 99
 82
 87
 92
111
115
 81
108
105
107
122
126
123
120
167
217
377
600
267
552
214
 39
676
648
200
 77
 6 
143
 17
 15
 6 
 21
 6 
 79
 37
 27
 63
 10
281
621
506
493
571
551
595
463
346
206
149
129
131
103
122
133
104
 97
117
132
118
123
146
147
138
142
147
152
167
267
135
114
151
101
 76
 91
 74
 54
 55
 91
 75
104
 93
102
106
101
108
137
113
146
142
112
130
108
118
 93
 59
 72
 83
 59
115
199
229
147
149
118
146
175
 70
 56
 61
 67
 73
 61
 65
 76
 64
 59
 79
108
 64
 61
 48
 49
 51
 52
 59
 54
 62
 65
102
 91
 87
 97
 71
 95
 87
 86
 85
 98
100
 93
108
 72
 63
 43
 61
 80
 74
 87
 80
 83
 83
 58
 78
 86
 87
 97
 75
 76
 99
103
107
 83
 81
 90
 88
194
 83
 83
104
 82
 86
 75
 48
 82
 65
 66
 96
112
106
129
141
100
217
200
117
113
173
 92
 85
 68
129
 91
 71
 95
113
 66
 46
 79
 65
 69
 69
 84
102
117
 99
108
100
 87
104
 98
 96
 68
 87
 81
262
566
200
113
156
164
172
119
 68
 94
 67
 55
 66
 56
 53
 51
 44
 45
 36
 41
 33
 35
 35
 86
 93
 1 
 3 
 3 
 3 
 6 
 26
 38
 64
 24
 62
 86
121
 96
118
123
153
175
114
151
140
166
195
 75
120
129
111
 98
131
128
 88
 65
 74
 55
 84
 86
111
117
101
116
146
112
155
191
124
103
103
 64
 91
 83
 55
 66
 64
 78
 96
103
131
 89
 86
118
102
 89
116
120
167
112
 91
139
187
192
114
 76
 82
 65
115
 73
121
 92
 97
 77
 63
 83
 99
127
133
119
130
134
142
130
173
125
131
129
128
 80
 65
 57
 78
 80
 93
116
 75
 74
158
 91
101
103
155
120
133
170
135
143
159
135
143
117
112
 91
154
192
222
 93
120
478
479
517
167
 96
118
108
139
141
128
160
154
146
187
149
153
156
144
118
114
149
131
 83
351
734
131
 26
108
141
109
110
150
157
173
157
246
309
364
200
255
165
209
283
674
165
 82
 66
 88
 96
 99
 94
101
127
347
409
607
702
750
805
821
848
857
858
875
862
882
344
 69
 57
 44
 91
 85
 44
 35
 20
 37
 80
 53
 70
 69
 66
 66
 59
 77
 68
 62
 54
 60
 82
 49
 54
 47
 38
 42
 30
 40
 51
 58
 45
 53
 51
 63
 67
 59
 76
 68
 73
 80
 66
 71
 71
 65
 65
 58
 40
 37
 28
 35
 27
 35
 46
 55
 48
 38
 46
 72
 50
 70
 77
 69
 65
 63
 80
 65
 61
 59
 64
 50
 32
 34
 37
 36
 37
 29
 37
 40
 35
 50
 52
 56
 52
 78
 72
 56
 64
 69
 58
 59
 62
 78
 52
 44
 31
 29
 24
 29
 30
 42
 59
 44
 48
 49
 51
 68
 68
 70
 77
 83
 80
 87
 79
 61
 64
272
 99
 50
 56
 36
 37
 30
 51
 45
 62
 43
 44
 37
 54
 71
 71
 73
 77
 86
 69
 54
 65
 60
 84
 69
 50
188
 51
 21
 28
 36
 32
 29
 40
 45
 37
 42
 46
 55
 80
 82
101
 85
 84
112
 91
124
102
 98
 91
 90
 96
225
244
194
 84
 54
100
157
413
170
 99
 74
 92
146
 93
107
149
185
132
176
145
141
116
142
133
161
142
138
 94
113
111
131
143
 89
108
130
148
203
185
120
106
137
200
156
147
146
167
166
159
155
163
156
 99
 95
128
136
110
 90
128
169
193
244
309
329
315
325
363
515
553
490
445
429
477
546
527
523
461
430
734
692
657
557
454
532
516
522
431
440
511
470
499
454
440
411
322
238
174
168
163
180
286
272
340
344
314
328
299
320
365
394
431
373
367
333
400
345
343
340
296
258
178
146
124
 95
254
297
172
200
212
197
212
248
270
287
271
235
224
189
238
172
166
191
123
535
566
192
256
149
299
497
723
719
446
270
320
233
134
196
390
 15
 6 
 6 
 6 
 6 
 6 
 6 
 65
 64
 51
 33
 67
138
380
178
301
 53
 63
 63
 73
410
538
599
573
162
466
754
732
862
770
756
485
598
694
605
721
743
687
816
718
746
678
698
670
645
354
402
631
631
664
698
793
804
814
516
696
484
655
644
691
680
868
787
787
827
827
776
787
653
778
525
471
630
479
625
741
719
770
680
778
695
627
652
732
650
815
845
843
862
846
847
853
664
728
572
601
403
257
355
439
278
313
306
271
 65
 61
 58
 87
135
 45
 39
 54
 67
132
 32
 33
 39
 45
 70
 49
 55
 56
 66
 70
 65
 71
 69
 50
 82
159
 37
 77
 29
 74
 72
 87
 63
 77
 86
 90
113
110
113
135
155
121
142
137
148
150
135
137
125
 66
 56
 74
 46
 42
 33
 49
 45
 48
 46
 60
 61
 62
 62
 56
 57
 64
 57
 75
 76
 65
 69
 63
 57
 31
 36
 29
 30
 26
 29
 65
 38
 37
 54
 40
 61
 76
 97
178
122
130
132
124
108
119
 78
142
100
101
 86
 67
 56
 59
 66
 75
 61
 80
 67
 91
 74
 99
107
 96
121
152
 96
118
 98
112
108
180
143
180
108
130
 56
 96
 87
 80
 72
 62
 68
 97
 75
166
139
149
138
130
107
122
101
111
124
124
142
177
 99
159
101
 69
 94
103
 81
 75
 79
111
139
140
133
175
241
167
172
121
164
149
169
119
145
127
124
 80
 90
 70
 82
 85
 77
 69
 70
 90
113
115
137
105
154
 95
139
139
127
141
159
125
157
118
100
 77
103
 80
 70
 84
 96
 81
 91
104
129
121
178
103
178
120
141
134
105
123
141
109
143
 68
143
107
 67
 42
 36
 77
 80
 53
 50
 56
 54
 59
 82
 66
 60
 67
 64
 80
 78
 53
 91
 60
 58
 61
419
253
198
 43
 55
 68
136
 63
 54
 35
 50
 77
113
117
155
121
 88
100
 66
 70
 68
 65
 98
117
 76
 54
 27
 47
 90
 96
 94
101
103
122
136
157
134
149
154
194
178
207
234
152
126
 67
 89
 84
 67
114
 56
 45
 84
114
 80
 47
 77
