 99
155
134
231
 69
 59
 51
 70
104
227
265
338
338
350
265
144
143
190
214
305
494
503
556
459
456
478
458
344
351
267
259
246
240
245
279
290
249
280
280
168
 42
 84
109
156
177
193
192
163
190
214
218
213
198
242
257
219
225
306
240
234
185
223
133
 98
 75
 85
153
 57
 62
 82
 57
 46
 57
 69
 59
 93
 92
 82
 76
 70
 66
 84
 79
 58
 80
 80
 52
 94
123
116
 75
 88
137
123
 81
 72
 58
 83
 99
109
147
115
139
153
161
181
138
162
177
363
347
145
258
 54
 55
156
281
145
135
174
194
301
117
 90
 64
100
 78
 87
125
166
130
190
134
203
185
275
418
251
322
112
181
238
244
149
179
255
185
243
203
259
228
206
197
183
206
308
224
224
264
187
142
161
134
126
214
267
347
348
257
194
369
454
232
189
201
212
207
188
281
232
177
209
194
152
170
165
110
103
102
 85
104
108
123
143
112
207
198
164
157
174
188
202
196
229
205
172
160
217
212
 91
 37
 31
 38
135
 57
 52
112
152
200
213
115
138
310
223
201
286
349
312
389
269
227
235
178
 45
245
244
141
337
402
400
348
135
170
258
456
473
446
105
116
450
721
802
587
557
279
 73
 67
 15
 20
 16
 12
 14
 14
 17
 17
 24
106
 56
 49
 60
 46
 95
100
 62
 41
 60
 53
 4 
 45
 0 
144
235
228
233
235
238
161
173
482
527
349
 56
 36
113
 45
113
 90
116
134
 23
 0 
 42
 45
 45
 68
 34
 62
 56
 84
 86
 99
 91
 71
 73
 93
 68
 94
 82
 74
 90
 69
 62
 39
 54
 37
 40
 37
 58
 59
 51
 43
 43
 74
 88
 82
 80
 70
 82
 69
110
107
 75
 95
 74
 70
 37
 11
 24
 27
 33
 29
 36
 55
 23
 59
 99
 95
 87
 75
 94
 97
102
118
125
119
175
131
123
 88
 60
 32
 23
 21
 45
 31
 39
 45
 44
124
112
118
 67
100
100
 83
101
 99
 67
107
132
185
156
191
221
234
315
239
209
461
753
444
295
239
178
118
 54
 41
 56
 80
 51
 77
 76
 92
101
115
120
137
118
134
130
134
 95
167
129
122
110
100
 78
 60
121
 79
 86
119
150
106
 96
114
113
120
137
149
153
166
202
256
177
188
194
141
175
 93
 53
 74
 91
 71
 98
116
 98
 53
 71
 70
 92
123
142
117
114
133
157
 89
175
170
157
107
133
 87
 87
 46
 62
 48
 70
101
 92
108
 90
 81
110
145
141
 88
128
114
159
121
127
170
138
 83
169
 89
 75
134
 74
 57
 49
 34
 57
 55
 54
 72
 83
 78
118
145
108
186
151
133
104
118
181
192
 91
 67
 83
 95
 46
 60
 53
 61
 51
 50
 51
 72
 83
 98
 99
111
102
132
161
149
142
154
156
104
111
 90
 65
 68
 51
 38
 56
 63
 46
 40
 46
 74
110
103
104
102
126
145
124
 80
125
141
124
105
 63
 1 
 51
135
 95
 88
101
109
 93
 90
 74
 73
 80
 82
118
 89
 85
120
137
147
143
136
146
150
106
 87
 70
 95
112
 41
 68
 76
 67
 66
 71
 71
 72
 87
 97
106
102
122
161
212
161
132
174
 98
125
 74
 65
 95
 88
116
 67
108
117
 83
 64
 74
 98
109
116
102
 88
 88
 88
 97
101
107
131
138
139
 70
 88
 94
114
 65
 55
121
 74
 69
 56
 64
 81
106
116
 62
 78
110
184
143
148
161
155
129
137
105
 55
 70
 79
 39
 34
 52
 69
 55
 53
 63
 74
 80
131
 82
 74
103
133
 95
110
123
142
160
179
 82
 87
 95
 66
 68
 74
 99
 89
 58
 70
 87
 85
 96
171
170
124
113
 97
133
150
184
248
200
171
134
123
 80
 45
 64
 82
105
126
 92
 78
130
 75
111
 99
 92
 82
152
160
130
165
166
179
133
131
118
112
126
122
 58
260
 75
 74
 57
 73
 59
 93
 95
116
 98
115
101
191
146
137
131
141
149
124
 67
 79
 70
186
 86
 83
 69
 83
128
 67
 63
 99
 95
108
108
 73
 95
 87
 96
120
116
119
 89
 90
 77
 60
 51
 62
 55
 59
 65
 91
 53
 70
 90
103
113
116
110
113
109
 91
134
183
135
132
149
124
103
 65
103
186
 87
132
159
147
120
103
 92
122
137
143
113
176
159
227
208
152
194
124
119
125
105
 64
106
 46
 27
 22
164
249
128
141
167
255
161
254
158
325
242
158
116
198
214
341
411
579
290
155
 57
147
 26
327
 78
 57
 53
 67
105
 87
128
503
292
 14
234
 6 
 6 
 6 
 6 
 53
291
472
 29
538
621
261
300
282
502
430
415
317
357
348
259
325
234
333
324
294
195
254
193
241
109
198
166
145
158
121
219
200
372
364
229
318
219
292
124
287
377
314
346
346
247
331
376
351
163
221
248
157
254
198
220
122
148
193
381
227
 73
137
182
353
570
424
465
478
385
415
399
490
270
426
427
445
328
368
512
450
412
494
449
212
132
164
155
124
 72
121
118
129
112
109
107
144
111
103
 64
 78
 57
 74
 66
 71
 86
 90
 66
 77
 80
101
113
114
132
100
103
 99
114
149
147
108
155
100
103
 85
139
 90
 66
 37
 23
 35
 19
 17
 62
 92
102
112
 33
 30
127
 63
101
109
118
111
112
115
 88
 72
 79
 82
 59
 58
 45
 25
 0 
102
 92
 88
119
169
127
126
129
103
 96
 71
 61
300
 33
 16
 30
 17
 25
 41
 41
 57
 69
 59
 74
 79
 80
 97
109
109
 69
105
122
115
 79
107
 72
 41
 58
 50
 41
 66
 88
128
 92
 78
 72
 82
 81
 94
 94
 61
 92
109
 81
118
107
 96
 91
102
 87
 78
 90
142
 65
158
367
106
277
 59
 60
104
100
 86
102
148
157
124
133
129
126
155
107
 79
 84
 71
 87
 80
 76
108
 95
107
 73
 74
 74
 96
 94
101
 97
135
133
181
155
174
139
142
134
180
 90
 82
 74
117
114
353
575
100
 79
 72
 82
102
106
120
116
126
168
146
121
145
173
168
120
170
 98
 90
233
136
 41
 44
 33
 67
 44
 22
 38
 47
 65
 66
 70
 80
106
108
 85
419
 72
 74
 80
 65
 35
 19
 23
 57
 54
 25
 47
 66
 85
 50
 44
 44
 43
 54
 59
 43
 65
 79
 58
 60
 67
 78
249
422
196
 36
 17
 4 
 6 
 9 
 12
 19
 18
 47
 42
 52
 83
 82
 68
 78
100
133
174
169
189
195
117
125
 83
 82
116
 67
 87
 86
112
179
116
 84
 81
108
113
 99
118
103
128
170
175
159
139
170
103
151
106
 78
 87
 96
 70
 81
108
 92
 86
 64
 82
 75
101
109
108
147
172
176
152
189
173
416
266
262
196
222
154
138
 90
 11
 13
 20
 28
 40
 92
 53
 61
 90
106
118
 62
 59
 49
 61
 78
 51
 82
 43
111
148
 66
 56
 99
 50
 57
 57
 51
 69
103
 86
153
137
133
112
112
139
 87
 74
105
 96
131
110
 61
 81
 23
 13
 21
 15
 13
 13
 18
 12
 23
 22
 26
 18
 28
 56
 48
129
 92
 85
126
107
 99
 93
105
 34
 34
 60
103
 89
113
104
 76
102
106
100
 90
 61
105
 95
134
 89
101
 85
 78
106
105
116
 72
 83
 78
 84
 75
 86
 58
 33
 30
 33
 36
 41
 38
 31
 29
 41
 29
 30
 39
 41
 46
 47
 23
 39
 17
 46
 31
 9 
 15
 17
 33
 24
 26
 35
 50
 57
 35
 68
 69
 37
 68
 71
 71
 88
 80
 80
 79
 99
147
 66
110
 38
 38
 48
 36
 34
 41
 46
 48
 60
 56
 73
 50
 52
 69
 99
 62
 44
 82
 59
 57
 50
 24
 33
 26
 25
 33
 38
 21
 35
 36
 37
 46
 43
 59
 64
 60
 64
 67
 81
 73
 64
 74
 63
 50
 72
 37
 34
 27
 27
 28
 28
 60
 89
 33
 34
 61
 45
100
103
 98
114
 93
130
123
116
144
129
 79
 78
 41
 34
 52
 26
 13
 16
 54
 38
 28
 28
 36
 40
 38
 41
 41
 50
 41
 53
 50
 40
 51
 40
 55
 55
 20
 24
 42
 17
 27
 19
 30
 40
 30
 31
 42
 49
 40
 35
 44
 41
 24
 64
 49
 52
 44
 57
 57
 21
 28
 22
 21
 20
 17
 24
 20
 23
 40
 34
 34
 49
 67
 60
 52
 48
 68
 48
 69
 64
 79
 81
 45
 41
 34
 22
 16
 27
 34
 26
 27
 44
 39
 39
 62
 68
 64
 77
 54
 67
 88
 56
 46
 57
 76
 70
 90
 86
 41
 26
 27
 26
 34
 39
 46
 38
 33
 44
 67
 60
 54
 70
 36
 56
 47
 55
 63
 65
 71
 63
 62
 62
 38
 26
 20
 32
 30
 25
 41
 25
 34
 40
 54
 39
 57
 58
 53
 39
 42
 70
 63
 52
 54
 42
 52
 51
 41
 27
 31
 24
 15
 17
 17
 21
 25
 39
 40
 49
 53
 39
 57
 47
 44
 49
 60
 49
 47
 51
 63
 58
 37
 22
 15
 22
 17
 12
 6 
 12
 11
 0 
 9 
 64
 51
 44
 31
 29
 22
 25
 31
 43
 39
 30
 30
 33
 34
 43
 46
 47
 51
 58
 48
 64
 65
 61
 45
 42
 39
 40
 40
 22
 16
 28
 32
 22
 31
 52
 49
 55
 66
 37
 34
 32
 49
 45
 54
 45
 66
 40
 39
 31
 30
 26
 7 
 17
 16
 18
 14
 23
 33
 30
 35
 38
 43
 28
 32
 26
 36
 44
 43
 48
 45
 46
106
 32
 19
 18
 19
 27
 16
 21
 41
 56
 58
 93
 82
 63
 51
 33
 40
 35
 42
 32
 42
 51
 50
 38
 51
 36
 34
 16
 21
 12
 13
 25
 20
 31
 32
 42
 41
 45
 41
 33
 29
139
130
114
 98
 79
125
 88
134
 61
 88
 22
 12
 22
 24
 28
 27
 39
167
105
107
 82
 58
116
 37
117
139
 92
148
130
128
 84
116
117
 95
 60
139
 27
 31
 27
 35
 45
 26
 30
103
 52
145
 68
132
119
109
 48
124
101
142
 87
 76
 39
 46
 29
 41
 18
 25
 24
 35
 18
 34
 45
 54
 55
 60
150
 55
173
 90
 63
 67
 65
112
164
119
 33
 36
 24
 13
 13
 14
 25
 23
 35
 48
 61
 44
 58
 47
 45
 43
 52
 86
 57
 65
 71
 76
100
 59
 72
 33
 79
 55
 48
 40
 69
 60
 54
 59
115
 67
 65
 65
 56
 60
 54
 89
 65
 63
 74
 84
 99
 59
 50
 61
 34
 78
 33
 23
 39
 64
 57
 72
102
 72
167
 67
167
176
 88
150
125
 96
144
106
123
131
 72
 71
 36
 65
 75
 26
 50
 51
 56
 75
 95
 75
132
100
148
213
 87
187
116
 81
112
 87
 80
 85
 40
 56
 25
 56
 35
 29
 37
 31
 51
 70
 59
 57
 67
 54
 71
 52
 79
 94
 84
 75
 74
 71
 61
 69
 31
 46
 57
 27
 21
 16
 19
 51
 21
 41
 48
 68
 65
 69
 77
 95
112
119
 91
 93
 98
134
 72
 59
 52
 48
 27
 39
 84
 54
 34
 44
 31
 34
 43
 49
 62
 64
 94
111
104
143
 95
 88
 78
 90
 78
120
103
 34
 17
 35
 28
 18
 19
 24
 38
 34
 49
 70
 55
 45
 48
 74
 87
 62
 75
 95
 81
 83
 71
 71
 33
 60
 26
 19
 23
 19
 30
 27
 21
 37
 46
 50
 48
 57
 46
 48
 80
 66
111
 56
 77
 69
 63
 50
 39
 40
 21
 24
 37
 41
 40
 57
 61
 67
 77
120
115
108
135
111
124
126
144
123
127
100
157
 79
167
108
101
129
 60
 58
 71
 81
 77
102
102
109
118
 92
133
111
155
156
133
176
150
134
136
 86
 33
 37
 15
 17
 20
 13
 19
 15
 25
 17
 29
 31
 45
 28
 25
 29
 20
 30
 23
 33
 29
 45
 39
 26
 21
 48
 64
 30
 51
 60
 71
 59
156
138
 75
 48
 62
 63
 67
115
108
 85
 61
130
 93
 70
 60
 39
 32
 35
 59
 40
 30
 41
 45
 66
 54
 52
 46
 65
 52
104
 69
 99
 80
 88
 81
 82
 56
 43
 26
 27
 24
 29
 19
 23
 36
 23
 41
 51
 52
 57
 50
 78
 47
 78
 99
 81
 84
 68
 81
 91
 61
 43
 35
 47
 37
 34
 40
 30
 42
 35
 59
 43
 56
 60
 73
 49
 50
 61
 59
 57
 53
 60
 67
 83
 62
 49
 52
 26
 26
 31
 44
 31
 50
 41
 61
 64
 75
 67
 91
 54
 48
 72
 62
 56
 85
 61
105
 81
 71
 58
 35
 32
 27
 26
 30
 18
 26
 29
 46
 42
 53
 62
 66
 65
 71
 53
 83
 71
 67
 95
 86
 89
 69
 48
 40
 31
 28
 15
 18
 37
 40
 31
 50
 54
 51
 50
 36
 60
 40
 46
 62
 66
 71
 79
 74
 70
 39
 45
 34
 25
 26
 24
 20
 17
 38
 32
 27
 39
 43
 45
 29
 55
 59
 45
 48
 49
 65
 76
 64
 54
 48
 45
 31
 14
 16
 22
 23
 27
 12
 15
 36
 45
 42
 41
 39
 37
 37
 46
 44
 45
 56
 57
 57
 45
 8 
 0 
 13
 32
 29
 12
 34
 31
 31
 23
 21
 62
 56
 52
 42
 53
 49
 25
 35
 62
 66
 22
 39
 19
 19
 16
 0 
 33
 15
 13
 17
 15
 16
 21
 21
 28
 25
 19
 22
 32
 42
 32
 28
 31
 26
 43
 45
 40
 37
 40
 40
 37
 39
 24
 18
 14
 25
 22
 12
 34
 27
 28
 33
 32
 47
 42
 32
 39
 32
 41
 43
 40
 51
 36
 78
167
123
 96
 48
 7 
 23
 10
 18
 37
 34
 48
 81
 97
131
122
 87
 98
 75
 79
 41
 26
 23
 11
 43
 34
 23
 12
 15
 10
 28
 29
 46
 68
 22
 28
 21
 24
 33
 31
 40
 36
 43
 38
 27
 20
 20
 24
 37
 50
 30
 55
 90
187
559
862
665
 45
 26
 17
 25
 18
 9 
 8 
 9 
 6 
 8 
132
105
 34
113
148
 57
 44
 24
 10
 7 
 7 
 8 
 7 
 9 
 18
 16
 10
 7 
 13
 15
 6 
 6 
 6 
 41
 49
 69
 45
 88
 49
129
 75
 87
 33
 27
 34
 39
 47
 61
 50
 61
 43
103
 49
 93
 75
 47
 48
 47
 44
 61
 40
100
 67
 77
 82
 48
 76
 54
 39
 52
 42
 68
 48
 85
 52
 75
 59
 40
 58
 40
 59
 52
 47
 53
 69
 45
 61
 37
 61
 64
 40
 40
 39
 54
 45
 41
 44
 96
 91
 51
 67
 65
 51
 65
 46
 74
 68
134
103
 55
178
103
 15
 11
 16
 17
 4 
 1 
 12
 29
 28
 31
 28
 47
148
132
 61
 57
 69
 83
 41
 44
 42
 24
 11
 15
 12
 10
 20
106
 29
 40
 39
 42
103
 76
 96
169
209
234
296
544
347
159
 8 
 14
116
 70
 12
 8 
 6 
 5 
 2 
 9 
 2 
 7 
 6 
 7 
 9 
 8 
 9 
 11
154
 79
 34
152
589
475
227
234
249
260
255
459
333
360
457
532
315
140
 82
 84
 99
 57
153
669
544
565
762
559
586
545
342
204
272
196
263
248
169
179
200
325
509
666
323
110
107
133
 88
289
549
 87
174
212
 38
200
611
372
317
135
 87
401
393
 44
241
 59
 78
 96
 73
151
 6 
 6 
 6 
 6 
 6 
 6 
 6 
 6 
 21
 6 
 6 
 15
 6 
 6 
 7 
 17
 55
 57
 28
 31
 66
172
443
526
475
447
372
147
 6 
 6 
 6 
122
 11
103
312
652
542
120
167
643
465
121
 78
 86
 93
 71
 75
 72
146
191
124
141
173
174
549
127
162
172
119
114
 67
344
 28
 77
 59
 21
 10
 6 
 5 
 14
 40
 50
 59
 85
 94
106
 90
 94
129
278
131
253
165
 67
 50
 24
 28
 19
 32
 57
217
124
 47
 51
172
 64
113
136
146
194
148
176
191
372
442
131
187
108
160
203
 11
 15
 19
 18
 18
 35
 35
 47
 41
 51
 63
 82
 83
 55
 71
 82
 61
 71
 68
 56
 40
 29
199
503
323
371
153
115
150
142
 76
 94
178
 95
196
136
298
244
157
191
130
175
210
105
184
 55
212
202
 37
 24
 29
 12
 87
 79
 53
 92
110
 50
 29
 59
 55
 68
 67
 83
114
147
246
116
 56
 39
 25
 24
 22
 17
 24
 19
 17
 37
 31
 34
 38
 23
 44
 49
 46
 61
 37
 35
 46
 58
 31
 53
 43
 0 
 25
 42
 34
 28
 41
 29
 31
 36
 70
 59
190
143
158
190
167
191
187
184
175
108
147
179
143
 87
 80
 37
 40
 41
 39
 42
 67
 29
 52
 79
188
 71
109
126
134
 91
122
 87
134
106
117
 59
 31
 23
 30
 23
 32
 29
 35
 44
 57
 61
 51
 68
 99
 91
 89
 76
 59
 72
 68
101
 80
 78
 57
 46
 29
 30
 42
 49
 37
 36
 51
 55
 39
 64
 50
 59
 80
104
101
113
107
123
129
131
 90
168
 79
197
101
196
122
 92
 76
 99
103
101
124
116
107
223
 87
153
 49
 43
 55
 39
 69
 72
 62
 54
 41
 35
 19
 24
 14
 34
 23
 32
 40
 43
 41
 45
 45
 60
 59
 58
229
 67
116
 80
 89
261
136
137
 53
 35
 22
 22
 22
 47
 54
 40
 49
 43
 41
 49
 59
 58
 80
 75
 56
 55
 49
 70
 76
 70
 68
 61
 36
 37
 29
 24
 14
 29
 23
 25
 24
 35
 46
 64
 48
 48
 46
 55
 51
 59
 59
 58
 44
 72
117
152
 88
 96
 43
 25
 20
 28
 37
 68
 57
 49
 44
 56
 70
 60
 60
 74
193
235
151
252
168
 38
 28
 23
 26
 17
 13
 26
 15
 10
 17
 21
 20
 15
 20
 25
 35
 31
 34
 45
 36
 35
 26
 24
 28
 30
 38
 15
 35
 18
 15
 21
 19
 15
 14
 20
 17
 23
 23
 29
 23
 27
 30
 29
 23
 30
 19
 25
 31
 23
 27
 22
 18
 21
 22
 17
 27
 33
 15
 16
 17
 25
 31
 12
 17
 23
 26
 43
 31
 60
 92
 42
 55
 48
 70
 39
 56
 43
 24
 34
 15
 14
 16
 17
 20
 20
 23
 32
 22
 38
 32
 53
 45
 38
 39
 35
309
482
434
279
190
422
199
103
100
 19
 7 
 53
 63
 61
 74
103
148
194
139
367
456
486
508
403
564
218
135
148
 61
 84
 58
 27
 54
438
611
134
 77
 30
 22
 33
 32
 67
 58
397
786
512
648
724
637
709
542
 90
 29
 21
 17
 44
 21
 13
 0 
 55
 62
 54
 68
139
172
290
282
339
331
215
204
224
172
103
213
347
133
 81
 80
 95
249
455
478
346
309
258
245
252
258
257
253
251
202
164
195
222
157
231
263
138
203
167
145
175
164
170
245
293
375
374
303
360
325
497
310
230
192
262
193
238
174
259
276
188
168
139
 96
152
131
143
131
153
117
232
150
213
195
184
182
190
175
292
317
234
239
183
206
199
127
139
159
161
105
205
461
535
470
546
743
600
764
554
601
788
804
654
517
542
200
234
157
 79
 98
140
188
 34
 26
 12
 16
 16
 10
 51
 79
 89
178
 50
 84
 56
 47
 69
 35
 82
 65
 39
 44
 37
331
430
337
253
200
156
137
137
106
110
159
249
257
277
171
203
198
170
174
185
124
106
 84
248
 71
259
293
242
212
171
185
196
177
200
248
368
427
398
309
374
315
231
220
282
405
221
246
178
206
147
239
192
140
149
151
129
130
154
158
252
348
325
263
229
189
207
221
239
199
177
180
139
173
114
148
118
178
130
114
139
117
144
184
257
374
348
274
230
206
224
217
220
161
196
216
175
162
127
202
184
153
152
114
118
131
143
175
314
331
270
241
226
205
180
203
150
124
138
104
 90
 61
 73
 59
 69
 98
 80
 82
 72
 70
 93
137
158
199
207
143
126
139
133
134
132
136
144
 99
 93
 81
 51
 91
 96
107
116
 88
 82
103
105
127
182
245
231
227
163
153
148
204
209
147
135
200
102
 68
 81
108
106
 93
100
100
 87
 96
119
126
172
231
193
185
149
145
160
167
168
148
148
127
107
 72
 57
 84
 70
115
 97
 92
100
 90
 88
162
214
234
235
169
161
164
160
179
182
162
155
155
159
128
118
171
197
117
114
165
111
116
134
198
254
285
251
221
234
176
208
185
219
176
155
152
140
126
142
120
110
153
116
148
122
114
155
206
231
255
216
233
170
197
206
161
179
186
119
106
 98
 65
 74
 66
 88
 98
101
103
 92
 87
119
157
183
198
211
187
150
132
119
166
162
170
127
123
 92
 72
 58
 93
 93
 98
114
108
 74
 74
146
146
290
280
373
266
246
258
164
235
261
 45
 44
131
101
173
165
 94
 93
106
114
125
162
206
261
312
307
257
287
261
268
246
274
212
208
196
141
178
184
244
159
165
116
136
129
108
106
152
244
333
377
284
219
181
202
176
240
183
206
183
209
110
 84
138
115
135
141
138
102
136
135
165
204
230
208
232
204
223
179
176
187
205
137
125
144
115
139
148
136
118
151
101
100
 86
153
165
174
266
271
152
210
118
 98
165
182
124
143
126
 83
 96
 78
117
120
115
 92
111
105
107
123
158
176
188
220
212
171
139
172
150
152
129
 89
 80
 72
 54
 62
 67
 61
 66
 81
 73
 75
 79
 98
135
144
135
150
187
134
118
148
110
 65
 46
 35
 54
 39
 35
 27
 21
 33
 25
 54
 30
 43
 33
 28
 31
 22
 44
 28
 40
 38
 24
 32
 29
 33
 93
 61
 58
 58
 45
 33
 48
156
124
104
 99
 64
 82
 78
114
162
185
223
154
164
141
171
196
206
176
114
146
 72
 88
131
177
127
122
103
 99
 93
115
125
142
186
220
215
190
176
134
135
134
140
157
116
120
 90
154
145
 92
 86
 76
 91
118
 91
111
128
126
179
204
201
179
136
129
141
148
135
135
119
108
 97
 90
 62
 87
 96
 92
 91
 85
 81
105
114
161
156
204
199
183
161
151
113
150
152
130
123
121
 82
 75
 78
 73
100
101
 89
102
115
115
 95
133
162
174
207
159
180
117
133
106
139
131
 98
104
 98
 80
103
 80
 83
 81
 82
 78
 84
138
119
126
142
183
157
127
 94
104
105
118
114
139
 97
 68
 73
 63
 59
 60
 56
 75
 74
 81
 80
 84
105
120
131
143
157
122
124
121
106
 95
 96
120
117
136
107
 84
 79
 76
 76
 88
 89
 93
 81
104
 86
133
112
146
190
128
109
105
 99
 83
106
122
 95
 83
 84
 79
 95
119
132
134
155
152
154
165
123
199
243
386
406
371
260
218
247
266
397
251
184
168
149
129
145
159
148
135
114
115
128
125
122
145
187
249
254
236
192
136
147
167
169
155
138
171
148
117
108
164
177
169
141
140
214
161
208
347
538
513
525
539
481
272
219
235
226
195
184
224
157
171
197
215
225
185
181
159
169
160
174
261
313
277
335
267
331
187
188
241
208
202
217
179
153
114
134
219
165
149
172
161
157
149
154
180
255
287
348
243
264
238
266
178
183
201
167
231
146
164
136
250
173
138
156
160
139
117
120
190
157
268
252
208
210
184
173
202
155
211
191
185
146
201
307
143
187
203
125
148
260
249
361
209
313
382
339
289
228
326
338
241
364
347
595
354
437
549
386
432
314
178
643
557
310
193
312
149
323
409
371
298
357
173
209
166
171
154
132
103
105
 75
 36
105
127
 99
110
117
122
 99
114
226
519
618
459
503
333
476
393
173
161
102
 90
 84
 79
 69
 69
 80
 84
107
 96
102
107
121
263
426
336
440
401
278
214
172
190
174
145
 77
112
102
 71
 73
 76
 77
 97
 98
124
115
 92
122
139
160
159
184
384
537
191
138
158
156
154
147
107
 87
 75
 69
 51
 93
 92
115
101
 54
 39
366
433
430
481
396
181
257
366
247
320
568
577
330
162
135
155
418
389
477
490
525
571
352
252
447
379
103
378
356
326
407
183
 77
 7 
200
410
202
172
166
162
146
131
279
292
398
483
254
216
143
164
251
356
525
506
420
151
133
103
115
111
104
115
131
 92
 85
 77
132
104
 92
134
148
133
112
162
279
309
372
340
246
247
236
203
164
174
153
190
127
103
133
 89
 83
 82
136
105
104
139
150
163
161
189
234
278
179
203
168
155
194
201
176
154
151
134
151
287
241
149
101
115
226
203
487
528
379
588
447
348
302
328
313
177
141
141
 97
 97
 80
 93
 87
297
587
427
296
517
 20
165
185
151
188
197
243
274
179
174
147
171
114
141
148
106
115
 75
108
102
 92
 96
108
 99
 98
155
137
128
159
173
187
175
152
154
118
117
126
100
 92
 96
 76
 88
 70
 61
 56
 63
 83
 82
118
119
116
146
144
162
244
230
166
155
120
148
 93
110
112
138
122
155
126
 85
187
214
164
169
147
153
131
139
135
249
318
304
267
251
195
197
157
133
103
 87
143
 97
118
120
190
193
178
173
186
181
175
151
214
218
246
247
189
189
179
130
128
145
129
119
 99
101
 62
 50
 46
 74
111
109
 94
111
124
111
116
146
145
144
125
 96
 82
103
 71
 56
 66
 43
 60
 45
 54
 59
 74
 59
 75
 91
101
127
144
132
118
152
160
150
156
118
 81
 63
 71
 59
 50
 67
 62
 64
 57
 50
 51
 40
 62
 77
 82
 86
104
109
125
131
150
123
108
120
 82
103
 96
 80
 68
 57
 66
 69
 78
 60
 79
 68
 91
100
 84
109
129
133
128
135
137
176
138
129
 97
102
 93
 75
 86
 81
 70
 67
 74
 83
103
 96
 88
103
143
131
130
132
134
145
154
145
120
141
119
114
105
 98
 67
 84
 82
 66
 98
 89
127
 99
 97
101
143
130
154
195
189
204
205
240
184
133
127
 89
 73
112
 86
 89
 95
 97
106
 94
 97
133
 97
 98
124
126
123
113
126
174
136
133
115
109
 74
 82
 88
 69
 65
 82
140
147
362
168
173
153
141
100
117
135
143
131
145
159
148
192
167
157
163
145
 98
103
110
120
128
 87
123
 97
143
116
134
 90
136
113
140
167
129
161
148
171
138
119
102
 98
 83
 92
 98
 90
 92
 85
 97
 68
 91
 78
 85
103
149
113
105
111
127
162
193
184
152
146
107
133
 82
108
123
137
110
 94
128
135
171
109
111
 91
102
112
116
128
144
139
165
176
143
121
101
 93
 90
101
107
122
132
112
102
 98
151
113
111
128
128
118
127
162
168
181
203
223
212
252
187
180
177
116
119
 97
 92
 79
120
105
335
244
163
155
124
146
125
213
183
303
291
381
270
240
241
188
157
199
143
169
123
128
 75
 90
 95
163
181
121
139
147
141
150
171
240
271
343
215
229
146
232
163
157
120
168
 86
104
 89
127
164
111
 77
170
172
159
303
269
247
301
295
329
331
253
194
269
202
211
219
147
197
194
164
151
188
250
185
158
150
163
168
167
191
260
359
358
264
231
203
197
203
210
129
130
119
128
143
168
223
186
181
129
125
149
178
159
193
238
302
289
256
250
288
274
243
244
181
168
164
179
158
252
321
258
146
136
133
145
163
177
205
259
317
323
277
256
224
263
258
237
240
228
245
223
237
194
292
216
229
177
164
169
185
191
229
312
416
365
397
300
335
269
305
274
272
245
275
451
167
217
334
238
186
186
173
228
218
229
220
314
446
531
436
410
407
397
278
373
367
234
217
216
254
270
258
298
356
209
161
146
164
172
156
238
308
316
275
290
223
197
223
330
273
212
236
284
274
382
266
173
246
452
198
196
190
187
238
291
352
359
397
392
361
237
282
244
195
439
396
194
163
168
492
140
130
126
145
156
195
178
218
238
281
305
249
250
213
174
169
157
159
127
134
149
129
131
126
126
 99
111
110
135
143
158
184
256
284
254
237
254
176
210
210
152
179
168
150
148
156
132
188
130
139
132
120
115
111
128
157
199
220
187
170
185
165
137
179
153
134
147
161
126
123
124
159
127
107
 97
 96
107
 90
141
146
171
186
201
221
187
169
203
207
155
154
107
148
130
109
106
160
132
146
107
141
115
141
127
171
298
313
340
269
230
242
263
227
167
188
169
121
152
146
140
166
147
112
126
130
109
124
133
129
229
216
249
207
225
221
228
180
138
151
122
141
141
104
117
197
140
 99
 84
109
139
110
121
119
227
234
273
218
182
172
172
186
185
142
136
153
105
126
110
162
162
181
129
109
122
131
130
137
180
317
286
206
296
226
200
191
213
166
140
162
154
130
119
188
191
344
199
125
238
118
419
470
521
346
125
501
542
448
479
384
535
214
213
208
340
425
446
170
219
406
418
219
400
475
461
351
367
635
243
186
260
236
151
159
160
128
136
138
115
103
 93
110
114
 97
 83
126
105
103
113
154
186
203
265
183
277
296
290
262
185
148
124
165
165
161
109
214
142
118
165
117
109
114
138
169
190
176
235
211
187
202
230
216
191
143
128
118
147
136
136
141
129
 94
 98
106
103
121
120
152
222
268
228
147
157
105
114
140
121
120
149
108
 90
 86
 92
135
 96
 73
 80
102
102
121
116
116
172
229
173
165
155
148
133
152
161
135
110
138
111
112
123
137
127
107
 93
103
101
116
116
133
113
147
192
112
126
117
125
109
100
 96
114
108
101
107
 86
105
 95
 82
113
125
103
110
141
174
149
150
122
155
155
134
160
111
109
115
154
136
153
212
243
231
268
233
240
221
318
213
219
166
148
108
127
150
261
134
138
118
121
153
145
141
147
200
241
321
248
247
236
268
281
319
355
329
188
161
140
139
206
124
154
112
111
126
180
156
166
228
299
400
350
406
241
241
210
241
205
217
216
158
162
143
296
229
111
129
110
 94
118
127
122
207
278
311
226
251
248
208
235
178
190
215
202
187
218
214
356
323
221
611
367
192
280
577
576
374
690
575
432
293
237
505
454
303
244
268
298
373
383
287
382
351
256
431
353
407
451
470
195
255
438
458
338
459
305
350
269
273
285
340
322
279
262
283
371
371
285
454
396
258
484
458
610
602
581
735
703
729
575
496
409
374
290
103
 85
 66
 66
 53
 70
 87
 10
 0 
 40
146
118
111
118
 91
106
 85
105
 98
 89
 80
 91
104
 81
 95
107
 93
 87
 92
100
103
118
135
154
147
154
150
148
102
160
135
132
110
150
127
 87
112
102
 90
 98
 84
 90
 99
119
 95
133
121
179
141
153
128
185
112
105
 96
101
 87
106
123
 90
138
 85
 82
 72
 72
104
 77
 95
 89
 96
134
128
116
153
152
121
127
 99
144
113
101
139
115
 83
157
 89
 68
 67
 84
 89
 93
 98
 75
119
206
212
232
147
127
132
127
174
104
110
102
 97
 87
128
 97
138
 87
 82
 66
 80
 83
 86
 84
126
171
141
129
111
163
154
106
132
124
100
 95
 93
100
107
139
122
 77
 84
 74
 94
100
 95
101
120
134
164
160
156
136
 95
 86
104
 85
 62
 97
103
 88
 61
118
119
130
 53
 78
 76
 85
 86
 72
 96
134
150
118
102
106
110
102
109
109
 77
 88
 65
 82
 94
105
132
100
 60
 76
 76
 85
 89
 83
 77
121
139
 93
128
117
 81
103
 92
102
 77
 91
 78
 81
 85
102
132
 93
 62
 55
 78
 64
101
 78
 98
135
148
 96
116
121
107
149
120
127
106
131
131
104
 81
119
105
 94
 80
 58
 86
 60
126
 78
455
418
138
213
543
538
179
359
272
202
329
146
117
517
392
317
367
184
341
259
394
290
512
246
214
338
210
168
162
196
154
134
149
143
150
120
115
100
111
271
119
 97
 92
 80
 73
 88
 79
 87
123
154
170
147
169
149
156
163
116
162
147
135
 85
126
 85
142
178
269
346
373
286
490
468
347
234
410
221
214
 81
124
 55
 15
 9 
 9 
 11
 13
 6 
 9 
 6 
 1 
 0 
 68
 90
106
 88
141
159
219
182
205
179
164
185
178
126
130
178
117
131
 99
123
114
103
 72
 73
 84
 95
 98
114
124
152
178
180
162
172
204
139
133
144
104
139
108
 98
 87
146
102
 94
 82
 68
 84
 84
 89
106
113
147
166
143
141
125
168
172
124
133
132
121
 93
107
 78
108
 92
 91
153
 81
 68
 76
106
 86
 92
132
179
151
122
148
141
146
154
138
112
106
130
 86
 95
226
198
104
 84
 73
182
120
 92
 84
130
154
232
202
153
174
141
160
160
 97
 91
116
 87
 81
116
147
109
 80
 72
298
 64
120
305
 87
150
218
183
152
144
157
171
131
208
144
142
169
144
122
125
149
175
122
102
 71
 78
113
 84
 94
144
218
154
152
250
198
237
154
163
144
143
143
126
133
130
192
170
 95
102
 85
 86
115
114
 84
109
188
168
164
175
133
129
181
173
154
123
154
116
137
126
226
146
120
 84
 78
 85
 93
100
 92
136
188
174
161
207
143
185
154
148
136
138
130
104
 98
125
144
157
117
113
100
112
 97
111
126
135
118
136
141
124
153
129
148
140
150
135
110
133
137
108
167
158
129
 92
 90
 81
 95
154
136
163
165
183
189
161
174
130
148
142
111
110
123
125
 91
 83
 89
 96
 80
 74
 74
 74
 79
 92
 99
140
129
129
154
146
141
140
109
148
 87
105
121
110
113
107
121
116
 73
 69
 78
 93
 86
 87
109
177
164
196
228
142
153
170
160
149
122
135
159
 81
119
 86
130
108
101
 97
 83
 83
107
106
128
146
203
190
202
164
220
175
182
166
126
123
143
110
109
108
128
174
130
116
 98
105
 76
113
137
168
208
238
182
290
226
214
267
183
147
138
162
128
131
138
270
134
138
108
101
 91
 84
110
120
152
176
216
272
213
218
242
284
232
190
131
178
150
134
136
204
159
149
 99
 79
 97
103
115
113
177
168
218
179
241
257
209
167
160
187
172
206
122
113
151
222
237
166
 84
 70
 88
 93
110
132
154
243
285
199
191
174
192
183
135
242
538
 99
209
392
305
230
151
 98
 48
 82
 81
 73
102
 74
138
170
209
196
188
187
154
130
174
129
112
126
 47
 55
 73
 64
 73
 68
 65
 55
 52
 64
 59
 76
103
107
102
106
101
 81
 89
 98
 90
 93
 59
 64
 63
 62
 63
 59
 77
 70
 35
 60
 69
 67
 82
 94
 82
 75
 87
 86
109
 63
 89
 82
 77
 72
 65
 87
 65
 68
 64
 70
 79
 40
 48
 51
 51
 75
 76
 85
 88
100
108
 83
118
 88
 94
 79
111
 78
 67
 79
 52
 59
 61
 80
 39
 61
 36
 55
 56
 51
 84
 71
 99
148
110
100
119
115
 65
 94
 84
112
101
 78
 64
 57
 83
 99
 85
 88
 56
 58
 67
 82
 67
 88
126
125
129
158
127
116
 88
 75
 77
 90
 85
112
104
 77
 78
117
 77
 58
 57
 48
 68
 59
 82
 75
 83
 84
115
123
140
 87
117
 88
 61
139
 99
122
108
 51
142
182
110
 95
 85
 84
 84
105
133
152
199
218
297
284
213
194
265
245
235
205
188
213
159
145
158
166
218
155
114
 84
149
116
 77
 0 
141
199
213
167
211
145
127
146
150
126
143
150
198
161
101
113
118
 95
105
117
148
156
231
254
325
216
202
202
202
216
 86
 64
104
114
163
114
 99
 88
100
102
114
129
183
210
228
277
180
226
204
167
183
179
152
121
 99
115
138
195
153
 92
 91
 83
 92
111
114
124
135
177
221
209
198
177
172
180
151
161
160
158
148
119
137
237
229
194
 75
 67
 85
 77
102
129
109
146
144
214
234
169
158
142
115
136
119
 92
135
119
145
139
152
 78
 70
 69
100
134
124
146
100
142
151
157
121
194
198
172
180
237
161
359
272
211
134
155
138
 92
 95
 88
 78
 86
112
 74
110
122
139
147
177
209
118
124
 86
 97
 85
 82
 79
 92
 85
102
 96
 94
 59
 60
 89
113
 91
116
110
166
137
151
161
186
186
112
123
133
 95
132
 83
100
114
135
 83
 69
 79
 56
 59
 74
 90
107
123
195
205
183
190
160
126
135
123
123
 93
143
164
157
136
146
119
 81
 60
 82
 83
101
103
112
 97
136
151
146
111
145
131
152
170
106
121
110
138
152
108
144
109
 65
 58
 55
 63
 79
104
106
106
 90
126
141
127
102
124
153
164
106
119
102
 92
101
 81
129
156
 78
 51
 59
 68
 69
 81
137
328
181
235
188
179
149
178
151
127
149
298
301
221
134
137
146
130
 69
 62
 73
 99
 38
121
212
215
226
221
234
233
238
 69
222
187
272
255
207
179
165
218
102
150
154
201
191
286
200
162
156
168
227
233
197
231
208
212
159
234
226
306
203
164
215
187
104
 80
 93
 97
161
115
130
174
213
237
340
261
272
240
227
176
165
182
171
242
188
156
306
181
131
220
251
354
347
336
299
395
295
436
507
513
461
285
276
321
195
179
209
181
180
184
302
209
117
117
110
119
121
152
198
193
264
233
239
283
227
232
214
221
171
192
215
142
159
120
135
352
194
132
185
 80
 86
135
168
130
224
261
203
218
185
208
398
199
227
236
169
 55
 28
 93
 10
 1 
 6 
 1 
 2 
 3 
 1 
 2 
 1 
 7 
 37
 17
 11
 8 
 5 
 8 
 12
 11
 6 
 6 
 11
 21
 22
 7 
 3 
 1 
 1 
 2 
 1 
 3 
 3 
 1 
 1 
 1 
 8 
 18
 1 
 4 
 7 
 1 
 3 
 3 
 3 
 3 
 2 
 1 
 1 
 6 
 5 
 2 
 2 
 4 
 1 
 1 
 1 
 2 
 1 
 88
 73
109
 91
 92
117
 83
 94
 73
121
113
109
113
 71
 92
 67
110
114
132
173
146
164
220
159
143
142
134
104
 92
102
152
112
131
124
 90
192
257
115
135
107
136
179
165
178
229
245
337
283
225
240
168
179
161
139
179
174
135
136
181
213
106
 84
119
102
114
148
168
 1 
174
139
 33
 96
175
166
157
129
126
135
142
147
183
174
 96
106
108
108
120
128
144
175
257
278
313
238
244
249
216
171
174
160
159
134
 97
150
282
100
 91
 60
 59
 86
 87
121
108
139
236
158
162
230
149
152
189
136
106
120
114
101
127
112
144
105
 51
254
787
501
121
 94
116
142
185
165
144
132
131
151
121
115
103
222
175
140
 31
 0 
 80
 68
104
113
109
184
151
245
205
227
238
161
189
181
150
108
139
251
170
133
114
 87
 91
 95
 63
 94
 68
 92
104
113
134
142
148
130
153
114
117
117
 99
103
 76
 76
 88
 81
 89
113
 97
 62
 73
 56
 66
 90
118
110
175
118
122
 90
116
 99
 85
 82
127
 73
 67
 81
 85
 80
 89
129
114
187
302
283
222
263
171
106
211
219
253
395
295
215
127
 60
 32
 14
 9 
 9 
 11
 15
 18
 23
 13
 19
 16
 9 
 11
 18
 19
 13
 20
 16
 20
 20
 21
 16
 18
 15
 8 
 18
 17
 15
 15
 11
 21
 19
 20
 17
 16
 16
 25
 27
 38
 48
 43
 48
 50
 36
 48
 33
 46
 36
 29
 32
 35
 29
 38
 34
 42
 46
 33
 25
 25
 31
 39
 33
 55
 48
120
140
145
161
184
129
 49
 67
 54
 29
 27
 29
 30
426
552
531
450
431
462
439
450
434
492
420
450
509
598
537
562
676
553
616
108
 66
 43
 38
 41
141
347
277
206
123
103
378
735
415
374
232
553
189
 61
 54
 56
 57
 62
 68
 39
 24
 27
 28
352
706
485
 48
 40
 31
 35
 39
 49
 41
 62
104
 63
 54
104
 71
 95
 78
 87
 91
 65
 66
 62
 62
 57
 73
 77
 73
 65
 46
 43
 39
 45
 44
 56
 43
 45
 61
 89
 95
 65
 71
 55
 55
 55
 41
 34
 21
 23
 12
 39
 52
 50
 47
 41
 37
 43
415
404
411
484
289
 78
 67
122
 98
272
499
471
772
566
549
342
335
268
405
293
 79
 18
 63
 35
 24
 53
 65
 65
 61
 75
 66
504
700
708
407
179
257
278
208
 14
 24
 20
 73
227
115
 68
 30
124
153
148
138
199
147
 29
 44
 30
138
304
281
168
 24
 26
 17
 26
 24
402
245
 30
 28
 27
 27
 36
 27
 58
 46
 42
 55
 43
 45
 36
153
337
432
469
371
526
514
351
102
241
412
139
331
156
 88
 35
 43
188
313
172
 48
 75
 85
153
612
615
524
448
437
421
442
 28
 34
 49
239
384
193
 46
 67
 67
 62
 84
 76
103
342
 54
240
395
486
547
183
167
236
 31
334
282
158
 73
 99
108
311
166
 67
 54
 76
140
126
119
294
370
398
316
341
541
343
347
218
254
 88
146
 99
190
239
173
130
211
236
102
193
171
219
195
175
210
155
116
 83
 60
 66
 25
 0 
 35
 37
 54
 21
 46
 39
 18
 35
 34
 30
 23
 22
 24
 39
 51
 35
103
108
 89
 60
 36
 31
 36
 50
140
 21
 94
 87
 87
 63
 60
 70
 69
 48
 63
 57
 75
 76
 79
 78
 97
109
125
125
 86
100
148
118
158
 90
112
 79
 60
 90
 89
 87
 90
 68
 60
 62
 99
 96
157
154
168
240
275
213
217
199
175
203
164
142
162
189
191
119
161
174
128
108
135
 86
115
121
122
131
150
167
225
312
261
230
281
274
227
228
210
198
213
225
176
216
201
126
102
 91
113
133
138
169
161
261
287
367
306
287
317
285
218
200
249
183
155
110
162
180
150
128
135
