 98
113
138
119
126
161
130
172
180
261
265
194
174
151
147
117
131
179
163
123
121
132
 67
 93
 85
101
133
145
172
207
204
271
219
225
233
269
259
203
149
158
157
145
118
146
190
139
105
108
 98
146
147
197
273
284
279
244
265
360
321
367
287
270
225
201
224
159
133
126
117
117
135
125
126
129
169
192
213
165
199
153
124
137
138
111
105
142
109
 96
 92
 64
 80
 77
 77
 83
 66
 54
 50
 70
 84
112
105
127
144
106
138
195
169
137
138
151
161
 93
 79
 54
 68
 97
111
 86
 57
 68
 79
 75
107
 93
 89
103
100
124
109
 88
134
162
130
145
109
 77
 61
 75
 62
 65
 81
 53
 52
 41
 48
 87
 85
107
 98
 84
 87
133
141
116
104
 94
131
122
110
 71
 85
 61
 79
 81
 94
101
 51
 48
 36
 69
 90
 97
101
 92
121
127
165
182
131
115
105
 90
 93
 86
141
 92
 90
 79
 70
 90
 50
 50
 61
 54
 89
106
101
 74
 92
100
123
110
126
125
125
 82
 71
 83
 95
 86
 84
100
169
126
 71
 45
 79
 58
 93
 95
 95
112
144
130
177
119
106
123
103
117
 90
 65
115
 79
 71
 88
106
104
 58
104
 82
 91
112
 12
 86
112
178
286
432
548
439
143
276
118
 31
 3 
146
121
191
 92
 80
 50
 43
 39
115
 19
 28
 2 
 15
 7 
 36
 22
 14
 45
 24
 11
109
326
238
 32
188
143
185
257
155
120
108
112
121
189
175
169
 85
 74
 49
 61
 17
 30
 31
 32
143
 27
 49
 30
 28
 64
 50
 51
 41
 25
 84
117
302
354
422
232
384
338
603
664
641
502
494
302
322
181
247
335
291
237
324
251
262
242
 89
 60
 79
 57
129
121
 90
129
 99
280
223
245
363
326
551
155
 41
 34
 23
 40
 36
 41
171
144
121
128
152
203
135
117
 97
 71
 87
110
115
116
113
105
 55
 70
 90
162
138
 81
 93
116
123
 82
 81
108
104
159
101
178
190
211
128
111
109
 61
134
101
 72
142
138
255
159
230
 46
116
 67
 2 
 27
 57
 66
100
139
161
 49
 90
 89
148
318
439
360
207
 3 
 70
 80
115
116
123
 98
180
130
 78
 84
 63
103
134
157
161
135
237
213
246
240
185
139
226
190
128
153
134
136
120
134
129
105
 69
 95
151
107
153
165
151
167
194
227
256
239
255
288
275
219
140
190
139
174
155
155
176
148
 87
 66
 99
117
139
145
147
118
195
203
161
159
166
166
204
246
116
214
160
189
137
119
160
129
 86
 81
 83
147
116
145
107
174
165
205
207
261
209
262
236
240
166
147
243
190
172
187
237
131
125
 83
 63
170
184
444
388
277
263
249
273
193
200
245
148
232
189
150
143
155
 94
 98
164
155
 69
 83
 73
126
101
330
311
209
156
194
150
170
152
193
179
183
 74
133
152
 94
 94
 92
106
124
105
 91
 71
 76
 85
111
132
192
332
332
353
507
482
633
583
482
271
134
 84
 91
 82
 90
 10
 10
 21
 63
 61
 69
 76
 86
 76
153
115
108
129
121
109
134
108
 96
 5 
 94
 91
 96
 62
 65
 46
 85
 55
 54
 56
 80
111
102
113
111
186
210
122
111
137
 89
112
108
 64
 72
 58
 72
 36
 66
 91
120
 75
 65
 67
 54
101
 97
117
 93
169
139
108
 92
 88
 72
 82
 93
 54
 57
 48
 84
 60
 52
 66
 75
 59
 67
 49
 77
 79
 88
 61
 78
 90
122
258
192
121
122
 81
 65
 48
 63
 59
 53
 53
 64
 99
 57
 46
 48
 45
 67
 90
 86
 82
 91
110
 67
167
189
138
130
 91
109
 81
179
 92
 76
 63
 61
 85
 77
 65
 66
 63
 82
 76
 90
104
 93
 92
114
146
260
255
182
270
138
 73
103
 69
 96
 58
 58
 92
 77
 81
 37
 46
 50
 49
 85
 48
 51
 92
 91
122
123
 85
158
 58
 77
 51
 95
 12
 84
 59
 32
 41
 53
 37
 42
 34
 45
 47
 51
 39
 59
 52
 87
 87
 52
 55
109
 56
 34
 31
 35
 35
 28
 31
 34
 52
 31
 38
 24
 36
 29
 33
 46
 39
 53
 41
 52
 56
 39
 55
 46
 36
 33
 19
 27
 20
 35
 17
 30
 34
 40
 41
 36
 51
 42
 47
 49
 72
 45
 72
 75
 81
 82
 62
 54
 60
 66
 55
 32
 28
 40
 0 
 0 
 33
 74
 89
113
 80
 69
146
119
 92
 70
 72
 95
 86
 59
 57
177
231
 53
 60
 58
 61
 38
 44
 51
 57
 63
 66
111
 85
120
118
112
 88
108
 81
 82
 65
 83
 56
 50
 50
 41
 57
 98
 68
 50
 55
 55
 58
 77
 79
 99
 90
 97
121
131
148
112
126
143
 75
 66
 65
 76
 82
 54
103
138
127
 53
 52
 65
 73
 77
 81
 93
 95
105
 98
138
210
169
143
145
162
 91
 75
 93
108
111
118
111
154
 62
 51
 49
 60
 74
118
155
141
 96
124
140
 93
111
 89
 90
153
 95
 87
 84
 99
 99
106
 80
129
 67
 60
 76
 62
 86
 79
 79
 89
115
 97
162
150
 94
160
181
121
 80
 91
 79
 98
 67
 74
117
117
 74
120
 57
 65
 94
 99
107
119
147
191
153
156
 99
185
136
195
 97
106
 73
 68
 55
 65
 60
 92
 58
 74
 61
 69
 73
100
 88
103
 87
161
186
131
113
155
204
134
 89
197
157
129
106
 57
137
102
 75
 74
 57
 83
 77
 92
135
158
248
224
160
143
172
123
 82
 93
105
131
 63
 78
 72
 69
 74
 98
 45
 57
 77
 66
 91
 97
 88
113
113
 90
104
103
 75
 75
 62
 85
 52
 61
 45
 62
 69
 67
 48
 46
 84
 71
 68
 75
 81
106
123
135
130
233
126
115
 58
 86
 37
 59
 53
 73
 45
 63
101
 65
 80
 52
 47
 68
 59
 90
 93
118
 86
 98
127
109
 77
118
 57
111
 63
 80
103
 59
 75
 64
142
100
 42
 50
 46
 95
138
141
 95
 76
137
110
143
106
 85
 97
 86
110
 75
 56
 41
 42
 45
 65
 91
 60
 62
 38
 58
 66
188
154
 95
 64
109
 69
124
 68
 70
 80
 91
 90
 82
 84
 69
 48
 73
 54
 55
 61
 49
 50
 66
 51
 67
 73
113
102
 82
107
110
 99
100
 88
107
 93
 61
 56
 84
 44
 64
 58
 94
109
 85
 61
 73
 72
 81
 77
140
247
136
182
186
164
140
169
135
155
141
139
163
183
105
103
139
 85
 67
 67
 83
 79
 82
 86
106
144
167
178
213
132
158
189
165
161
 53
 89
 84
106
 66
 84
 89
 71
 59
 76
 74
 79
 80
 78
115
120
192
186
139
115
102
151
111
 92
 84
 67
 49
 73
 70
 72
 72
 87
 79
 61
 72
 65
 84
111
105
144
113
240
246
139
145
166
104
115
104
102
107
 74
 56
 75
 78
108
 56
 90
 61
 75
 77
 83
100
123
154
179
254
247
157
 90
122
140
111
 91
132
116
 71
 84
131
 95
104
 70
 65
 67
 94
 97
 76
162
158
176
259
254
232
208
206
148
100
110
134
120
 84
 94
 94
114
125
 85
 96
 68
 87
 89
113
141
141
228
209
229
283
188
155
146
129
144
 91
126
101
 93
 97
149
 82
 55
 57
 86
 70
 67
100
 97
108
170
176
173
212
153
 95
138
 94
 87
110
 89
 91
123
114
129
 51
 68
 81
 84
114
 86
101
186
125
164
144
106
112
150
121
120
114
112
115
 99
 51
 67
100
109
 79
 80
 93
 89
 82
 94
127
108
170
177
148
140
131
116
100
129
108
 73
 91
 92
 80
104
 91
117
 88
 74
 69
101
 90
123
128
187
116
146
178
175
185
150
126
153
120
117
101
133
126
 93
191
174
 80
 76
 57
 90
 97
103
100
132
169
131
220
160
177
220
193
191
111
114
152
 92
105
135
152
 86
 84
 65
 68
 79
 78
 84
109
103
151
143
210
210
197
230
198
203
 92
101
232
251
141
 97
134
146
 95
107
 62
 73
 94
 94
 90
115
242
244
299
316
194
284
245
287
209
222
201
180
156
154
261
107
102
 90
 55
 75
 63
 77
109
149
266
225
255
245
223
211
233
237
197
126
127
121
123
102
134
 77
 94
 72
 58
 84
120
 94
102
121
176
180
206
151
155
183
167
119
 95
 97
 95
113
 83
 70
117
107
 91
 85
 82
 80
 89
 93
102
129
224
170
271
182
176
234
277
236
183
205
260
139
299
141
206
 70
109
 75
102
106
149
137
131
192
404
328
253
235
188
258
221
206
201
121
151
187
 93
130
267
163
 82
 81
104
115
159
109
154
159
230
196
219
293
234
213
232
203
166
147
209
144
117
102
126
143
 83
 83
 97
 73
150
170
206
237
218
351
300
302
268
291
237
193
121
178
238
149
136
 69
 89
102
 61
 62
 43
 52
 46
 72
 47
 64
193
 91
 92
125
119
123
102
140
133
 77
136
140
127
111
192
 65
 61
 58
 47
 55
 57
 80
 64
 80
192
406
411
391
434
 94
 79
 67
104
 69
 55
 68
 59
 48
 98
 84
113
 55
 56
 57
 56
 72
 61
 76
 92
 86
118
105
110
263
 61
108
 67
 32
112
202
195
456
176
 48
414
480
149
160
370
280
302
205
172
141
 82
 67
 60
 72
 57
 74
 53
 46
 33
 35
 44
 51
 45
 47
 63
 56
 74
 79
 71
 63
 53
 71
 82
118
144
184
120
119
111
125
 98
419
415
168
100
 83
119
 64
 51
 49
105
 96
 62
 72
 87
 70
 95
 62
 74
 47
109
 57
 54
 67
 54
 40
 58
 69
 40
 56
 62
 67
 50
 46
 57
 49
 58
 84
 60
 91
 88
 93
 24
 40
 56
 95
 76
 63
 37
 40
 40
 38
 42
 47
 53
 42
 52
 44
 61
 63
 69
106
 68
 81
 90
 0 
 61
 48
 47
 40
 30
 33
 67
 34
 51
 42
 51
 56
 70
 67
 47
 47
 91
105
 73
 60
 51
 63
 51
 47
 40
 37
 34
 24
 19
 27
 29
 34
 32
 51
 44
 47
 43
 61
 56
 44
 68
 72
 85
 68
 72
 80
 55
 89
 75
 85
104
 41
 40
 50
 76
 72
 41
 42
 51
 64
 72
 70
 46
 47
 88
107
 59
 66
 76
 83
 59
 54
 48
 57
 46
 43
 48
 43
 49
 41
 54
 44
 44
 72
 53
 61
 53
 52
 81
106
105
 70
 67
 92
109
 69
 52
 65
 55
 57
 35
 39
 29
 38
 46
 40
 49
 52
 88
 77
 53
 73
 60
 88
105
 86
 54
 63
 67
 65
 97
 59
 59
114
 85
 69
109
 72
 76
 60
 80
111
 98
103
131
135
106
211
196
126
113
121
130
133
139
141
124
 55
 71
 86
114
 95
 74
 64
 93
100
 95
122
154
135
181
154
150
 98
128
159
194
179
118
116
115
101
 71
 87
111
124
126
 91
 71
110
111
123
143
141
274
247
190
274
185
188
149
194
141
124
173
103
109
 80
169
103
129
 83
 70
101
107
110
116
137
229
342
242
235
181
173
190
164
108
 65
171
118
 87
100
211
108
142
123
109
123
105
131
104
132
301
355
265
271
226
178
136
167
112
128
129
104
 61
 79
109
 87
 78
 81
 84
106
124
 90
 92
108
137
167
176
131
141
146
148
130
106
122
 76
100
 78
 76
181
129
 98
 73
100
 93
106
105
 90
120
214
158
199
182
135
118
117
 88
113
101
121
105
 76
 70
141
260
146
 96
 75
 99
 96
 94
 96
136
163
232
195
151
115
127
122
 96
124
 86
 68
 47
 99
 63
130
 99
123
126
147
 85
101
105
 92
135
144
188
135
179
186
155
157
179
274
234
186
112
187
109
268
221
158
125
128
133
133
142
132
174
216
296
237
340
417
368
307
280
380
279
372
278
255
232
365
236
178
124
103
118
129
144
169
182
327
470
274
395
355
379
421
352
212
163
170
182
134
109
219
197
115
133
117
122
110
111
132
166
226
302
333
217
247
245
201
205
215
211
217
202
186
225
345
185
127
 96
106
183
202
105
107
122
333
294
288
240
214
420
329
199
290
209
254
152
160
172
294
189
111
159
 97
111
116
169
142
215
344
409
352
198
330
305
356
329
125
113
108
 90
 59
 39
 85
 69
 44
 64
 63
 78
 67
 78
 87
 84
113
136
116
110
110
129
128
 97
 66
 78
 59
 46
 28
 39
 34
 45
 35
 44
 60
 59
 60
 86
 66
114
121
 99
 93
 86
 86
 98
 88
 55
 65
 56
 44
 30
 35
 40
 37
 36
 50
 47
 58
 65
 59
 58
 73
 85
 83
 93
 73
 98
 91
 71
 90
 64
 73
 65
 38
 38
 56
 33
 43
 37
 42
 39
 57
 50
 66
 68
 62
 79
 98
117
 85
 94
116
 99
117
 85
 68
 46
 61
 27
 40
 31
 50
 59
 34
 33
 34
 42
 56
 45
 59
 71
 59
 92
 71
 54
 64
 58
 72
 72
 57
 43
 60
 48
 40
 52
 27
 49
 33
 36
 46
 68
 66
143
 81
101
 88
133
 64
 88
 64
 88
 69
 74
 69
 58
 43
 47
 54
 52
 71
 51
 40
 64
 53
 81
 92
 88
 82
106
139
105
104
 99
 93
119
 63
 88
 82
 72
 71
 41
 44
 35
 46
 49
 54
 39
 56
 77
 78
 76
 82
134
111
129
112
 96
113
 95
107
 79
 77
 75
 56
 40
 39
 68
 71
 86
 68
 59
 55
 68
 63
 75
 65
 96
112
101
 79
114
 67
 95
103
113
 74
 59
 63
 42
 43
 27
 36
123
 49
 38
163
 68
 70
 67
 87
 96
124
128
111
155
132
145
118
112
 88
 52
 66
 45
 50
 30
 69
 76
 96
 45
 65
 76
 64
 62
 69
 88
100
128
107
117
109
145
104
115
104
 82
102
 41
 50
 39
 56
 66
 47
 45
 59
 80
 62
 71
 71
 94
131
114
116
116
 79
121
115
 84
119
 86
 88
129
 60
 58
 42
 39
 35
 60
 55
 59
 54
 55
 69
105
 92
106
 96
144
111
 96
130
 94
 72
 64
 68
 44
 38
 68
 70
 48
 36
 66
 68
 68
 84
 74
 74
137
158
152
 98
125
115
 93
 93
125
 95
 66
 90
 88
 70
189
206
 95
 84
 57
 55
 56
 71
 74
 72
102
 86
 98
104
 85
103
108
112
 86
 74
 69
 42
 39
 32
 21
 39
 30
 56
 74
 58
 52
 75
 74
 82
101
101
109
106
103
100
115
104
104
 89
 52
 49
 55
 39
 49
 51
139
106
 67
 50
 76
 73
 78
124
161
119
127
112
115
104
100
121
118
 94
 68
 70
 49
 49
 46
 62
 53
 60
 67
 58
 56
 74
 65
 98
104
135
123
 97
128
138
143
124
110
102
 75
 99
 51
 62
 52
109
 81
 67
 65
 71
 78
 63
 89
244
124
153
189
112
140
108
108
106
113
 96
 81
 65
 71
 62
 58
119
123
 78
 82
 86
 52
 73
 60
 89
133
137
149
137
150
148
120
123
130
117
 87
 70
 75
 62
106
 87
 66
 65
 86
 86
 85
 79
 92
110
133
158
165
167
117
113
139
183
155
143
109
107
 81
 55
 61
 64
 82
 87
 88
 70
101
 97
 99
133
136
200
186
176
155
166
192
158
177
124
107
 89
 77
 56
 65
 93
 86
104
226
 64
 81
 99
 89
100
121
186
153
135
129
115
122
148
149
 87
111
 94
 62
 43
 40
 92
595
105
 79
255
716
134
105
105
181
233
188
132
177
135
126
131
136
 77
 66
 62
 56
 47
103
 39
 69
116
 75
 80
290
 92
 90
 77
370
305
115
 33
 54
 50
104
 55
 86
 50
 73
 54
 71
 58
 70
 82
107
138
187
105
114
 85
103
105
100
 88
 98
 78
 60
 50
 56
 60
 61
 49
 58
 71
 75
 57
 66
 75
 85
105
113
101
 91
 85
 94
111
107
 55
 80
 61
 51
 44
 40
 62
 54
 44
 60
155
 87
 68
661
113
 94
296
109
 88
102
 84
104
102
117
 93
 87
 58
 52
107
 36
 51
 51
 45
 54
 68
 48
 68
 61
 69
 86
267
190
 69
 2 
 1 
 68
 89
 99
101
 74
200
143
182
 54
182
 53
 75
 55
 63
 67
 72
 83
 73
104
161
266
290
190
314
112
128
115
116
 94
100
 65
 53
 52
 77
 71
 53
 70
 69
 71
 60
 82
 88
172
377
113
 70
 62
104
112
116
 99
 57
 63
 66
 60
 68
 65
 75
 50
 63
 47
111
 57
 65
 78
 73
 99
115
108
130
 89
 69
107
150
103
 50
 54
 78
325
199
 41
 57
 64
 50
 52
 66
 65
 75
 87
108
156
134
122
 89
 89
181
113
150
111
 77
 76
 68
 61
 46
 55
 78
 71
 56
 67
 72
256
541
322
 28
 48
 62
 71
 70
 69
101
 64
 54
109
195
126
175
110
136
 97
101
 97
 64
 81
 66
 69
 76
 85
 87
139
149
162
113
119
116
122
153
122
137
102
 93
 73
 46
 55
 73
 73
 66
 79
235
290
 82
 89
109
121
150
197
170
167
166
130
139
113
104
106
104
269
369
118
218
 75
 74
 59
 88
 73
107
107
109
152
170
163
111
175
202
174
474
463
591
350
392
285
 62
 41
109
 95
 88
 74
 83
 81
 70
 89
115
158
168
174
183
157
130
131
180
169
124
 92
118
 79
 75
 62
 97
 93
110
 71
 77
 74
 76
109
101
148
217
163
175
138
163
183
161
156
146
110
103
 63
 71
 64
129
 97
 50
 79
 78
 76
 92
462
130
150
319
352
486
121
117
103
147
105
214
 83
100
129
104
 77
 83
 85
 94
 71
 80
 82
 98
 58
 91
 78
130
159
 70
 66
 56
 78
 94
 94
 81
 81
 72
 61
 56
 76
 73
 73
 65
 84
188
 65
 62
 84
 98
147
184
145
212
263
102
113
132
115
140
108
139
136
 65
 57
104
 69
 49
 76
 62
 68
 63
 79
 81
127
138
104
 89
104
 99
113
113
133
 93
105
125
103
 86
 86
 92
120
 67
 83
 71
 88
 88
101
121
122
181
148
158
148
118
179
153
157
166
102
 96
107
112
 64
100
 88
 80
 67
 68
 76
 70
116
108
158
169
166
135
142
182
188
161
242
178
109
123
124
 96
103
153
112
 92
 95
 74
 78
101
128
117
200
611
192
145
173
179
207
187
182
183
156
160
129
137
102
177
110
 83
 88
 92
 91
 98
 98
124
150
212
230
149
158
166
185
203
181
129
126
 89
107
 57
 52
 65
 66
 73
 77
 77
 79
 84
156
229
149
207
207
190
155
176
185
172
158
125
134
100
 74
 57
 88
128
100
 72
 86
 72
 90
 74
 86
134
166
173
163
128
129
118
116
151
210
129
 98
100
 69
 55
 43
 55
 47
 60
 68
 56
 63
 66
111
130
182
189
142
109
131
137
152
172
151
133
112
 88
 79
 71
 51
 63
 65
 62
 62
 63
 89
 92
103
133
203
214
152
109
 98
123
174
153
130
108
 97
 94
 77
 54
 59
 54
 64
 64
 72
 68
 83
 70
 86
 92
162
175
143
 28
158
182
170
336
147
 91
 89
 72
 66
 94
 83
 89
 73
 85
 81
 86
111
177
171
213
190
122
123
102
144
164
132
157
154
137
100
 68
 71
 97
 78
 86
112
128
134
135
180
308
318
414
391
333
293
256
270
211
173
126
138
142
104
 69
 42
 63
 75
 61
119
 83
 94
 87
160
185
236
292
325
228
223
241
238
214
191
143
111
 94
 68
 74
 75
 69
 89
 60
 71
 90
 74
 80
117
142
165
225
166
146
112
 93
143
165
161
133
135
113
 86
 62
 53
 46
 73
 75
 65
102
 93
 86
 99
122
170
213
159
145
119
101
126
146
138
142
129
104
 67
 66
 87
 78
 72
 73
 69
 72
 81
 98
124
144
182
185
164
145
157
133
117
152
143
136
125
 95
 83
 54
 62
 59
 69
 74
 89
 65
105
 80
125
135
158
203
174
107
 93
 97
131
141
140
125
141
101
 84
 68
 56
 64
 46
 87
 75
 71
 88
 94
103
138
142
181
161
111
104
111
104
131
137
102
 89
 85
 74
 67
 52
 74
 79
 96
 71
 67
 72
 93
113
130
168
190
196
151
171
130
148
148
161
123
106
118
 88
 87
 92
124
120
133
102
 85
106
107
115
137
165
167
151
162
122
151
143
138
129
136
 84
123
 60
 61
 58
 71
 79
 71
 83
168
 74
104
 89
121
147
181
132
131
107
116
114
126
168
128
112
 78
 75
 56
 57
 63
 73
 75
 97
 97
 97
105
126
151
158
211
173
137
112
 91
184
107
113
144
122
126
 91
112
 70
 86
100
116
 93
106
105
102
118
147
198
215
174
155
157
140
168
137
157
119
131
114
 96
 92
 68
 81
 70
 90
 96
110
118
113
 91
141
161
195
205
190
137
126
158
186
226
146
175
163
137
113
 97
 89
132
124
111
 97
129
107
142
172
178
197
231
201
204
173
157
239
214
151
188
201
167
151
145
269
184
170
118
122
141
118
160
186
301
274
322
212
229
250
214
258
251
130
118
128
113
 97
 84
161
 95
 95
 80
 92
101
114
114
119
162
203
214
202
152
182
163
165
199
142
159
121
 96
 83
 81
 67
 95
 74
 91
 85
 85
198
214
212
308
211
362
465
119
113
186
233
112
199
148
 94
 90
 81
 62
 94
122
124
110
118
134
124
149
144
204
203
218
207
193
177
184
169
165
156
133
116
143
141
100
117
112
107
103
126
126
132
132
150
164
201
220
 35
120
139
126
129
107
119
104
 82
 75
 86
 99
110
118
144
116
134
138
157
214
311
310
183
251
133
201
342
224
145
165
145
127
107
109
136
140
126
145
123
148
127
163
166
183
266
255
188
198
200
181
163
188
139
141
110
108
106
 80
102
142
102
115
106
135
128
156
148
230
239
373
225
241
157
191
192
198
137
198
172
168
202
 84
527
228
246
 89
101
 94
105
112
170
180
231
457
545
298
146
376
120
129
108
156
 37
 22
 9 
 0 
 13
 0 
 70
 94
 85
 99
 51
 82
 91
 81
139
135
778
646
495
103
112
167
163
179
151
 95
104
104
111
112
 91
 71
 92
 72
 90
 64
121
120
220
195
 96
124
104
121
121
140
156
225
146
139
123
154
130
 93
107
104
 80
 86
 96
 86
 97
106
 98
111
116
125
139
111
124
215
212
228
233
194
169
142
127
142
107
123
137
103
123
 80
151
 88
101
 98
129
168
122
115
115
154
164
192
153
138
122
123
111
 92
 70
 82
 80
 63
 80
 72
 76
105
100
 91
122
117
120
234
181
146
142
171
126
118
 87
107
105
 89
 74
 64
 78
 59
 60
 56
111
 76
335
369
115
146
122
 95
129
122
117
119
120
112
111
 94
132
105
355
220
 73
 66
 67
 72
 79
 22
 0 
113
190
174
154
152
154
156
137
167
202
422
306
307
159
184
180
195
197
208
244
208
142
134
184
169
195
153
113
149
101
 84
 69
 72
 84
 81
 98
 95
122
138
135
148
171
175
191
144
139
129
113
 83
 86
 83
 78
 52
 64
 60
 65
 80
 82
102
104
127
154
128
152
145
163
161
205
163
126
165
147
120
108
103
101
 91
 82
 68
 70
107
102
108
 86
139
144
146
168
160
197
189
189
148
201
204
232
202
234
140
156
138
106
135
125
140
155
140
116
167
146
169
224
194
261
319
315
254
292
175
158
175
181
 79
 67
 54
 47
 50
 50
 77
 55
 62
 77
 92
 99
120
120
113
135
145
117
100
 94
 76
 74
 81
 69
 58
 51
 85
 78
 51
 51
 59
 64
 77
 71
 93
117
104
 96
125
113
111
 99
 84
 81
 70
 79
 81
 60
 65
 54
 76
 57
 58
 52
 74
 71
 59
 68
108
 82
110
130
131
129
176
114
 78
 97
 67
 77
 66
 57
 65
 48
 51
 64
 62
 60
 68
 52
 72
 68
126
117
115
131
103
108
109
113
 94
 74
 67
 68
 61
 67
 57
 60
 60
 50
 66
 59
 73
 74
 70
139
118
141
121
140
170
174
138
144
102
115
119
111
 74
 95
 86
 68
 63
 63
 64
 64
 55
 61
 73
 64
 93
129
134
124
116
114
105
104
 87
 84
 87
 64
 71
 68
 56
 51
 61
 63
 54
 64
 66
 90
 76
 72
 87
 99
118
109
136
146
141
130
112
112
 97
 94
 94
 73
 79
 79
 66
 69
 43
 50
 64
 68
 62
 67
103
114
112
114
 92
111
117
 91
 63
 82
 64
 57
 61
 89
 53
 76
 63
 57
 56
 52
 53
 76
 62
 63
 86
107
 98
125
102
137
110
167
100
101
 84
 75
 70
 98
 91
 80
107
 91
 81
 71
145
 75
 92
 62
 83
118
 95
114
108
118
133
110
 91
 92
 86
 83
 86
100
 79
 78
 66
 64
 75
 58
 96
 62
 89
 66
 83
 57
119
113
110
124
130
121
 96
105
 83
 67
 79
 91
 73
 77
124
 58
 89
 59
 67
 90
 54
 57
 78
 88
100
122
122
125
130
132
125
 97
 82
 90
 84
104
 80
 98
 93
 43
 0 
 90
 65
 97
 95
 66
101
 55
 54
 68
 51
 60
 62
 90
 86
 84
 81
103
109
110
164
170
177
123
142
109
 73
 77
 96
 76
 68
 80
 61
 67
 49
 45
 56
 56
 72
 47
 54
 83
 86
 81
108
123
147
210
134
173
160
145
135
146
128
120
125
154
111
182
153
101
 91
115
122
123
165
131
196
205
308
245
187
199
191
167
133
121
 99
127
125
136
185
189
179
112
 81
107
 93
132
129
140
173
324
427
394
411
361
433
359
361
265
269
224
276
480
381
476
411
291
204
228
273
241
310
305
392
502
595
517
287
286
250
317
305
278
254
221
246
231
245
297
232
168
155
246
191
181
232
230
312
390
403
395
310
285
254
307
267
232
262
262
225
225
232
328
261
199
150
285
163
177
239
239
320
364
340
251
199
172
265
198
239
202
166
223
184
211
188
191
185
148
 97
300
184
168
165
199
232
282
300
231
262
264
275
290
238
210
181
167
192
164
160
223
199
161
121
183
186
138
149
161
272
332
327
213
232
216
144
173
229
211
218
233
204
181
181
243
209
155
115
147
158
148
151
198
231
394
328
 88
201
406
402
296
255
246
224
254
192
177
243
297
321
198
235
180
212
187
179
262
278
279
383
403
350
290
368
348
309
222
241
288
206
250
182
272
231
141
126
146
188
186
179
165
205
305
367
327
310
261
270
244
268
205
214
241
212
183
196
242
167
163
158
142
160
168
151
190
281
275
362
266
299
211
243
198
271
176
206
238
212
217
201
234
227
157
147
150
157
157
157
216
269
333
396
160
120
145
159
199
225
222
220
198
243
215
235
294
246
217
188
158
197
179
190
231
268
429
454
348
426
345
398
339
354
249
283
322
273
261
294
296
285
232
176
137
170
156
159
213
212
277
401
352
323
445
442
265
170
274
213
236
207
193
238
208
245
207
200
131
157
162
168
184
220
297
442
272
262
223
240
234
178
186
230
184
204
177
238
202
253
128
148
123
155
174
186
236
280
372
401
520
300
259
284
231
214
288
192
200
233
213
188
286
201
161
122
166
143
144
172
194
215
364
321
391
314
377
393
294
312
305
311
292
317
268
286
369
268
156
113
138
 88
 70
310
312
280
288
271
314
253
282
197
299
276
367
337
249
115
153
160
175
182
155
213
285
362
312
389
 66
 0 
143
290
268
248
231
222
220
210
254
231
161
100
154
105
124
104
129
188
234
366
292
280
291
198
218
185
240
139
167
203
154
160
195
185
165
131
134
125
142
123
152
375
356
479
360
298
180
258
297
245
230
201
214
161
173
145
245
197
168
150
114
131
143
126
164
264
328
342
322
255
371
311
278
265
240
222
313
251
242
187
345
219
156
138
165
156
149
141
171
178
316
301
307
282
258
282
295
270
327
231
272
240
180
199
368
247
175
144
107
107
118
124
154
181
155
241
 83
195
192
139
166
129
187
175
126
135
 93
103
153
374
261
222
314
294
155
268
244
244
222
268
215
182
184
117
129
164
225
204
172
103
119
106
110
118
120
147
175
195
210
195
159
223
267
195
167
134
208
158
108
159
227
248
127
141
 94
120
 92
106
101
138
180
207
189
219
231
190
181
205
128
128
129
114
127
161
230
235
130
103
 99
127
101
108
143
193
337
298
264
253
208
190
211
220
 72
173
134
124
149
111
182
216
128
 89
 96
103
121
121
114
145
239
284
302
246
255
292
278
242
198
201
206
138
240
187
352
207
259
124
113
113
121
172
165
209
281
316
357
389
302
351
381
370
240
180
342
480
330
234
345
266
314
116
129
119
120
132
186
416
582
345
266
248
175
240
200
242
244
152
204
164
146
157
320
494
449
221
150
115
192
579
200
156
423
299
236
279
199
236
218
214
189
180
220
138
157
139
270
189
142
201
119
106
119
115
148
174
237
265
241
288
223
225
246
220
249
228
244
267
201
132
299
186
145
152
330
109
110
119
127
176
224
281
268
176
213
184
233
190
162
175
174
145
158
156
226
208
135
131
161
146
119
147
120
151
260
298
248
276
295
282
255
271
257
241
222
249
210
184
286
176
138
112
 86
113
162
135
156
156
157
302
300
296
282
336
223
270
190
202
267
168
133
150
194
142
129
107
 96
111
127
139
130
115
187
182
208
203
193
224
218
234
189
144
149
193
136
112
229
179
151
102
100
116
106
129
166
177
271
259
210
260
264
208
199
196
168
152
154
117
115
124
150
156
125
 71
 77
101
 97
132
127
125
203
218
170
168
172
194
164
164
168
130
155
126
103
 99
176
149
137
 93
 87
101
 99
104
121
138
254
338
235
232
189
188
233
231
224
 66
 0 
 29
118
222
208
160
158
166
137
161
193
225
210
139
120
 92
 95
 98
113
140
164
220
270
181
265
217
193
217
215
198
184
211
186
153
150
250
218
151
 91
107
 93
 96
109
130
159
241
232
201
173
180
222
189
203
153
167
156
150
156
116
147
152
 83
 64
 77
 79
125
 81
117
161
217
189
175
219
157
216
158
177
179
178
203
128
175
111
200
139
130
 72
 93
 93
117
111
119
134
181
208
201
208
222
191
188
176
156
144
149
138
169
100
204
134
126
 73
103
130
109
114
131
150
204
228
211
230
238
204
227
156
171
180
167
179
126
127
190
130
147
 95
106
125
118
111
148
199
251
264
230
283
258
214
227
246
170
163
193
160
161
149
220
211
148
100
106
108
118
136
169
194
273
251
206
304
251
296
266
265
244
175
223
201
173
168
243
182
108
 57
 82
102
 91
 86
 98
121
232
235
156
153
281
238
201
153
122
104
130
134
129
206
231
172
101
 73
 70
115
 94
180
197
243
383
356
382
290
318
376
280
497
288
447
281
246
175
154
343
244
144
109
133
114
165
185
169
256
282
405
375
391
435
358
342
331
260
280
296
206
215
283
351
371
137
104
183
201
218
268
208
278
296
462
305
385
360
312
327
262
271
249
321
253
224
204
277
288
214
 97
222
140
 82
263
286
520
385
526
305
358
375
469
362
342
334
347
355
302
340
317
469
388
361
187
227
183
201
244
211
247
390
350
305
283
304
424
415
395
342
252
351
290
241
178
245
202
132
101
126
110
125
136
148
189
213
305
309
289
298
255
288
274
261
240
216
226
172
167
205
254
164
146
100
133
111
169
206
272
324
416
429
295
300
343
327
263
278
242
265
205
165
194
231
254
176
 94
157
103
139
177
179
217
332
336
453
414
325
375
335
303
311
275
365
350
152
407
495
593
244
283
235
226
233
210
237
274
467
478
485
433
476
572
545
601
634
623
584
446
481
376
411
312
294
184
212
210
187
225
264
250
267
345
268
335
282
265
262
224
197
203
179
183
139
395
811
719
233
121
574
209
743
850
432
217
248
392
295
313
323
345
310
433
465
296
322
302
303
263
404
284
215
151
174
191
226
205
198
330
354
448
421
385
296
325
251
440
255
261
349
267
191
311
386
277
183
131
124
149
137
159
182
217
286
370
337
306
272
252
323
298
281
245
294
220
234
231
308
232
125
 96
100
105
130
110
156
152
285
299
219
328
241
233
238
230
229
199
215
131
163
147
286
233
128
119
105
107
107
115
155
205
334
339
322
276
220
253
226
165
210
211
220
172
187
164
219
171
110
128
 75
108
116
118
149
150
226
238
229
238
206
212
255
 58
120
201
198
228
169
195
225
226
153
116
178
108
114
178
132
154
230
346
296
187
 16
225
237
 33
 3 
 4 
138
206
298
351
357
505
684
566
222
235
259
250
297
353
381
461
366
407
440
375
348
178
367
349
344
327
356
287
369
338
280
214
246
249
274
293
277
261
351
381
390
354
465
444
451
318
381
363
295
354
394
418
614
603
392
353
340
335
347
337
368
372
348
467
491
401
369
424
355
345
331
229
349
327
294
291
266
250
136
128
102
105
 94
132
151
195
242
308
325
236
270
259
313
250
172
200
200
237
168
178
358
272
156
118
180
230
242
171
307
402
385
324
420
394
422
422
378
345
568
370
380
420
348
380
385
397
255
303
480
368
146
348
390
270
221
284
372
218
348
448
261
259
284
185
203
246
211
221
255
323
352
232
181
205
610
460
529
634
243
120
 6 
 46
 7 
 12
142
307
326
400
422
221
195
169
191
311
203
166
 97
114
105
131
148
172
210
311
269
287
289
257
337
272
281
234
228
288
223
367
243
251
659
452
507
139
148
211
373
124
422
353
233
265
330
425
398
260
198
188
148
200
146
156
130
202
149
121
121
 76
 83
116
117
139
163
208
215
299
595
566
268
589
233
175
205
280
236
178
144
184
147
126
110
 82
 97
112
117
147
177
294
304
311
229
172
208
262
219
230
191
187
280
255
180
294
213
 92
108
 77
138
119
163
194
164
288
374
291
263
222
256
180
215
146
174
337
304
438
226
267
199
181
178
159
195
195
190
186
392
423
464
353
297
321
378
344
224
 31
 26
 58
243
362
214
286
224
146
188
164
231
218
279
262
278
351
411
269
276
205
370
383
405
314
363
355
342
330
166
 82
 85
103
 67
 79
 55
 72
109
 89
104
135
130
141
128
 99
112
100
121
 89
102
 80
 68
 84
 71
121
149
 66
 69
 65
 78
 98
 86
114
107
129
111
123
101
 92
104
108
106
 80
 88
130
 89
 86
 91
144
 95
 95
 77
 66
 77
 81
 97
101
121
155
127
132
140
150
129
151
116
 81
106
125
108
 98
 72
 70
 75
 74
 34
 44
 49
 72
 87
122
140
202
202
186
156
186
252
179
179
103
136
147
154
117
137
171
146
 71
 79
 88
123
152
202
425
214
288
334
256
233
218
218
199
181
145
185
179
160
181
184
217
210
 83
 75
114
126
129
157
165
157
231
233
213
223
250
264
313
249
151
195
195
170
189
248
271
224
155
182
187
213
208
137
147
170
186
230
278
206
242
135
150
224
167
108
126
137
112
140
189
109
102
109
117
106
118
156
318
385
375
191
472
269
202
177
265
189
163
216
202
163
161
161
100
159
112
 61
 81
 84
104
110
101
111
164
208
140
175
227
200
275
187
137
163
166
157
158
144
174
124
 77
 88
 93
109
106
122
154
144
253
313
297
281
160
189
214
184
134
145
163
221
150
127
180
115
107
 74
 78
 97
124
134
163
196
225
241
233
283
128
 74
270
178
 40
 51
 33
 37
 32
 36
 39
 24
 42
 81
 77
 88
 86
 90
136
326
611
400
155
162
168
169
131
124
102
102
114
113
116
117
117
111
 65
 66
 55
 61
 79
104
111
147
148
151
263
188
156
224
157
155
102
164
101
226
216
168
142
144
101
 80
 76
112
109
117
116
119
200
167
214
184
154
137
152
137
138
118
141
150
116
142
173
165
120
 80
 86
 89
 88
122
119
162
185
262
213
192
218
167
171
173
125
286
182
362
308
335
348
320
245
258
262
255
224
274
261
193
222
250
198
187
223
178
120
145
110
144
144
104
164
113
152
151
 87
 93
 73
 83
 97
126
126
146
203
310
303
370
349
354
223
185
246
246
258
253
203
183
127
140
 84
 84
 70
 98
 90
111
109
169
144
136
158
169
197
174
151
142
135
117
114
125
 89
136
165
149
 73
 67
 71
 63
 87
104
112
126
151
162
142
180
153
128
117
130
 72
107
144
 96
102
107
110
100
 55
 67
 72
 60
 72
108
 98
110
165
174
192
201
175
181
154
148
 95
158
128
143
105
129
203
120
 95
 98
 66
 81
 92
219
257
114
145
154
275
355
387
350
454
301
293
270
328
434
353
356
365
318
230
272
490
232
188
221
202
210
194
224
219
189
177
165
163
159
124
 91
129
137
121
 98
123
 93
162
142
 62
 97
109
135
113
164
196
219
288
291
262
241
312
345
411
402
309
325
143
128
152
107
 91
 74
 52
 69
 82
109
116
130
145
172
183
185
182
163
197
158
169
300
257
148
134
 92
117
139
219
 60
 62
 64
 79
 91
 91
151
130
106
112
132
132
115
136
104
106
152
173
110
100
 88
129
 80
 60
 59
 61
 91
123
167
136
139
192
261
177
183
183
124
 97
121
 96
111
220
115
 95
 95
111
116
 56
 50
 55
 74
 91
 84
 87
 92
157
123
 39
 1 
 1 
 42
 87
 94
131
118
 94
146
119
 94
 76
 66
102
100
118
127
117
145
133
141
 71
123
 80
 90
107
 85
 89
 65
 97
 74
 88
131
143
113
 75
 78
108
109
141
110
166
252
285
221
311
273
327
220
203
167
162
199
225
193
192
289
261
154
104
 93
122
138
173
172
189
327
295
253
281
265
273
261
216
190
214
203
251
174
185
232
236
140
133
109
129
157
143
185
204
332
361
304
306
297
224
236
220
168
175
145
207
144
145
130
132
174
 63
 68
 86
114
129
163
185
295
267
303
402
192
222
234
175
189
142
133
152
127
 66
105
 83
 63
115
195
147
111
218
101
 64
116
115
108
118
 83
 87
105
 74
 47
 62
 44
 67
 46
 58
 82
 94
 55
 56
 60
 51
 68
 83
 89
103
122
124
153
115
134
 98
141
107
 89
125
 48
 46
 58
 56
142
178
161
101
 73
 65
 62
 81
 63
 99
 89
 90
105
108
 91
 83
 68
 87
 73
 75
 88
126
108
 99
108
139
 96
 49
102
107
 63
 63
 70
 67
 72
 61
 60
 63
 47
 51
 31
 39
 33
 32
 59
 60
 45
 62
 86
 95
 84
 53
119
121
196
194
151
216
215
254
228
267
300
163
234
393
279
 46
 37
 45
 51
 64
 94
112
128
112
118
128
136
163
131
103
173
148
148
134
 78
 59
 55
121
124
 51
 66
 70
 58
 64
 97
145
100
118
164
145
190
202
219
317
289
250
208
210
150
132
 61
 59
 55
 76
 78
112
120
171
220
272
142
190
120
152
243
276
318
297
216
229
187
120
143
 99
 78
 90
 59
 41
 86
152
132
125
154
143
124
115
 96
104
149
134
145
131
111
130
 94
 87
102
 73
 80
 66
 50
 53
 54
 46
 46
 59
 78
 71
 55
 52
 77
 53
 81
 92
 87
174
102
 95
110
 84
 83
 89
 83
 84
 63
 68
 74
 70
 67
 63
122
 99
 68
 59
 53
 65
 69
 81
 82
 39
 56
 60
 65
 57
 53
 56
 30
 35
 25
 18
 18
 21
 20
 15
 22
 15
 18
 15
 33
 32
 36
 20
 30
 31
 33
 28
 80
 52
 36
 21
 35
 13
 17
 10
 8 
 5 
 7 
 12
 9 
 7 
 18
 11
 24
 26
 29
 34
 26
 18
 25
 23
 25
 33
 28
 23
 25
 24
 21
 5 
 7 
 6 
 10
 8 
 17
 24
 25
 25
 13
 39
172
173
 35
 15
 48
 30
 35
 31
 25
 29
 38
 20
 60
 43
 42
 47
 31
 12
 22
 14
 19
 27
 35
 65
 52
 44
 60
 37
 31
 57
 50
 31
 37
 14
 23
 24
 38
 64
 89
 91
 63
 66
 89
 51
 37
 51
 41
 62
 77
 60
 60
 62
 73
 55
 68
 84
126
 69
 61
 56
 70
 62
 52
 51
 61
 79
 71
 63
 75
 81
 69
 56
 52
 72
 86
 70
 79
 96
 93
110
125
218
137
445
666
 87
137
 65
 59
278
340
270
165
 61
 41
 52
 49
 72
 67
 93
135
173
165
115
138
 88
 99
 78
 70
 67
 66
 53
 44
 55
 62
 60
 54
 57
 47
 70
 75
 75
 68
 84
 67
 57
 75
137
128
107
111
118
 85
 63
 46
 58
 57
 52
 77
 53
 63
 51
 67
 73
 72
 82
 92
 89
 75
 79
103
114
238
234
277
323
353
199
230
187
 62
 56
 52
 62
 49
 41
 53
107
 80
 66
 64
 71
 62
 74
 88
 79
 59
 80
 72
 69
185
 56
 34
 95
 42
 49
 49
 45
 35
 51
 49
209
 48
 65
 58
 66
 83
 86
 85
132
139
107
 95
 70
138
 64
 87
 79
 88
 68
 71
 68
 47
 74
 70
 76
113
102
103
 98
175
146
122
169
148
107
121
105
 72
 98
 94
108
 57
114
103
105
103
 86
 82
 67
 79
 75
 91
 71
128
107
126
138
 82
 82
 93
 69
 74
 75
127
123
 72
101
234
 69
215
437
496
390
317
381
386
257
219
128
112
 81
 85
 80
219
 54
 78
101
 56
 38
 33
 39
 45
 81
271
109
