 37
 39
 47
 81
 57
 65
 72
 38
 77
 57
 53
117
187
112
 54
 58
 28
 22
 22
 24
 23
 36
 26
 27
 22
 28
 39
 43
 66
 65
 30
 54
 46
 60
 46
 55
 63
 42
 32
 32
 23
 22
 19
 25
 30
 34
 36
 34
 43
 44
 68
 52
 51
 66
 43
 49
 41
 59
 36
 39
 43
 40
 35
 38
 23
 26
 37
 38
 48
 46
 35
 26
 38
 50
 54
 85
 84
 73
 71
 51
 80
 46
 67
 60
 49
 47
 46
 40
 33
 38
 38
 26
 45
 28
 45
 31
 31
 34
 41
 59
 61
 79
 48
 37
 54
 48
 44
 47
 53
 39
 48
 38
 59
 45
 80
 39
 36
 49
 36
 32
 29
 33
 36
 38
 28
 33
 29
 30
 30
 25
 38
 20
 14
 25
 13
 14
 7 
 7 
 5 
 6 
 12
 38
 52
 19
 26
 26
 29
 53
 39
 34
 43
 36
 40
 41
 75
 60
 76
 64
 64
 48
 51
 44
 60
 51
 36
 58
 52
 29
 40
 41
 63
 70
 84
 88
 88
 86
 92
 97
118
 89
 68
129
 97
 91
 68
 57
 94
 55
 69
 69
 52
 55
 42
 66
 91
 80
138
129
156
165
193
210
163
126
213
214
170
127
112
 93
 92
 51
 72
 61
 64
 40
 56
 49
 67
 77
 91
 98
 67
 98
122
102
141
111
 87
 84
 77
 74
 50
101
 65
 60
 62
 70
 74
 44
 45
 47
 82
 96
 82
 99
 76
124
142
160
177
121
109
133
 99
 76
104
103
103
 70
 50
118
114
 68
 62
 49
 70
 79
107
 81
 68
106
115
100
 82
 78
 72
 65
 78
 42
 55
 42
 76
 43
 45
102
 40
 96
 49
 44
 63
100
 93
 85
 92
 99
102
100
 96
166
183
115
136
103
 88
138
 96
 88
 81
123
109
 55
 50
 81
 65
 90
102
 98
127
110
154
116
174
177
188
159
164
 68
 79
 90
 86
 77
 95
106
 58
 66
 55
 62
 61
 86
112
 81
122
162
157
229
132
149
138
210
119
 69
 78
 77
 93
 39
 59
 57
 50
 45
 37
 37
 55
 71
 57
 79
 89
 79
108
126
104
 99
118
104
274
138
155
141
447
717
727
841
832
707
798
 77
104
 96
121
 92
 99
176
200
120
125
156
119
155
168
107
 69
117
124
 72
 72
123
145
 75
 64
 58
 83
 77
 79
 87
 84
111
212
177
168
230
241
145
163
 92
121
163
102
 79
 83
130
134
119
 72
 57
 88
 86
100
 91
122
199
142
135
198
138
178
114
127
171
116
190
160
117
106
183
151
 88
 69
 65
 68
 79
111
 93
124
145
154
162
148
116
 76
 43
 22
 13
 16
 35
 45
 36
 33
 37
 43
 40
 48
 43
 55
 47
 60
 59
 74
 73
118
109
102
 57
 46
 48
 69
 46
 73
 55
 46
 35
 43
 35
 56
 54
 46
 41
 40
 75
 88
 90
412
776
816
847
636
158
 72
 76
 84
 64
 59
 59
 47
 44
 50
 87
 95
 78
 60
 53
 71
 66
 63
 62
 51
 36
 25
 31
 25
 20
 14
 23
 13
 2 
 0 
 25
 82
 53
 65
 26
 26
 22
 24
 21
 23
 45
 22
107
 25
 19
 35
 35
 54
 50
 84
 92
122
 88
 92
120
153
114
 89
 85
 67
 72
 61
 28
 43
 76
 43
 25
 45
 73
 58
 65
 73
 68
127
173
242
162
180
160
173
125
137
 69
119
137
108
 94
 71
153
145
 66
 55
 45
 53
 79
109
 60
 83
214
289
183
197
150
212
193
101
 51
113
 74
 83
 30
 26
 68
 58
 42
 19
 17
 21
 23
 55
 35
 46
 74
 97
159
237
132
 94
 67
 50
 78
 40
 27
 32
 42
 48
 63
 74
 33
 31
 26
 33
 38
 34
 51
 49
 38
 63
 78
243
155
143
 76
 64
 38
 53
 25
 42
 31
 21
 48
 42
 25
 23
 40
 35
 31
 43
 25
 58
 45
 53
 57
 74
177
164
102
 87
 57
 37
 31
 23
 68
 45
 91
 44
 83
144
212
234
261
412
401
360
338
322
389
322
484
461
528
499
534
 95
 78
179
 71
 55
 56
 54
 51
 46
 39
 38
 55
 44
 61
100
105
201
162
118
 72
167
 82
 90
 41
 39
 43
 39
 20
 33
 71
 70
 34
 24
 48
 34
 68
 33
 52
 36
171
107
 65
 76
 78
141
 97
 66
 21
 23
 10
 12
 10
 4 
 14
 42
 19
370
 28
 31
 67
 69
 77
 84
 98
171
230
107
198
149
215
 88
 54
 76
 97
 65
 41
 39
 38
 27
 14
 21
 17
 29
 12
 12
 10
 4 
 3 
 7 
 11
 13
 3 
 2 
 8 
 4 
 3 
 5 
 18
 1 
 7 
 14
 12
 10
 17
 17
 13
 24
 27
217
107
413
832
102
517
 27
 29
 18
 27
 18
 8 
 9 
 56
 6 
 4 
 6 
 5 
 10
 11
 8 
 18
 15
 17
 25
 18
 16
 24
 17
 19
 20
 26
 23
 22
 36
 52
 52
 44
 76
 50
 42
 87
 58
 42
 38
 36
 35
 44
 47
 63
 59
110
173
167
158
 82
 70
 91
 96
 52
 60
 44
 45
 29
 49
 73
 70
 52
 23
 29
 34
 31
 48
 38
 69
 60
 84
150
103
139
104
126
 80
106
 84
135
 80
 22
 57
 89
 48
 48
 64
 27
 24
 24
 41
 66
 44
 7 
 11
 6 
 6 
 6 
 7 
 9 
 10
 6 
 11
200
105
 68
 47
 76
105
 22
 29
 39
 55
 38
 67
 69
 77
100
145
 96
107
115
 96
 81
 73
 57
 53
 89
 56
 56
 50
 76
 84
 45
 46
 56
 55
 43
113
 83
 62
118
138
137
105
145
 83
172
191
 82
 80
127
 80
 25
 23
 41
 39
 17
 16
 24
 30
 42
 41
 52
 44
 71
 62
 54
 74
 77
 51
 58
 41
 37
 27
 32
 20
 37
 31
 99
188
141
 25
 38
 44
 39
 53
 48
 32
 72
 70
 70
 71
 68
 70
 89
 71
 56
 53
 31
 31
 43
 55
 61
 95
 56
 47
 33
 44
 52
 53
 61
 50
 63
144
345
193
119
183
119
135
158
 97
131
 89
196
 23
 55
 50
 61
 36
 37
 43
 33
251
 72
281
111
166
141
184
346
337
116
131
151
108
177
141
 36
 68
122
 50
 39
 33
 46
 43
 33
 42
 77
 35
 72
101
107
132
 92
102
 86
 66
 59
 39
 19
 41
 28
 36
 69
 60
 26
 22
 42
 41
 37
 60
139
 67
111
105
117
 95
115
123
109
 82
 58
 39
 48
 26
 39
 31
 51
 50
 28
 27
 30
 47
 47
 46
 59
 52
 76
110
 94
 76
 83
114
 70
 83
 63
 44
 55
 54
 35
 19
 32
 55
 29
 30
119
 69
231
118
114
 74
117
321
139
 73
 54
 47
 73
 39
 38
 58
 95
 77
 68
 56
116
 86
 83
 25
 39
 34
 47
 43
 38
 35
 49
 63
 58
 61
 64
 56
 42
 35
 46
 30
 29
 20
 18
 19
 66
 25
 32
 87
 39
 29
 45
 58
 32
 41
219
121
131
151
116
173
149
108
 91
 82
 90
 76
 65
 45
 64
 61
 51
 16
 49
 62
 50
 70
 74
112
178
152
147
163
 82
152
108
 59
 70
 89
 70
 67
111
 83
 53
 75
 27
 34
 43
 45
 61
 61
 38
104
182
175
167
222
178
131
119
148
 72
 95
144
 66
 62
 96
 67
 63
 42
 24
 30
 55
150
 83
 87
120
160
129
103
140
134
 92
 96
 98
 39
 78
 61
 58
 34
 39
 57
 90
 37
 33
 35
 54
 63
 63
 49
 49
119
108
121
351
 90
 81
 72
 62
 63
 42
 44
 36
 35
 45
 83
 77
 35
 31
 18
 40
 32
 37
 41
 82
 86
130
124
117
 73
 84
 77
 59
 33
 38
 33
 30
 38
 38
 51
 51
 34
 24
 46
 33
 40
 63
 82
 67
119
137
164
197
 92
217
112
 82
 83
 49
 55
 64
 37
 28
 92
133
 46
 23
 24
 45
 37
 38
 39
 34
 48
 36
 58
 58
 49
 41
 43
 44
 25
 30
 27
 33
 18
 11
 30
 28
 27
 31
 34
 40
 43
 39
 37
 62
 90
 95
 70
 85
 58
 79
 62
 73
 44
 53
 62
 62
 32
 50
123
 29
 36
 50
 37
 94
 44
 61
 36
 90
145
119
135
122
162
129
103
141
 56
105
 86
 79
170
 46
 74
119
 48
 41
 48
 48
 81
 74
 76
 53
158
134
161
119
171
173
120
106
 71
 88
 76
101
 92
 43
 91
 69
116
 50
 48
 56
 68
 70
 72
 77
183
174
189
161
141
218
139
 91
 87
 56
 81
 61
 62
 53
 88
 74
 63
 51
 54
 57
 62
 94
 87
102
173
199
211
253
 76
 85
 68
 40
 57
103
 18
 21
 46
 33
 59
 63
 66
 57
 62
 44
 59
 49
 75
 79
115
 89
139
113
 94
 78
 38
 25
 21
 6 
 9 
 6 
 18
 38
 64
 43
 47
 49
 45
 33
 47
 48
 55
 38
 71
106
112
121
 88
120
103
104
 59
189
 49
 57
 61
 89
 89
116
 41
 40
 25
 44
 61
 66
 70
 81
108
186
231
119
 84
123
 78
 93
 94
 32
 49
 16
 13
 3 
 7 
 15
 29
 32
 31
 58
 34
 46
 60
 96
 87
122
128
116
 90
 94
 75
 33
 16
 21
 21
 10
 16
 24
 31
 29
 27
 28
 25
 22
 49
 44
 58
 51
 43
 61
 32
 48
 35
 36
 38
 32
 19
 31
 26
 19
 13
 50
 33
 33
 21
 17
 24
 28
 33
 49
 28
 24
 29
 46
 47
 29
 28
 30
 27
 40
 21
 10
 11
 12
 13
 11
 12
 22
 23
 18
 29
 23
 24
 36
 34
 23
 35
 49
 35
 31
 26
 31
 15
 26
 17
 12
 12
 13
 17
 20
 23
 31
 21
 22
 27
 32
 31
 34
 28
 28
 33
 55
 44
 27
 26
 44
 35
 20
 39
 21
 19
 23
 11
 23
 17
 15
 10
 17
 16
 15
 24
 25
 27
 47
 41
 51
 36
 45
 33
 26
 27
 27
 57
 27
 29
 13
 25
 31
 24
 38
 14
 20
 31
 30
 31
 46
 97
119
 95
138
 85
 73
 69
 60
 66
 44
 48
 30
 43
 39
 23
 44
 40
 98
 16
 73
 41
 49
 55
 51
 47
114
145
151
130
 98
 51
 78
 81
 89
 67
 57
 26
 40
 13
 32
 42
 37
 33
 45
 33
 24
 29
 33
 43
 92
 80
120
 70
 84
 87
 84
 97
 92
 53
 46
 28
 14
 29
 70
 34
 34
 31
 22
 31
 37
 49
 57
 44
 90
117
122
134
 88
 81
120
 66
 98
 91
 58
 42
 59
 36
 80
 43
 44
 24
 21
 22
 37
 45
 28
 73
 40
 53
109
 74
 44
 38
 45
 35
 36
 40
 31
 13
 13
 13
 14
 11
 19
 11
 35
 35
 31
 37
 37
 49
 46
 34
 68
 47
 43
 45
 54
 33
 49
 41
 29
 27
 61
 39
 53
 32
 30
 28
 48
 44
 45
 58
 69
103
179
150
117
195
 97
130
159
120
108
 60
 55
 47
 35
 29
 31
 42
 29
 37
 36
 44
 39
 49
 30
 83
 94
158
116
 58
 63
 40
 58
 40
 42
 32
 19
 28
 34
 24
 86
 50
 33
 30
 35
 40
 49
 29
 25
 49
120
138
 93
123
 96
219
 70
 88
 76
 67
 60
 44
 35
 50
 67
 43
 20
 40
 21
 35
 31
 40
 42
 38
 90
111
109
 60
 71
 62
 85
 82
 62
101
100
 84
102
 64
100
 68
 95
 21
 26
 36
 34
 43
 54
 41
 91
113
 71
 83
 71
 61
 65
 56
 47
 37
 35
 28
 32
 15
 56
 41
 24
 24
 30
 33
 25
 41
 51
 65
156
130
 73
 78
 77
 69
 49
110
 83
101
118
116
 75
 80
 89
 93
126
101
135
265
309
406
196
176
157
139
169
 91
110
138
 82
 90
124
130
121
106
 74
 78
101
 91
 87
 95
121
186
222
353
212
214
195
153
211
123
181
191
159
159
222
305
228
143
 80
 92
117
133
173
178
254
349
346
327
334
299
251
236
229
168
152
195
122
130
 93
222
154
104
 55
 82
112
 86
125
123
142
306
261
235
199
195
385
348
238
132
110
 77
176
 95
134
134
 93
 35
 65
 64
 65
 78
 90
 63
127
258
188
184
155
161
163
136
107
 81
 87
 90
 61
 55
 49
 71
 60
 55
 59
 56
 60
 70
 87
 98
136
129
165
150
153
156
148
139
114
 67
 55
 58
 52
 42
 39
109
 63
 80
 44
 55
 75
 73
 90
 81
165
251
188
166
179
132
108
125
105
102
105
108
 85
 56
 44
144
105
 86
 57
 77
 75
 91
 89
 78
112
202
191
176
205
132
124
134
110
107
 91
101
 70
 69
 81
149
167
158
 54
 59
 60
 64
 78
 98
103
147
146
144
142
149
145
183
132
 93
 77
137
 69
 62
 50
 86
 48
 44
 37
 58
 42
 48
 63
 71
 66
 83
105
106
130
 73
 99
 93
100
 75
 73
 74
 78
 86
 61
247
163
 90
 81
 96
134
117
124
147
160
418
431
327
275
309
295
280
351
194
191
190
131
123
131
290
394
359
117
126
156
170
149
170
222
288
389
447
390
361
363
299
263
241
325
243
137
 89
140
138
100
203
182
305
322
299
291
420
432
442
353
292
260
228
218
162
176
119
123
117
149
101
 93
126
116
109
 80
103
132
139
251
260
278
334
478
486
497
378
261
191
177
163
151
139
103
 99
129
100
103
104
 90
120
139
175
204
363
421
461
506
442
369
328
327
298
230
201
194
178
185
166
177
314
234
221
184
236
226
216
253
289
289
309
327
377
274
340
293
311
311
218
174
207
193
179
114
 45
 79
 48
 56
 62
 58
 48
 51
 72
 95
 81
103
 88
101
106
 62
 75
 38
 73
 50
 53
 40
 31
 4 
 0 
 1 
 13
 37
198
157
131
148
166
 86
134
 94
 56
 49
 54
 71
 70
 62
 79
 78
 71
101
 90
125
151
190
221
191
200
165
155
150
125
122
130
110
107
157
117
151
175
219
290
105
 98
 92
114
 86
101
155
146
128
106
 68
119
133
157
139
 95
 84
 73
 49
 53
 74
 65
 72
 48
 82
 65
 64
 85
137
178
174
190
121
 83
 66
 61
 57
 66
 55
 43
 38
 30
 28
 32
 24
 37
 26
 34
 40
 53
 67
 62
 48
 76
 95
115
 64
 58
 54
 65
 66
101
147
118
164
143
173
 87
144
131
 82
 54
 82
 77
 78
103
158
197
284
238
208
130
120
122
111
111
 91
103
158
141
 94
105
210
154
102
 55
 54
 51
 55
 53
 66
 86
 98
106
 87
 82
 65
 51
 35
 30
 30
 28
 26
 0 
 15
 76
159
186
238
216
230
181
 67
 95
 83
 51
 62
 58
 55
 34
 41
 52
 39
 60
 70
 55
 61
 68
 78
 77
100
203
111
 95
 58
 60
 71
 74
 58
 68
 66
 54
 33
 43
 24
 46
 40
 45
 50
 64
 38
 37
 51
 41
 59
100
 92
 56
 55
 44
 42
 39
 33
 40
 25
 16
 12
 21
 19
 27
 33
 57
 67
 57
 60
 64
 79
 98
 99
111
129
109
145
112
151
134
 88
 87
 87
 88
 66
 36
 31
 59
 59
 45
 51
 51
 56
 62
 81
 60
 85
 89
 84
107
 84
108
 89
113
109
 84
 72
 55
 32
 29
 21
 52
 46
 43
 44
 68
 59
 52
 67
 64
 92
 92
 76
 99
 99
 95
 96
 88
 88
101
 65
 50
 64
 35
 37
 38
 51
 42
 50
 44
 34
 52
 59
 65
 75
 75
 98
 99
 74
 58
 0 
 9 
 63
 50
 50
 43
 41
 41
 44
 40
 46
 47
 51
 60
 69
 58
 83
 81
 86
 78
 69
 72
 86
 70
 60
 57
 78
 55
 53
 35
 43
 29
 47
 39
 38
 40
 51
 52
 52
 45
 64
 87
106
 82
 69
 70
 72
 57
 85
 84
 77
 66
 65
 39
 40
 27
 39
 60
 37
 62
 67
 49
 54
 56
 67
 87
 92
 88
 90
 78
 77
 69
 80
 70
 83
 55
 56
 40
 41
 34
 29
 40
 46
 39
 53
 55
 55
 69
 69
 98
109
110
105
 88
 88
 84
 83
 99
 76
 78
 66
 52
 41
 35
 48
 60
 60
 56
 54
 58
 61
 60
 90
 84
 91
105
 85
 93
102
 96
 90
103
 72
112
225
363
319
 56
 59
 75
 91
 54
 46
 50
 52
 77
 74
 82
114
101
 12
 2 
 40
 72
 83
 74
 61
 59
 49
 49
 47
 35
 36
 57
 56
 52
 54
 60
 61
 77
 95
111
 85
 87
 72
 84
 91
 91
120
 75
 69
 50
 59
 37
 40
 55
 39
 30
 39
 40
 41
 60
 68
 73
 76
123
 96
 69
 72
 74
104
 99
100
 79
 53
 43
 53
 53
 48
 60
 69
 75
 84
 78
 60
 84
101
 82
 88
 71
 45
 32
 28
 25
 15
 18
 18
 26
 29
 33
 25
 21
 36
 26
 26
 35
 34
 47
 39
 33
 40
 33
 34
 27
 19
 22
 17
 18
 18
 6 
 13
 7 
 15
 14
 12
 8 
 10
 18
 34
 21
 35
 38
 38
 38
 43
 48
 40
 30
 30
 21
 86
144
122
 94
153
178
135
173
114
110
124
164
335
559
499
438
152
 11
296
511
320
262
202
195
218
 97
 80
102
156
124
 91
110
107
104
117
134
163
210
288
315
245
270
244
216
247
284
220
192
142
115
 83
 73
115
122
 91
 83
 83
 94
 94
136
121
189
199
216
236
493
222
215
209
241
581
179
286
312
 65
103
198
226
107
137
107
137
108
144
216
282
424
390
321
240
219
211
199
260
209
164
161
157
106
142
145
148
 96
 95
106
 99
106
158
182
254
377
423
272
237
211
220
238
247
211
181
195
151
135
135
119
115
117
115
112
118
133
146
235
230
386
370
278
158
126
240
257
273
181
173
164
134
117
119
124
152
134
144
 98
125
118
166
345
394
386
422
231
199
242
219
248
316
189
136
148
106
102
 74
 81
 84
 82
 77
 88
 90
109
146
251
736
251
208
187
236
225
190
164
169
145
166
141
 81
 64
 84
153
147
113
 58
 64
 63
 78
 83
 95
119
127
119
109
129
176
177
196
141
143
124
124
115
 99
105
102
111
 83
 90
 84
 90
 97
131
168
245
308
208
148
189
221
246
104
127
188
181
168
116
 91
 92
 87
 91
 93
 72
 84
 94
 86
 93
133
203
259
175
178
164
175
191
201
178
168
124
138
110
 80
 62
 52
 60
 60
 84
 81
 89
 94
 93
142
176
235
186
168
150
153
173
179
134
147
137
117
101
 60
 54
 97
 81
 90
 83
 79
 82
 77
101
160
178
221
164
170
131
134
146
137
136
134
136
106
 69
 61
 57
 85
 97
 90
 77
 82
 72
109
126
158
174
178
175
163
148
200
182
166
210
194
174
181
152
117
 79
143
 92
 87
 57
 83
 91
121
114
168
196
237
209
173
196
160
218
223
206
197
151
124
 96
100
 87
160
138
 84
104
111
118
182
144
205
253
374
271
213
214
228
222
179
188
205
194
132
 94
103
 96
128
186
151
115
177
176
190
186
212
241
188
189
184
194
183
207
203
204
166
165
111
 99
 79
 43
126
138
 91
 88
108
 90
100
115
191
212
295
225
196
191
176
230
218
234
183
151
138
121
 89
 84
124
116
115
 81
 76
 96
102
 86
115
138
161
148
125
150
149
185
189
182
172
194
154
171
156
192
409
217
229
208
219
253
248
293
286
457
551
401
418
377
347
355
288
283
228
221
199
149
155
133
157
153
167
146
181
170
200
231
255
245
310
268
240
283
249
289
272
205
 62
 50
 75
 71
 82
 45
 93
 79
 67
 43
 70
 75
 83
 95
139
136
156
141
120
 92
 99
107
121
108
 96
 84
 72
 72
 53
 66
 75
 45
 43
 51
 70
 77
 80
 85
119
132
146
132
120
118
116
103
126
122
118
102
118
 68
 59
 51
 65
 41
 84
 57
 71
 69
 65
 85
 98
121
141
130
 96
100
 85
112
103
110
 97
 82
 63
 56
 41
 56
 73
 67
 65
 72
 71
 84
 94
 84
100
168
273
181
165
119
157
209
166
123
 95
103
124
103
 79
 77
 68
133
 88
 67
 73
 87
102
 84
122
154
166
135
142
267
127
117
123
136
140
126
341
386
236
314
134
140
391
242
420
548
450
547
513
176
448
229
468
258
540
557
252
130
148
244
238
222
248
205
163
231
185
136
191
208
205
110
159
200
203
227
153
 29
 53
 95
 78
157
127
120
125
 96
 97
 91
103
216
354
163
404
209
151
149
131
129
133
145
168
158
 47
 67
 28
 46
 39
 41
 75
156
134
124
132
131
148
157
194
117
 49
 37
 36
 39
 64
301
287
115
305
373
391
393
405
 37
 21
 23
 33
 48
 54
 46
 80
 62
 73
 88
 77
 89
 89
105
 94
134
 98
 75
 75
 87
 71
 77
 77
 53
 53
 53
 49
 29
 45
 57
 62
 54
 60
 56
 70
 81
 99
123
123
 94
100
 92
 63
 67
 93
 78
 75
 66
 75
 53
 51
 37
 43
 46
 53
 49
 63
 49
 71
 74
 91
145
176
440
128
 1 
194
 90
 84
 87
 85
 63
 51
 52
 54
 40
 75
 73
 59
 76
 67
 76
 84
 76
106
110
149
128
118
 68
 71
 69
 81
 69
 60
 69
 48
 44
 42
 33
 21
 20
 28
 25
 38
 49
 55
 48
 54
 42
 49
 49
 36
 57
 53
 48
 53
 79
 38
 44
 30
 51
 44
 41
 45
 54
 77
 61
 81
 94
 91
108
116
126
103
122
110
127
 98
117
136
112
 97
 55
 51
 30
 55
 50
 76
 79
 65
 62
 91
 77
 97
118
148
144
374
 94
164
198
400
405
108
 82
 93
 80
 56
 64
 67
 66
 90
 83
 75
 62
 77
 95
 81
 98
112
137
138
143
123
108
101
 95
 96
 90
 80
 66
 63
 59
 73
 46
 77
 58
 84
 60
 74
 86
 79
109
118
152
135
135
133
 79
103
116
 79
 84
 78
 74
 78
 63
 83
 68
110
 76
 89
 77
 69
 81
 67
 93
 77
116
117
139
102
106
 84
 90
 93
 57
 69
 64
 61
 64
 60
 64
 82
 64
 79
 64
 70
 70
 96
 93
110
104
124
123
133
 83
 91
 88
 96
 83
 67
 74
 57
 51
 47
 46
 52
 59
 75
 55
 68
 80
 91
 90
 87
101
126
137
159
101
 87
 84
105
 89
 67
 65
 56
 62
 45
 29
 54
 54
 65
 70
 80
 81
 77
 85
100
 72
112
108
 96
 77
 79
 91
 69
 78
 81
 70
 74
 73
 42
 39
 55
 57
 71
 42
 74
 61
 99
 71
126
412
375
315
174
114
103
105
 69
 95
 78
 67
 79
 62
 85
 70
 84
 86
129
183
252
258
278
335
238
126
122
 29
 0 
 0 
 0 
 78
 77
101
 90
122
102
107
 71
100
182
140
166
196
189
146
195
168
142
184
188
177
138
133
139
105
102
 84
 98
 98
109
 98
113
132
151
152
131
206
135
150
131
139
 95
114
151
157
141
165
131
131
 83
 93
108
 78
 77
 65
 84
101
137
170
206
190
231
260
204
241
203
149
172
162
171
475
265
185
179
238
207
268
291
322
 93
 91
 72
 80
108
 76
114
117
119
134
121
115
 87
 81
 84
 81
101
 70
 71
 56
 58
 85
 38
 35
 62
 84
 83
 84
 92
 86
122
128
146
130
124
142
163
174
133
 98
120
 96
112
 96
 82
 89
 96
 83
 91
109
 94
 82
104
 85
117
118
127
138
130
156
131
172
168
115
131
126
117
 96
115
110
111
 96
135
 89
101
 87
128
147
119
140
123
166
173
192
189
186
173
136
127
137
113
108
 89
 90
 89
 83
 58
 66
100
109
 89
 99
 96
127
165
153
176
153
148
188
164
139
128
117
100
 97
100
 90
 78
 78
122
107
104
118
 89
 83
133
141
144
152
165
193
151
166
160
141
129
 95
112
 91
 96
 98
 78
 85
 69
 49
 85
 63
 68
 76
 96
112
114
 92
 97
111
 90
 77
 65
 73
 70
 89
 89
 63
 69
 80
 71
 70
 76
 58
 79
 74
 73
 60
108
129
133
137
132
152
149
161
107
 94
 95
102
100
 97
 86
 76
 75
 65
 47
 71
 63
 79
 92
107
109
137
135
128
139
148
136
132
103
 95
 69
 67
 74
 98
 70
 67
 66
 63
 48
 67
 68
 78
 72
 89
113
105
110
152
129
130
146
145
 72
 94
 74
 85
100
165
 95
 56
 84
 66
 56
 71
 91
 53
 90
 66
108
174
124
104
127
156
147
141
141
141
119
103
106
102
 80
 88
 93
 73
 69
 51
 82
 72
 95
 70
 97
100
 95
119
130
118
153
156
141
147
121
109
 93
 81
 69
 84
 66
 51
 21
 39
 27
 18
 44
 44
 7 
 5 
 5 
 0 
 0 
 0 
 20
 72
 58
 60
 66
 56
 53
 73
 80
 97
 62
 75
 59
 79
 93
 67
 69
 78
 82
154
106
109
125
130
122
102
101
 93
107
 82
 82
 86
 76
 64
 37
 51
203
104
 97
 82
 93
 65
146
110
112
137
132
157
168
158
127
125
233
101
 97
 99
 84
 76
104
 62
 60
 69
108
 86
 92
 76
 91
101
 85
106
 89
125
140
142
126
111
 94
110
 89
 71
 74
 57
 72
 42
 41
 38
 40
 40
 56
 70
 63
 77
 96
 90
103
126
116
238
197
 85
 70
 76
 72
 74
 81
 58
 62
 58
 54
 41
 59
 69
 64
 88
 89
132
108
123
117
 81
 82
 64
 81
 66
 64
 46
 48
 49
 41
 37
 45
 40
 68
 95
123
143
 86
 92
 84
 97
 84
 91
111
125
115
135
 87
 84
 70
 76
 65
 56
 65
 69
 70
 50
 45
 44
 53
 62
 83
 60
 63
103
 95
 87
102
148
115
128
 88
 88
 71
 84
 82
 62
 75
 83
 47
 45
 50
 42
 64
 39
 53
 59
 60
 74
 94
 92
 93
125
121
107
 97
 97
101
104
 74
 73
 58
 74
 51
 49
 56
 57
 58
 70
 62
 62
 85
 89
 91
107
128
 96
126
135
128
 96
 71
 72
 91
 60
 67
 61
 59
 39
118
 91
106
155
221
133
127
150
139
194
217
188
258
259
220
187
163
156
148
136
101
 91
103
 75
108
116
129
 98
 85
 88
107
110
123
151
129
137
186
191
153
133
116
107
112
128
111
 99
 97
103
 73
 77
106
223
 96
124
110
121
160
188
168
118
169
157
357
135
111
123
121
120
106
118
 89
 91
 77
 92
119
 88
107
115
256
231
235
482
571
645
646
622
567
555
550
496
450
531
464
436
441
363
258
300
368
373
347
336
350
357
389
438
456
482
496
472
426
402
286
318
231
245
246
226
246
219
107
 62
 83
 56
 50
 58
 78
 66
 86
 80
 88
 91
106
101
112
 99
 68
 78
 64
 80
 62
 59
 67
 47
 56
 69
 50
 61
 56
 49
 62
 76
 79
 93
 93
107
 94
 84
 90
103
 84
121
 72
 69
 65
113
103
 96
117
122
146
125
132
 84
 98
 89
103
103
122
151
187
179
149
149
134
144
115
 94
148
121
142
112
 91
129
181
133
105
 94
 81
 91
100
 73
117
113
156
165
145
161
165
150
137
156
164
130
 96
103
 81
 61
111
100
103
 82
 87
111
 99
 94
110
102
196
145
154
154
157
130
134
125
124
123
136
117
 83
 87
111
 74
 88
 72
 79
 75
 93
 90
 96
125
206
 82
117
104
116
143
123
157
159
131
121
110
150
105
183
129
 99
 57
 68
 75
103
 78
 79
141
128
120
158
109
155
156
180
140
135
 91
110
 88
 96
112
103
 89
 97
 70
 97
 99
107
101
142
138
196
198
207
161
215
171
185
208
153
134
246
180
174
129
238
176
123
 97
 97
 68
 79
 80
128
215
190
254
209
172
200
189
170
175
120
101
 88
 89
 80
 98
 73
 65
 83
 65
 84
 93
 94
119
 95
120
148
143
117
108
129
116
 91
 93
 93
 93
104
 98
 81
 78
101
101
 66
 70
 81
 89
107
111
117
124
133
144
171
119
125
162
145
155
136
142
121
 91
182
107
104
244
 56
 59
 71
207
379
523
656
365
375
340
259
261
310
407
466
857
