 17
130
 99
 86
 84
136
124
 92
112
100
 93
133
111
125
151
206
162
135
144
107
144
142
132
104
119
107
 91
 85
 91
 77
103
 88
128
131
136
120
156
144
178
228
254
212
185
173
176
204
183
196
167
170
131
123
161
127
125
138
103
133
106
132
127
181
201
263
254
336
383
302
322
312
277
307
251
241
213
255
218
291
293
241
189
172
184
196
219
257
251
307
266
363
284
259
306
220
265
227
217
223
189
196
149
228
237
276
222
174
191
238
246
362
364
416
386
220
160
161
195
258
305
267
316
259
270
276
217
334
331
252
238
218
300
220
247
512
437
428
515
287
180
101
387
372
577
333
115
111
 97
105
131
167
157
168
114
133
138
131
144
153
186
269
273
342
451
289
226
303
259
204
204
236
238
158
173
221
274
167
222
215
233
357
484
358
380
185
259
 60
178
414
227
316
589
361
286
325
190
223
274
312
350
286
330
209
238
251
190
216
264
357
419
306
265
274
321
235
253
216
263
207
177
221
202
210
262
225
206
195
232
203
230
256
305
289
217
246
217
227
236
214
169
220
164
249
160
139
118
159
142
201
157
137
185
154
182
204
253
248
229
279
237
264
233
201
232
224
213
201
190
173
158
222
207
205
203
191
237
195
222
304
283
344
287
299
276
229
251
203
180
163
158
137
167
154
144
180
224
202
172
214
226
205
209
218
237
323
306
290
231
203
239
217
225
198
162
167
174
174
115
211
210
216
188
194
206
223
207
256
260
310
357
317
259
272
192
222
233
191
192
196
195
157
177
174
229
171
174
214
200
218
247
221
259
251
246
264
266
237
184
218
274
190
142
175
158
149
180
239
234
206
203
197
213
223
224
193
267
287
232
283
259
213
194
166
154
164
163
143
128
120
134
231
166
221
214
162
181
211
222
259
413
314
219
258
153
203
257
193
132
110
119
120
114
 95
103
135
174
148
132
159
183
179
190
194
224
226
324
406
207
129
133
121
119
 96
118
183
140
 66
 86
105
106
112
134
123
136
139
146
197
242
190
196
220
175
188
124
169
141
126
 92
 98
 81
 92
 95
127
158
123
121
139
176
181
163
475
501
289
218
270
184
181
166
162
165
138
130
114
 90
 74
 82
151
157
120
159
146
164
174
210
241
202
311
234
243
223
208
195
168
187
179
168
124
129
149
297
173
204
158
154
250
191
202
546
203
226
237
181
197
196
152
170
157
177
163
117
163
174
119
158
189
558
 84
144
156
223
170
188
223
198
225
230
272
258
191
197
156
181
195
228
177
174
184
158
217
194
148
157
148
169
184
178
226
192
276
182
230
191
177
143
174
147
133
120
105
135
105
113
123
130
120
127
132
197
206
230
213
238
228
184
201
220
306
227
269
305
240
295
211
307
244
223
248
290
199
208
194
254
219
285
297
362
324
277
345
333
219
266
200
192
163
116
113
112
134
109
175
214
167
174
225
260
203
168
219
250
361
288
341
254
215
222
298
244
139
198
372
346
345
281
292
271
163
155
159
200
188
221
246
263
235
327
347
213
379
327
182
261
156
195
156
129
145
168
200
187
185
220
125
178
159
178
200
215
288
206
229
163
149
169
146
125
173
141
134
137
122
131
340
158
171
565
143
158
163
175
191
213
289
244
219
203
206
141
139
139
130
123
 99
106
110
129
137
155
132
135
146
152
154
189
174
235
221
196
184
217
152
190
166
179
175
141
189
130
173
203
152
165
207
157
138
171
199
211
244
233
248
239
265
233
229
188
204
182
203
173
161
178
141
117
186
187
155
123
136
140
140
167
189
195
199
179
236
273
230
229
178
189
164
165
149
121
102
112
172
169
172
114
127
121
126
149
151
257
216
189
235
227
204
177
153
147
117
145
159
 98
117
129
124
160
126
 98
117
132
143
134
152
183
240
191
228
187
220
196
146
163
141
161
119
131
122
106
144
140
118
160
120
105
131
123
159
221
301
191
230
175
166
153
200
210
129
154
160
196
220
204
165
238
445
550
337
128
115
132
129
164
354
129
144
182
133
111
120
131
 88
125
100
122
117
175
133
135
 99
274
 87
108
 93
104
118
121
142
149
151
120
121
100
117
 90
 99
 82
 69
 77
 68
 72
337
519
138
 75
 86
100
102
121
109
149
200
136
166
138
101
127
 91
107
101
104
 84
 71
 83
 70
102
 67
 85
 85
 97
 85
119
122
113
173
169
138
167
107
112
126
 96
 91
 82
 63
 78
 79
 69
 72
 77
 79
100
 93
 99
 92
113
114
138
194
196
183
156
170
186
105
103
101
 89
107
 90
 76
 83
 68
 76
 88
 85
 95
170
143
157
177
211
230
295
225
273
253
240
313
239
178
132
 92
124
 94
 84
 63
 99
100
 90
 88
121
101
136
117
150
171
181
142
167
214
131
101
 93
101
 79
 74
 75
 69
 62
 82
 57
104
 78
 85
 86
140
 94
109
127
125
149
104
109
134
 92
 86
 82
 74
 67
 61
 45
 54
 54
 59
 65
 66
 63
 64
 79
 98
 80
 96
116
120
127
113
196
 92
102
 87
 77
 70
 88
 85
109
 87
 72
 68
121
 58
194
105
 70
 67
 69
108
 92
129
123
109
124
143
106
132
 94
 70
 80
 57
 54
 55
 85
 44
 60
 89
 72
 48
 60
 57
 60
 81
153
215
337
434
120
429
559
640
569
483
520
432
240
270
169
125
544
324
157
167
219
 98
101
120
134
124
162
138
179
135
115
132
111
 94
 83
118
129
209
 94
116
225
155
125
 88
 94
102
 84
191
187
124
202
199
307
203
208
149
163
161
159
168
 0 
 0 
 0 
 0 
 0 
 40
214
202
268
156
182
223
196
303
379
346
319
268
264
275
213
308
282
283
254
283
201
184
209
320
203
202
414
367
167
196
213
261
316
282
286
282
286
249
243
287
269
223
336
197
214
199
272
230
220
132
310
196
191
155
197
204
472
328
352
399
369
289
297
264
231
191
248
213
189
195
290
297
221
160
130
152
186
225
250
214
337
264
265
225
241
264
273
209
230
267
249
181
158
228
302
240
164
137
106
134
126
140
227
251
384
314
312
359
353
359
241
247
305
255
322
200
178
158
182
255
118
131
109
150
141
138
172
243
272
258
234
277
227
177
180
269
169
146
167
192
153
246
130
164
101
 63
 82
 88
101
155
145
144
241
220
232
229
177
197
109
124
132
141
145
113
107
108
188
164
180
100
 86
108
 94
105
105
123
 91
210
100
 96
 72
178
302
203
157
148
203
354
500
517
614
489
440
120
 71
 96
 94
 78
 79
104
110
134
 65
 72
 67
 68
 78
 93
 93
108
150
121
148
150
120
110
111
 97
110
124
 83
165
175
 99
157
139
106
106
140
 87
110
200
 69
111
128
128
182
268
359
254
172
140
112
114
 91
105
144
107
143
 86
 91
 76
 67
 85
 79
 97
 98
 92
161
128
136
140
110
 86
105
108
111
 80
 97
 81
 89
 69
166
140
196
117
 88
 76
114
324
147
136
137
 96
140
177
183
124
148
 92
109
166
148
 89
 97
 86
116
 77
 67
 46
 60
 77
 79
 85
 73
 75
118
 80
134
127
101
 94
135
135
 75
 88
116
 87
 78
 82
122
 82
 72
 49
 56
 75
 66
 93
 78
 88
136
116
118
123
 93
112
124
102
 93
 91
259
 81
 75
194
194
120
 45
 50
 45
 55
 56
 61
 56
 61
 37
 49
 68
 60
 51
 53
 67
 61
 62
 45
 48
 38
 30
 33
 68
 74
 78
 61
 70
102
 91
101
 97
102
141
187
133
104
105
104
 97
 94
107
 87
123
107
 94
107
109
104
 62
 59
 73
 72
 70
 86
 82
120
122
 83
108
 78
 88
 96
120
 68
 84
 92
 90
104
126
120
 76
 78
 91
 61
 67
 66
 82
 82
107
 86
169
108
127
189
162
165
135
107
159
120
103
 65
 60
 83
108
201
 75
 76
 73
 70
 63
 71
 79
 65
142
 95
 93
114
 85
102
 92
106
105
110
114
 90
 80
 96
120
123
 92
 70
 56
 81
 74
 69
 67
 88
 92
 74
102
 32
 69
 68
 89
 87
 79
 59
 60
 59
 51
 41
 43
 73
 91
 31
 57
 67
 61
 72
 60
 81
 97
 71
 91
 90
 81
 95
 54
 57
 52
 72
 58
 67
 47
 13
 46
103
120
 98
 55
 55
 74
 77
 97
133
145
212
158
158
111
134
103
 91
 93
112
173
175
171
 93
 74
 91
 67
 80
 70
 57
 65
 69
 88
132
 73
125
105
115
134
101
 95
 83
105
 69
 91
 77
 60
 66
110
129
 91
 66
 66
 61
 56
 58
 90
 93
 89
111
 87
106
121
104
 84
104
 86
122
 97
 70
 59
 62
 51
 63
 60
 66
 48
 53
 61
 65
114
 72
 73
111
 80
105
127
155
169
153
157
130
131
108
 83
107
 83
243
254
192
161
168
153
435
531
521
174
 50
 15
 9 
231
 72
110
197
532
389
322
352
145
110
127
333
480
112
333
472
301
189
215
 78
121
130
177
259
125
145
109
106
 86
111
112
 81
103
133
 56
 32
 31
 36
 36
 40
 39
 40
 66
 50
 46
 71
 48
 66
 60
 73
 67
 76
 61
 58
 67
 60
 49
 49
 43
 38
 58
 32
 45
 50
 42
 46
 61
 33
 60
 57
 58
 70
 42
 66
 60
 62
 61
 49
 37
 46
 43
 41
 38
 53
 50
 46
 47
 38
 43
 41
 49
 51
 63
 61
 45
 72
 68
 63
 60
 60
 58
 45
 63
 51
 31
 43
 39
 50
 49
 46
 29
 36
 46
 40
 46
 54
 48
 59
 65
 55
 66
 58
 79
 68
 55
 58
 33
 53
 37
 42
 46
 51
 37
 40
 32
 34
 52
 42
 63
 73
 64
 65
 64
 70
 61
 64
 79
 66
 61
 45
 41
 25
 32
 27
 28
 32
 30
 31
 38
 36
 40
 40
 45
 53
 52
 63
 48
 34
 47
 43
 47
 40
 45
 44
 36
 33
 36
 21
 22
 25
 36
 35
 29
 39
 39
 31
 42
 54
 37
 43
 38
 16
 0 
 0 
 4 
 50
 58
 52
 47
 41
 40
 45
 54
 54
 53
 46
 34
 38
 40
 56
 56
 60
 41
 52
 61
 77
 50
 55
 48
 43
 52
 48
 59
 50
 51
 41
 36
 45
 36
 45
 40
 37
 41
 43
 48
 51
 52
 66
 89
 80
 63
 52
 58
 62
 56
 53
 44
 41
 47
 38
 34
 43
 43
 32
 22
 32
 28
 46
 45
 45
 40
 42
 51
 52
 60
 50
 52
 42
 51
 46
 41
 46
 38
 38
 47
 41
 39
 34
 32
 31
 43
 47
 44
 47
 48
 43
 45
 62
 46
 49
 46
 42
 55
 59
 35
 42
 36
 36
 32
 48
 42
 45
 36
 59
 58
 62
 73
 59
103
 70
130
 73
103
101
 83
104
 70
 84
 65
 71
 64
 75
 70
 64
 74
 73
 53
 61
 48
 68
 71
 61
 70
 69
113
114
162
143
159
 63
 56
 74
 45
 45
 91
103
142
312
124
 97
 87
158
215
142
177
172
166
213
224
192
167
154
150
159
145
132
149
192
138
150
135
143
121
107
 95
102
 98
126
156
 97
114
113
188
218
237
195
197
217
211
188
224
222
208
127
 88
103
 90
 64
 78
 68
 79
108
143
119
175
171
192
242
184
197
204
263
206
141
174
125
105
116
 97
156
153
 84
109
 86
 90
 98
 92
 92
 98
139
156
113
123
126
122
120
 86
 80
 79
 99
 75
 93
 86
143
136
 82
104
 93
123
111
136
127
 97
103
130
187
212
194
236
155
139
171
120
132
134
174
140
126
103
 91
 77
 63
 64
 87
 92
103
109
100
 98
118
 88
 77
 85
 70
 59
 54
 32
 68
 57
 69
 55
 54
 44
 50
 36
 52
 59
 49
 50
 43
 42
 42
 51
 44
 43
 47
 26
 50
 39
 30
 47
 45
111
 84
 63
 80
 75
 76
 56
 76
 46
 58
 86
104
126
153
147
109
124
119
148
106
 74
 54
 66
 63
 55
110
195
158
105
 93
103
148
129
146
183
168
156
184
177
207
178
127
142
103
116
105
102
 67
 93
 95
111
 99
 77
 88
 64
 62
 60
 69
129
117
133
127
156
160
129
 94
105
 61
 54
 38
 53
 30
 28
 33
 39
 31
 21
 30
 37
 29
 31
 45
 38
 51
 63
 51
 49
 53
 39
 29
 45
 34
 40
 32
 28
 31
 33
 34
 33
 38
 42
 25
 25
 36
 36
 48
 51
 22
 43
 44
 52
 47
 48
 34
 63
 39
 35
 39
 30
 31
 33
 35
 52
 39
 35
 41
 33
 35
 42
 44
 49
 48
 67
 46
 51
 51
 70
 49
 58
 46
 44
 43
 55
 55
 39
 33
 46
 76
 43
 43
 37
 61
 56
 59
 90
 65
 73
 81
119
 90
 77
 83
 92
 50
 51
 60
 52
 62
 35
 62
 65
 91
 47
 42
 27
 43
 36
 53
 70
 47
 83
 74
 52
 0 
193
136
129
101
 98
 72
 70
 68
 84
 79
 84
 89
 84
 76
 67
 80
 79
105
127
110
110
193
149
182
163
175
170
239
156
154
124
 85
 88
 94
 98
 98
107
 75
 52
 86
 84
 93
129
113
177
185
182
205
162
177
139
155
144
100
 89
103
 98
112
 89
 86
 82
 63
 58
 97
 81
 68
 79
115
144
139
163
113
109
123
144
115
 88
 90
 78
 96
 88
101
 98
 96
 95
 64
 75
 80
 74
 98
116
 99
129
 88
106
104
115
105
105
 62
 61
 55
 54
 48
 42
 30
 46
 64
 52
 51
 51
 62
 93
 69
 80
104
 93
 79
 37
