--
--
--
--
--
--
--
--
--
--
--
--
2.47058823529
3.12173913043
4.4
3.85185185185
--
--
--
--
--
--
--
--
--
--
--
--
--
--
--
--
--
--
--
--
--
--
--
--
--
--
--
--
--
--
--
161.75203252
151.176151762
117.803636364
120.233870968
163.502777778
175.478431373
176.11627907
134.666666667
65.6213592233
46.8916666667
39.5014164306
43.9683908046
135.822222222
63.0621301775
24.2161716172
18.7062937063
71.6666666667
98.9936305732
208.169047619
130.568065507
90.9826187717
48.7577639752
45.6666666667
49.7023809524
152.869090909
6.01886792453
11.5238095238
22.9054726368
97.7389937107
134.152238806
140.985111663
32.8474387528
124.427821522
124.781609195
58.6506352087
151.087447109
185.297602257
123.940525588
84.1588042971
90.4584539066
113.242576167
114.057142857
95.8391930836
68.5356750823
46.4479553903
109.807379273
116.779064382
100.131631632
126.652538984
89.3441696113
64.6420218785
57.1469792606
62.8113598673
74.0425438596
92.9469368066
58.6822638146
61.2230161715
75.9052668788
68.8438042346
66.9358086847
81.3625641026
46.6352941176
34.4364169555
23.6974690995
49.6475716065
56.1126834382
80.286763019
60.7845956354
65.8651131526
67.8141967067
82.3314934069
46.8651924304
45.8041907514
39.2456140351
43.7405569341
51.2657869934
55.551884058
54.0159080866
57.4420150054
44.1656184486
52.3378378378
44.5822260945
51.0837209302
32.5394550959
40.5980883736
44.3799103612
31.7513419411
33.7802583544
47.6969836873
67.3136242766
88.9690721649
65.5274785971
42.6871279762
44.0431903254
46.645300879
37.4949715785
36.7492502282
29.0562163693
20.7783195189
22.8111899932
30.1101238557
51.652876377
59.8393372662
54.9647544968
54.7232312566
46.3001113586
40.0449620127
41.6009794776
55.8035300607
46.2878679962
37.6050231724
34.7518305439
30.8394951745
50.5149344342
51.2874424721
44.7219082665
48.5902439024
43.9991331985
49.1506147541
41.5595945946
49.8134956759
35.8741038142
36.052429121
41.9108430576
46.8105686835
47.6504383007
59.4823969134
53.697985705
52.1534313207
45.182704954
39.9648579954
44.5352708804
37.5878441558
30.8090741594
25.2922815946
25.1958155297
38.338267678
52.1604171549
65.4363748586
51.8096035734
47.4886499403
46.3374223355
41.928099986
45.0685185185
41.9850271383
38.1335797782
33.5601112724
33.8314559427
36.1671857305
48.591160221
53.0709906817
53.318443275
40.8190668009
35.2035332699
35.8505558241
34.9301087449
--
