--
--
--
--
--
--
--
--
--
--
--
--
0.441265588147
0.269516001511
0.269258240357
0.270113219277
--
--
--
--
--
--
--
--
--
--
--
--
--
--
--
--
--
--
--
--
--
--
--
--
--
--
--
--
--
--
--
5.13669761801
3.46856469921
3.62474610028
3.1273516245
5.0387219254
5.72156216394
5.46140102995
4.44711233939
2.91064388103
1.02677997647
1.10914569356
1.28622170006
10.2899033032
2.93213270545
0.852272867716
1.03103327366
10.6178170818
6.49112110616
4.84000617689
3.38681165573
2.59480188633
1.38106000275
1.33550536921
1.61338307857
5.0018104786
0.306049769969
1.10226159141
0.958867696813
3.69791734051
3.84839180185
6.17333554088
2.38632976506
3.97800615147
4.0054634402
2.16837163902
3.03558503321
3.80885713289
2.79788979388
2.4854621458
2.81983823719
2.72931326713
2.50671118599
3.31910091424
2.3478399834
1.40242830521
2.84014102315
2.59485027334
1.93653566865
8.18796887117
2.44727110074
2.07475987838
1.50606650712
1.32194110575
1.74205005548
2.58272304547
1.81699181465
1.86066456927
1.9431914761
1.4128165055
1.57687517978
1.82249514933
1.21217457929
0.834594779813
0.579643784532
1.10272024855
1.08076307628
1.2044597208
1.04557875272
1.12594463854
1.13220926909
1.41406365245
0.751659935058
0.798090205945
0.601811590028
1.03848723788
1.03415256788
1.17205874492
0.710034221238
0.896358877565
1.0315379529
0.869421536685
0.762693934386
0.791954468923
0.483182806896
0.542437105478
0.815103595212
0.476417016885
0.53810070657
0.718549779807
0.928365245024
1.14099219879
0.881703828997
0.67826750848
0.754875366389
0.777865699931
0.587154714247
0.512582542532
0.374508957105
0.287351168881
0.328374255587
0.416521262942
0.762693923865
0.698234516852
0.906728383223
0.824326388313
0.860557239997
0.668648871926
0.640715228798
0.958348394543
0.626823036297
0.59476944805
0.449841128339
0.446549618217
0.705818149902
0.715021350959
0.679256519081
0.629332700638
0.658545084032
0.6175489134
0.567386296344
0.740914193442
0.564143813146
0.50191295585
0.646917351348
0.616879963957
0.601376844538
0.699755036318
0.700234235311
0.76080633087
0.686206583581
0.455772136781
0.491839528945
0.465497720644
0.335572875084
0.311049029359
0.361357234342
0.500081126574
1.91431254755
0.651182095411
0.811536374688
0.57145457409
0.675704979287
0.596829918619
0.500672278622
0.47739713388
0.441650732446
0.407785325482
0.396405445357
0.480761004863
0.607954822206
0.674134773809
0.744355581025
0.492636371581
0.471173683323
0.432695786172
0.501078633029
--
