--
--
--
--
--
--
--
--
--
--
--
--
1.95238095238
3.61538461538
5.24637681159
3.46031746032
--
--
--
--
--
--
--
--
--
--
--
--
--
--
--
--
--
--
--
--
--
--
--
--
--
--
--
--
--
--
--
126.536945813
97.8249158249
69.8863636364
60.7176870748
80.6263345196
81.3686534216
85.9462809917
119.735772358
72.3763837638
47.6728624535
43.0384615385
41.6192307692
152.69047619
55.8343023256
27.8433931485
19.2189781022
56.0208333333
72.4394904459
174.473867596
166.352475248
104.198870056
67.3095975232
67.4105571848
68.7939393939
171.504830918
7.97348484848
16.1066666667
28.4638655462
74.9061833689
94.1172932331
102.766157462
29.1556948798
122.162671233
117.087022901
71.6730937774
148.497884344
186.896177442
110.051700047
83.5954376164
87.6838111298
79.2116504854
71.7322089675
63.4904013962
72.396589659
49.2506329114
94.6754966887
114.137653737
97.5581395349
122.769758065
76.6233581825
64.9800766284
53.0018181818
49.6826322366
49.4429939077
66.9304683728
76.1130242826
63.0317460317
80.435925126
82.9885456439
78.5523779919
101.915341201
50.4270755423
40.1818679814
24.8175139583
44.1896169674
44.6738025154
53.4558890405
53.9296714579
60.0890134529
56.848673947
78.5505269684
48.5759686548
48.5360553964
34.9669493368
38.8218908272
41.2836998088
42.0064233577
34.4731961095
39.578569922
44.7613778706
55.2931260536
42.8709034544
57.6361333073
32.3550666128
43.4839835078
43.9129333333
31.0230814466
31.6515649564
39.0272012579
45.1153233514
56.0434386391
63.6733724504
47.7642307692
47.5375453885
50.1928038018
37.6779736999
39.2424444149
26.897810219
20.9491497441
19.7615732684
24.5593290252
41.1370927937
44.1838863751
53.9166260954
52.7226525199
44.3212751213
39.529925187
41.2617355853
59.0722345133
43.467348166
34.9377649909
29.7023651342
26.161371734
35.9020979021
37.2539938247
47.5762486716
48.8041578077
42.7230948226
48.1140610903
40.8696949153
50.3660429028
35.290597058
32.7590067461
38.6370060194
39.924686733
39.5823598897
47.0484833719
59.2478722011
52.5579927242
41.4594216919
41.0360841965
41.8898831952
39.0694458883
29.1229030755
24.8353021743
21.5573916927
33.5662190464
38.9997577226
50.7652164819
55.5372222222
44.6429125377
44.8726870157
40.9947473027
44.9998039023
42.9577200712
36.5456182473
32.1269010829
29.7341198778
32.360839563
41.4254854369
44.2951350006
56.2698974609
40.8289261117
35.0006416426
36.5773809524
37.7364332358
32.0833333333
