--
--
--
--
--
--
--
--
--
--
--
--
0.253322591967
0.693730731204
0.318113174742
0.269479592561
--
--
--
--
--
--
--
--
--
--
--
--
--
--
--
--
--
--
--
--
--
--
--
--
--
--
--
--
--
--
--
9.06037194475
3.6654952085
2.85291196226
2.52759736488
3.79004758084
4.56121816442
5.31308502614
6.08683612427
3.91981193898
1.58449183658
1.73315480909
1.49623477464
14.8023167386
2.22158333881
0.89980243937
0.817558092232
8.03208995938
4.42906157764
4.1752141476
3.48153345429
2.29802469579
1.72343356667
1.81772586614
1.85853665439
5.37465196705
1.43760066748
1.63404911692
1.39588642786
2.79026741592
2.90601177184
4.54221224504
1.60806678095
3.80944750084
3.78371472366
2.64035839053
2.89202402586
3.98732627376
2.83211250064
2.81653474417
3.19727002227
2.234761039
1.76247338712
2.36568031726
2.25086485499
1.2710763532
2.46203977746
2.39038468183
1.88297716456
7.23249687878
2.24064192833
2.39757049754
1.41036717063
1.15187330942
1.24212016851
1.93556709072
2.16488221453
1.90119145894
2.11714622714
1.74051247631
1.84199538701
2.24864189177
1.1081515676
1.00492251444
0.625483372123
0.936103491394
0.900595787718
0.965944234815
1.0996500707
1.00742622892
0.955059381743
1.37708810794
0.810584686918
0.886538394496
0.553676612427
1.0898428908
0.997346683076
1.15035370731
0.4855892979
0.743794366031
1.03673528305
0.974132360906
0.795371795534
1.18602436958
0.423143848513
0.592652747363
0.891545151009
0.538980450851
0.561916808805
0.730194627006
0.727597422148
0.86653827812
0.923521506824
0.84394609801
0.863400424985
0.858437828886
0.576977102401
0.531940049238
0.315968542869
0.25818556131
0.246135518214
0.320804352185
0.770074172114
0.665523728615
0.868361542871
0.768380231222
0.779644676964
0.590702300655
0.543764971966
0.990121901568
0.574667387422
0.514712124162
0.343210997177
0.347199319221
0.513570077225
0.516025500716
0.657647000053
0.533499999742
0.613923223639
0.568278330553
0.511865000685
0.715736170837
0.53577889173
0.413917691379
0.574359768132
0.490972142691
0.500931319614
0.572551062657
0.733760307861
0.752486604016
0.584585272422
0.441300871801
0.415959962481
0.450674556427
0.304498939896
0.292086214548
0.270250215399
0.464360637427
1.03162204762
0.536851751682
0.814303695059
0.473372906299
0.64463979461
0.608780842709
0.504503573273
0.50294739925
0.451973287919
0.383802982612
0.351013720464
0.480484240013
0.606169651945
0.687541765734
0.770684283008
0.485521622834
0.459984143105
0.438678917204
0.547236788551
13.8364134942
