0.289495724868
0.266436061531
0.211920066177
0.191347440484
5.03249914504
2.72272978141
2.60766192766
2.36721464491
3.65999406559
4.00811065898
4.31214654943
3.72501038884
2.40173586093
0.896313550233
0.975517016493
0.975718608707
8.90363102087
1.83890491773
0.621804035268
0.660944199401
6.63561269909
3.96160794091
3.21558892565
2.46233664886
1.73726487379
1.16272403231
1.19760907839
1.28269914287
3.67752654169
0.734175495719
1.03580180588
0.848192814899
2.33589643492
2.44411700085
3.83019943171
1.42249406741
2.75230191147
2.75521213643
1.71946183015
2.09618838442
2.75655888481
1.99302072211
1.87835970475
2.12890977653
1.78060971858
1.56364576223
2.05922807038
1.62641687483
0.947583838558
1.8855938929
1.76555630113
1.35072635473
5.46482535066
1.66138805366
1.58344495581
1.03230844966
0.881966549536
1.08364554052
1.62638881673
1.42011228644
1.33035209052
1.43599476157
1.12464336884
1.21562135833
1.45173102452
0.822058957489
0.652397925345
0.42643156767
0.724987267465
0.707790219246
0.78440284755
0.759643262411
0.756027911075
0.742926595373
0.987266188972
0.552320782101
0.596853307251
0.409750110875
0.752874291575
0.720576119598
0.825187362115
0.444113994023
0.588752235287
0.731224710343
0.652548130082
0.550851689658
0.712994306092
0.321126581487
0.401690540832
0.603681284248
0.359392768916
0.388961598136
0.513571000884
0.599205442065
0.732023755236
0.638277739275
0.54057263886
0.57327160764
0.579271506976
0.411705768411
0.369361887887
0.24581411244
0.193313260931
0.206523927068
0.264575745837
0.54345352376
0.486274169394
0.627749814842
0.56358194146
0.580520823869
0.446121562565
0.420131421838
0.689037545915
0.425566846028
0.393804883677
0.28424924448
0.283523887498
0.439650523458
0.446018051936
0.472943701015
0.412264271611
0.450286079632
0.419733693439
0.382142032376
0.515094971889
0.389063840192
0.32580473282
0.432686605835
0.394944377616
0.391785269661
0.45510427116
0.507524657022
0.535069789832
0.450248641095
0.31726286803
0.322235405695
0.323997088106
0.22678115596
0.213411129287
0.226484852962
0.341806979466
1.09847626418
0.425928844116
0.575082576175
0.371474022719
0.466891551566
0.426232063866
0.3553708095
0.34671375266
0.316002173779
0.280095870947
0.265159677105
0.340230885616
0.430159338306
0.482610611734
0.535860523921
0.345873264299
0.329277609166
0.308103916684
0.371235007859
13.8364134942
