2.27272727273
3.24675324675
4.83582089552
3.64102564103
145.830734967
127.384384384
96.5070707071
93.960960961
127.171606864
131.208722741
132.474
127.589595376
68.7775862069
47.2257551669
41.0016313214
42.9638157895
143.965517241
59.4164222874
26.0401968827
18.9571428571
63.7195767196
85.7165605096
191.113462669
148.757423251
97.6739130435
58.0480620155
56.4281567489
59.1621621622
162.203871748
6.9943289225
24.9375
25.6833751044
86.4191331924
114.209737828
121.356668678
30.9428571429
123.282994375
120.926959847
65.2750780205
149.792665726
186.095383891
117.031510658
83.8766612264
89.084742225
96.286377709
92.9770538824
79.7397220614
70.464010989
47.8343769568
102.305608755
115.472267728
98.8513581489
124.719333467
82.9984062334
64.8097319901
55.0828429153
56.2619987534
61.6944080384
79.944980695
67.4382346418
62.135804769
78.1499910826
75.9161749393
57.2397838568
75.2643214683
39.9134332181
37.2703323426
24.2579032495
46.9412964998
50.4530650073
66.811579308
57.3566936208
62.9780342934
62.3357087184
80.4512101125
47.7105517909
47.1760191847
37.1235846005
41.3062247598
46.3102752729
48.8037818182
44.3592265564
48.4381246013
44.4641213389
53.8068150079
43.7336115076
54.3506947818
32.4472701584
42.0323928121
44.1477528835
31.3896312523
32.7253346554
43.4086172033
56.3152079552
72.6414099571
64.6058333333
45.1834341906
45.7826621358
48.4154471545
37.5853316609
37.9828722003
27.9934588844
20.8630630631
21.3086091579
27.3639888443
46.4163082217
52.0170194059
54.4410727317
53.7253241598
45.3085630947
39.7875880117
41.4312685741
57.4356255178
44.8867913256
36.2799217633
32.2473968631
28.9434233417
43.1853711658
44.3434303175
46.141441501
48.6975875763
43.3698143313
48.5918130913
41.1933888776
49.6565753193
35.5613984605
34.6408140031
40.8325738836
45.4182919057
43.5616602368
53.1456925419
56.4619007129
52.3389712944
43.0394533127
40.4151900145
43.155102234
38.3284140511
29.9708709752
25.0648432175
23.3860337678
35.9605917378
45.689439514
58.1612819582
53.6780840991
46.0726750418
45.6023809524
41.4639604659
45.0342636492
42.4709408514
37.3401149713
32.8456359556
31.7834351306
34.2786733238
45.0269226126
48.7153090842
54.822407045
40.7466511608
35.1026377367
36.2152112133
36.3375494071
32.0833333333
