5
9
63
46
3
15
3
23
13
76
1
1
1
1
3
1
3
1
1
3
4
1
2
1
2
1
2
1
2
1
3
3
2
2
3
2
6
3
3
3
2
6
6
2
4
6
4
5
7
7
3
2
6
6
4
12
4
2
6
5
12
3
3
4
8
10
8
7
8
11
3
5
4
4
5
3
7
6
11
7
13
5
3
2
2
2
5
4
5
3
5
2
5
1
7
4
4
9
9
11
1
2
1
1
1
4
2
5
4
5
5
7
2
4
2
2
3
4
2
3
7
10
8
7
4
3
2
5
6
5
2
7
1
6
2
5
3
4
5
7
4
5
6
5
6
9
4
8
2
2
6
8
6
5
6
8
15
6
8
9
6
4
11
8
8
6
3
3
1
1
4
4
6
9
7
1
13
2
2
2
2
1
2
3
11
11
20
29
1
2
3
7
4
1
4
1
9
27
32
32
2
2
1
3
1
4
6
4
1
15
9
6
3
1
1
6
5
3
6
7
3
8
15
2
3
2
2
2
4
2
4
2
2
1
1
3
1
4
2
1
1
4
2
2
1
2
1
3
1
4
1
1
11
10
2
2
4
6
6
6
6
11
16
11
11
9
11
7
12
2
1
3
10
9
15
16
10
6
7
5
9
3
4
5
8
14
7
10
8
8
8
11
3
1
4
5
10
10
12
18
5
19
18
7
11
7
4
8
10
14
12
14
7
10
5
6
12
6
2
1
2
4
5
14
3
5
6
3
6
1
1
3
9
6
9
4
11
8
6
8
1
4
3
4
8
13
19
12
4
7
12
9
1
2
4
8
4
11
20
10
7
5
13
7
3
3
7
5
13
19
10
10
13
13
14
14
1
1
16
17
12
16
16
16
7
15
2
4
7
9
10
7
22
15
9
10
10
7
6
1
5
12
9
11
11
4
13
9
7
10
3
1
5
11
8
13
11
5
4
4
4
10
3
1
5
7
10
11
11
7
2
5
8
10
1
2
4
6
9
11
5
2
2
3
8
6
5
2
3
9
9
9
10
3
7
10
2
7
3
11
6
9
10
7
6
8
3
8
2
2
3
7
13
10
21
7
6
8
7
6
4
3
2
4
9
2
14
8
8
8
9
10
4
4
2
5
4
5
6
6
2
3
7
4
4
3
10
5
6
7
2
10
7
10
9
2
4
2
10
10
6
3
10
2
5
5
3
2
2
6
5
8
12
6
8
4
7
7
5
2
7
6
8
12
10
6
12
3
6
8
4
4
2
10
6
11
8
9
5
5
7
3
3
1
1
6
6
15
13
9
5
5
5
4
3
3
5
5
3
11
6
8
6
5
5
9
1
6
7
7
10
12
6
3
4
8
4
2
6
3
4
11
8
11
9
10
6
7
4
6
4
4
2
7
10
8
7
3
9
5
4
2
2
2
5
5
6
6
10
6
9
10
8
2
3
2
5
9
11
17
8
7
5
5
4
3
3
5
2
8
7
7
6
7
10
6
1
3
6
11
10
4
8
4
2
6
5
4
2
7
6
11
9
11
5
9
11
3
3
2
2
4
4
12
7
6
7
6
4
8
5
4
4
2
3
5
6
9
5
5
4
3
5
1
4
2
7
8
12
13
7
3
7
5
5
2
2
4
3
8
8
7
5
3
4
7
4
2
7
5
8
10
4
4
5
9
8
5
4
5
9
11
5
8
11
6
6
4
3
1
2
7
5
12
11
5
4
11
11
4
2
3
4
4
8
14
9
10
12
5
9
7
3
5
4
7
7
6
6
6
7
5
8
1
1
4
6
4
9
7
2
3
5
6
7
1
9
7
6
9
2
6
7
2
8
7
11
8
5
5
4
3
1
2
1
5
4
8
11
13
4
8
13
6
1
7
7
9
14
18
15
6
11
12
8
7
3
5
7
10
13
21
12
14
11
14
11
6
5
3
5
7
16
17
13
13
10
10
13
7
1
4
5
16
21
20
9
10
11
10
4
1
3
4
3
12
10
11
9
12
3
6
6
12
19
35
30
29
16
25
14
15
4
5
5
9
31
26
38
24
23
22
18
17
3
5
10
17
26
32
12
12
25
19
16
4
4
4
12
19
26
24
22
24
14
16
15
6
6
9
16
26
31
16
15
19
12
15
5
4
6
12
20
26
36
15
19
10
16
9
1
4
5
12
18
17
24
8
10
14
8
16
3
5
4
5
10
18
21
8
12
14
16
8
6
6
5
5
22
23
18
15
14
12
15
12
2
4
12
13
5
4
4
6
9
16
17
14
11
11
13
12
5
3
7
8
16
15
13
6
10
16
11
2
4
8
4
13
12
11
7
13
16
11
12
2
5
5
4
11
11
24
8
14
13
5
10
4
4
3
6
7
11
17
13
13
23
15
18
5
2
7
10
9
18
18
24
27
42
38
47
5
7
4
3
14
11
14
18
15
27
32
32
2
1
6
5
12
18
12
20
19
11
20
14
3
2
7
11
15
8
19
15
11
10
13
13
2
7
10
7
8
10
13
13
9
15
16
8
1
5
7
9
14
11
5
12
6
12
6
3
3
7
12
12
12
12
9
11
11
5
1
3
5
11
7
9
12
13
11
6
7
10
1
4
6
11
5
8
12
12
9
5
4
2
8
7
11
11
12
4
6
8
10
5
8
2
8
12
16
13
5
9
6
12
4
6
1
8
13
5
12
7
4
3
5
5
5
6
7
10
11
5
6
10
3
5
2
3
4
7
15
10
12
12
6
9
13
5
4
2
9
9
13
9
6
8
7
12
5
8
6
6
11
12
10
10
4
7
5
9
4
4
6
11
9
11
8
10
12
5
7
5
6
3
5
9
10
14
10
9
6
8
10
10
5
4
4
6
9
17
14
8
12
3
6
6
6
6
5
7
7
13
10
7
6
5
7
5
7
25
27
42
72
70
81
93
129
157
237
151
145
31
32
60
63
74
90
98
133
171
192
145
140
16
23
42
60
73
84
69
136
148
273
139
130
33
21
57
57
83
78
83
101
142
163
104
110
37
33
37
56
89
101
108
131
150
172
155
129
32
34
52
55
67
86
117
131
54
152
144
194
37
18
39
59
79
81
116
172
188
191
171
121
49
50
64
72
93
100
142
160
164
166
184
130
34
32
58
70
77
87
98
138
153
135
143
158
30
40
52
33
80
128
114
180
174
162
165
35
47
56
57
59
52
72
121
140
156
152
119
31
50
56
58
116
102
128
111
131
150
150
140
33
36
49
80
72
122
139
162
141
192
179
165
37
26
46
70
80
98
102
124
182
193
186
202
46
46
47
60
72
94
120
115
172
162
152
196
59
48
69
85
115
94
116
158
159
135
153
163
26
42
29
50
48
49
76
93
124
143
117
117
38
42
74
90
113
107
148
160
186
212
164
183
84
50
88
112
130
156
164
133
219
206
167
171
60
59
56
56
65
59
85
89
195
190
176
157
56
65
89
153
158
150
151
172
30
22
33
62
55
58
91
105
108
142
100
110
30
34
23
41
58
57
62
82
68
136
121
101
23
31
51
51
67
65
94
106
123
116
109
42
31
35
65
64
48
75
79
91
105
105
97
23
38
38
34
41
34
54
94
99
120
113
119
21
36
43
34
40
54
61
97
110
120
111
119
22
26
37
52
53
64
94
73
98
90
93
127
18
30
43
38
44
30
51
59
76
86
91
91
23
25
45
42
43
28
62
95
119
122
139
116
34
28
32
24
44
35
76
104
122
109
92
79
24
31
35
43
63
50
79
100
123
137
119
18
22
31
44
36
30
59
107
103
130
129
133
17
27
9
46
43
46
70
109
112
136
131
101
22
17
16
12
23
22
44
80
131
99
90
113
36
29
31
26
31
60
76
90
115
129
127
129
15
31
37
26
39
37
62
88
121
107
124
106
46
39
35
50
45
59
75
103
134
158
149
122
21
26
47
65
81
127
140
134
166
135
26
21
36
54
52
37
46
81
72
91
97
96
17
23
30
50
53
98
17
30
27
37
40
57
71
91
131
131
153
137
24
31
42
34
56
51
72
110
136
154
135
149
29
29
34
47
94
116
141
165
163
139
26
30
37
42
36
33
79
110
144
166
147
18
31
39
47
39
58
145
154
142
151
141
23
25
30
31
49
62
65
91
116
131
132
109
33
33
42
81
94
90
94
119
116
10
14
26
24
22
51
30
44
68
98
117
88
6
18
21
22
22
19
34
38
47
48
73
57
11
5
21
29
35
32
75
98
77
44
35
7
8
19
19
20
32
57
55
57
104
80
54
10
16
17
16
14
27
30
29
25
81
79
102
10
9
5
8
4
3
4
13
72
25
60
42
28
19
24
37
52
80
77
93
78
89
9
12
18
30
37
44
69
109
112
116
127
158
16
25
28
43
40
54
69
95
139
132
32
119
30
22
23
40
24
42
71
114
123
79
71
98
20
93
33
39
68
42
58
88
122
127
154
162
41
38
30
71
83
136
24
28
30
36
55
74
113
137
153
153
154
18
30
42
59
79
83
76
95
100
73
12
18
19
33
17
35
36
48
79
80
87
90
21
28
38
34
33
47
51
92
86
126
141
134
17
19
21
42
47
54
78
87
107
111
116
118
18
15
24
28
29
33
57
98
122
115
145
150
25
18
24
18
25
53
54
93
106
130
151
155
29
30
26
33
41
67
109
145
159
130
130
25
21
36
40
38
48
58
104
117
139
149
125
24
17
32
43
48
59
64
70
95
108
114
125
17
26
16
35
39
61
66
109
130
153
160
139
16
17
22
26
39
73
76
88
111
108
114
141
10
4
13
35
25
37
31
62
95
97
114
71
11
16
18
36
36
60
92
169
168
198
183
17
15
30
35
36
45
75
112
155
178
188
157
30
30
36
44
74
77
113
107
144
193
232
202
23
27
17
23
30
48
62
123
152
222
213
182
25
27
17
25
36
63
87
89
136
174
216
153
50
49
45
32
35
40
75
144
135
177
206
23
23
23
40
47
69
117
82
97
237
210
221
24
32
18
31
59
87
94
125
153
160
208
223
16
37
41
52
62
104
126
151
146
194
200
23
48
98
85
118
176
170
270
309
317
27
31
76
108
101
105
184
232
239
284
369
385
22
32
86
90
130
99
90
238
222
247
309
295
25
17
73
112
168
206
217
224
192
304
345
303
21
15
49
74
73
61
112
142
130
214
267
209
13
14
23
35
35
54
58
121
152
175
203
121
13
18
14
16
22
49
77
90
135
139
189
193
14
20
23
18
38
40
65
91
136
207
191
205
20
16
15
15
29
31
41
90
79
107
111
142
12
10
20
26
29
65
77
92
129
114
25
47
43
95
102
153
160
128
141
12
12
26
9
14
37
57
77
96
132
106
132
7
9
10
17
21
39
60
65
114
143
152
119
11
10
12
20
18
37
31
40
70
72
62
65
5
8
5
11
17
13
30
43
54
52
68
69
10
11
16
19
26
39
40
86
92
106
115
122
9
12
15
23
37
44
42
93
97
89
123
115
9
9
13
22
29
25
51
79
77
96
107
95
25
19
14
34
35
62
73
74
122
125
144
129
9
14
26
23
37
52
83
99
121
89
69
8
17
11
15
39
64
74
95
5
6
7
18
14
32
43
77
78
82
84
72
2
6
12
16
14
21
14
33
35
66
59
60
5
8
6
8
16
24
34
31
45
41
60
81
7
5
4
9
22
27
37
53
60
62
77
70
8
9
10
18
24
27
32
36
54
85
70
75
3
5
15
9
27
29
37
45
60
82
93
75
11
13
13
17
33
36
38
79
93
109
146
135
7
9
11
16
33
46
55
83
101
104
106
117
9
13
17
14
28
54
61
84
107
130
125
118
8
12
14
26
32
39
38
86
94
122
138
120
8
11
8
14
34
46
51
74
76
93
100
121
63
77
101
107
90
111
6
44
53
58
38
95
102
103
6
5
21
38
85
87
99
133
140
129
11
13
9
15
32
79
126
109
99
5
22
35
44
65
99
124
125
132
118
7
10
9
20
41
39
58
106
125
137
102
109
11
13
23
44
51
57
79
109
111
82
102
10
11
19
23
26
34
52
71
83
93
85
82
6
6
10
15
28
43
62
74
98
86
97
113
10
12
9
18
32
21
40
68
95
111
101
90
2
7
9
27
30
34
52
96
102
94
84
81
6
9
10
26
34
25
38
76
84
69
79
74
7
8
21
15
31
39
57
75
88
89
102
94
6
11
9
17
31
34
45
91
96
104
63
84
5
6
14
14
34
52
53
53
75
80
83
63
1
7
11
17
28
37
44
49
92
100
85
82
11
3
10
15
32
43
46
55
82
88
79
69
9
10
6
16
16
32
50
70
66
85
90
84
6
9
21
31
32
35
50
77
99
118
117
76
10
8
7
15
27
36
32
57
83
106
115
106
4
10
11
14
25
23
60
65
64
101
85
81
18
12
14
57
71
82
99
97
85
4
14
16
27
23
28
51
54
104
105
102
106
8
10
8
18
22
37
47
86
104
93
96
104
12
9
6
7
14
15
25
38
58
53
63
49
2
7
9
12
26
34
54
76
85
84
89
86
15
12
12
19
32
79
100
91
17
9
19
25
27
35
45
69
83
105
87
96
4
13
9
13
19
40
60
74
85
95
84
88
19
3
11
85
111
91
58
49
16
51
17
3
2
2
78
136
139
103
108
59
73
20
1
99
104
69
34
9
99
101
93
40
36
21
21
7
4
4
29
81
46
65
55
21
42
13
9
2
3
7
4
2
108
60
91
71
45
31
14
5
14
28
1
6
12
10
15
16
12
15
8
3
1
2
5
4
23
23
12
27
8
7
6
6
3
7
15
1
1
13
20
15
7
11
7
3
2
5
9
18
20
16
13
16
14
10
6
6
10
9
13
26
11
18
23
23
13
10
7
7
13
7
14
30
16
26
25
22
7
12
1
86
42
19
9
26
30
38
26
19
18
6
7
4
6
14
25
54
42
67
26
30
10
18
17
33
52
36
32
1
32
58
44
3
22
61
4
4
2
5
5
2
5
1
5
19
16
94
17
29
13
25
25
2
19
26
1
12
7
10
39
18
10
14
110
7
2
1
7
12
11
15
19
28
13
8
5
53
4
68
12
21
17
16
15
25
6
5
5
7
1
8
9
16
26
40
15
34
3
9
9
8
9
21
12
4
5
6
12
102
2
8
9
9
30
3
1
11
12
32
27
22
4
1
1
1
10
1
1
2
3
1
30
26
2
3
3
5
1
16
10
7
2
7
21
16
13
9
7
12
12
5
4
7
9
2
6
7
5
2
7
4
6
2
11
8
2
18
9
2
1
8
40
28
3
3
7
5
6
30
24
6
3
3
7
1
25
23
21
6
4
5
1
8
2
9
6
1
1
1
3
10
6
5
7
6
6
21
24
28
1
1
3
2
12
43
20
19
13
23
5
3
1
2
4
15
41
11
3
15
5
1
17
38
37
6
16
4
64
79
6
1
4
4
4
34
81
87
1
6
2
7
3
17
46
20
2
1
1
2
2
9
50
44
7
3
2
1
5
10
18
47
4
2
7
12
3
8
59
60
22
11
3
2
4
1
1
50
40
2
3
7
6
1
49
52
1
2
2
3
19
58
49
49
82
64
6
9
30
29
33
48
49
102
84
125
192
165
2
22
17
28
46
87
106
109
119
127
164
164
15
18
34
32
40
27
28
64
42
18
65
22
2
23
2
26
15
36
55
54
72
67
74
3
1
3
2
1
2
4
2
9
3
7
1
3
26
7
57
39
55
38
15
15
18
16
27
28
15
25
22
27
53
43
82
8
16
27
36
14
15
31
50
16
38
58
54
26
17
47
65
92
17
11
24
18
28
42
31
26
23
50
35
64
13
16
26
24
23
26
30
33
42
88
60
9
11
9
8
11
17
17
16
14
43
54
62
7
14
19
22
11
19
18
10
24
60
93
70
6
14
13
4
7
8
11
9
10
34
61
67
13
17
15
5
17
18
26
20
20
46
42
26
9
16
23
17
13
14
17
16
37
40
54
63
5
7
10
8
13
9
12
13
14
16
17
8
12
20
27
12
24
37
20
20
28
36
37
21
12
15
16
14
19
22
25
33
31
38
47
5
10
22
18
15
26
40
26
24
31
44
47
7
24
29
33
32
41
12
10
13
29
13
35
26
30
30
29
55
8
15
20
15
18
17
20
31
29
56
55
58
9
23
7
22
17
28
16
19
32
42
49
35
7
14
12
18
19
7
15
19
9
34
44
52
5
7
13
17
11
8
18
12
18
42
53
49
7
6
5
8
7
8
18
16
21
41
51
39
10
5
4
3
1
1
6
2
1
5
18
18
12
14
21
20
22
34
39
39
65
3
26
25
31
33
45
60
83
10
11
8
23
12
12
17
12
10
30
42
35
20
13
12
15
16
20
22
14
4
42
48
61
9
7
16
10
21
20
6
11
13
28
47
67
15
23
20
16
15
14
17
29
33
41
76
86
16
19
26
29
18
22
38
33
52
90
97
11
22
25
19
30
22
23
34
18
54
26
14
46
12
16
11
6
11
7
9
11
27
29
7
14
27
20
11
12
14
7
17
11
30
23
14
24
20
18
16
14
16
15
9
29
43
51
9
17
16
25
14
13
5
16
19
15
35
34
13
25
21
18
16
10
11
14
17
17
59
56
23
13
30
18
14
8
17
18
13
22
94
78
10
45
70
19
18
7
28
27
9
42
54
15
25
49
27
23
29
17
37
41
44
74
69
11
45
54
72
52
22
33
39
54
61
72
73
49
37
39
40
22
25
23
40
17
51
89
89
22
28
25
31
13
22
29
18
31
36
80
98
19
29
28
33
18
24
23
33
24
35
89
88
41
35
40
39
33
48
55
27
30
53
96
91
7
22
26
15
13
19
19
17
15
42
86
109
9
31
20
14
24
16
19
23
30
37
81
102
20
19
15
11
9
22
16
25
37
46
98
109
16
21
17
19
15
22
11
22
36
47
108
99
16
12
16
15
14
24
38
38
64
62
69
82
17
42
52
38
40
35
21
56
33
40
77
112
