23
1
9
19
170
34
140
217
7
45
104
119
132
24
1
2
2
2
1
2
3
1
1
2
1
3
6
6
3
5
1
4
4
4
1
3
11
7
5
4
9
1
9
6
4
3
2
4
14
5
10
7
8
8
6
12
6
5
2
10
4
11
6
7
7
5
13
7
6
2
3
6
9
10
7
4
3
7
3
7
1
5
4
7
10
6
5
5
7
3
5
9
3
3
5
3
9
11
7
8
8
3
5
7
8
7
4
2
10
12
14
9
7
5
12
5
7
7
7
4
12
13
11
11
8
11
9
16
13
6
11
5
11
8
3
13
15
14
14
12
3
4
13
4
7
4
3
20
11
10
11
8
4
3
10
3
4
2
3
25
19
11
18
13
8
8
6
3
8
5
1
28
22
28
39
26
30
11
15
11
5
4
43
39
35
32
38
16
17
10
8
5
4
3
11
27
20
11
11
7
13
8
10
3
2
1
15
18
14
15
10
9
12
10
14
4
7
3
5
5
7
9
7
5
6
7
4
1
5
13
10
8
9
4
10
5
13
5
6
3
5
10
12
10
4
3
2
1
8
8
1
3
2
13
13
8
2
1
4
8
10
6
4
1
7
16
7
11
7
2
10
5
7
7
5
5
10
7
5
9
5
9
7
5
11
2
6
11
11
11
9
6
3
6
11
12
7
2
2
14
21
21
7
12
8
13
12
16
16
11
2
13
21
11
14
9
4
7
9
19
11
7
6
24
22
16
7
6
10
14
9
19
16
12
4
18
29
30
18
9
12
11
19
26
23
5
4
20
20
18
12
6
6
5
14
13
8
9
5
11
17
19
8
5
7
9
16
7
9
13
19
21
8
6
9
8
11
20
7
4
3
16
23
20
6
9
7
9
12
14
24
4
2
21
33
34
15
8
10
12
22
31
30
17
6
25
25
24
17
6
12
12
17
13
12
3
3
22
24
20
10
9
8
6
9
7
8
2
18
28
15
12
4
6
11
6
8
15
9
5
13
19
11
10
6
12
9
12
3
4
16
13
18
14
7
9
15
13
9
11
7
1
9
16
15
5
9
5
7
6
5
4
5
1
16
28
16
10
11
8
8
12
15
11
3
3
9
24
13
8
6
4
3
17
19
11
17
6
11
6
5
16
10
3
21
27
10
7
7
3
5
10
7
14
9
8
18
21
15
9
8
9
9
10
13
9
11
3
9
10
7
9
1
2
7
7
4
5
3
2
10
12
21
2
4
4
2
6
6
7
5
4
7
16
18
17
9
5
7
10
6
6
2
10
10
8
5
5
1
12
18
16
13
6
6
5
10
6
9
5
8
13
17
14
9
3
4
5
9
5
6
7
14
10
7
5
3
5
7
10
10
14
10
5
9
4
5
11
11
3
3
11
21
5
13
5
6
1
6
10
6
7
2
8
10
16
10
7
4
3
9
11
1
6
5
13
9
14
6
7
3
3
6
10
4
4
4
12
15
9
10
8
7
9
3
6
10
7
9
9
4
5
6
6
1
11
11
5
10
3
2
3
4
1
6
5
1
12
14
9
11
9
5
3
5
6
8
2
5
5
10
9
5
8
6
9
9
3
3
4
2
7
5
7
9
10
4
11
4
8
3
3
1
7
13
8
9
6
2
2
1
2
5
7
13
6
2
3
3
5
8
4
2
4
6
17
8
5
4
7
2
2
4
7
2
1
8
11
11
9
5
3
3
3
4
9
6
3
5
2
7
4
8
1
1
5
9
11
9
4
4
5
8
6
1
1
1
11
3
5
12
4
6
2
10
8
4
1
5
6
6
11
2
9
5
2
3
5
2
1
2
5
13
7
4
2
5
4
3
3
5
3
5
4
7
3
10
5
5
4
3
2
4
6
3
6
6
11
8
11
4
2
7
5
6
4
4
10
15
6
5
3
2
6
2
3
2
4
11
11
14
6
5
5
5
5
4
5
5
2
11
12
6
6
9
6
4
7
16
16
6
6
5
2
7
4
2
3
2
2
20
8
8
4
9
4
4
8
4
5
1
2
15
11
8
4
8
6
3
8
7
7
3
1
11
13
10
6
1
4
3
5
6
1
10
15
4
6
10
9
2
4
5
5
4
7
20
20
9
11
5
4
8
7
5
3
2
5
14
18
11
12
8
10
6
5
8
2
5
5
10
20
10
9
3
6
6
4
4
4
4
1
25
13
15
13
9
3
6
6
4
9
13
17
14
13
8
8
3
6
7
6
5
16
19
9
9
9
7
6
6
4
3
6
5
15
15
16
10
5
10
5
5
5
4
4
3
15
18
11
10
11
7
3
7
4
4
1
15
15
22
20
12
17
15
13
6
6
2
4
2
2
15
12
16
10
6
10
10
9
9
3
2
3
11
13
22
20
12
10
9
3
5
6
5
25
25
33
28
16
19
12
7
9
7
8
9
46
51
52
34
27
26
18
7
9
5
7
2
28
28
29
28
28
25
13
7
6
2
6
4
25
18
13
14
17
10
8
6
12
9
5
4
9
16
11
16
11
7
4
3
7
8
5
13
12
14
9
10
13
7
10
8
3
6
3
4
13
16
11
10
8
7
6
7
2
6
11
16
11
11
3
5
8
7
5
7
3
8
14
12
9
11
4
6
9
13
9
10
16
9
4
8
8
6
8
6
9
9
4
9
7
6
9
7
9
3
4
9
6
5
8
6
4
13
8
1
3
4
15
13
6
12
10
3
6
3
5
3
10
10
6
18
4
9
5
7
6
6
4
8
6
10
9
7
7
9
6
8
8
5
7
9
7
11
10
11
10
6
8
12
9
8
10
7
13
13
15
12
6
9
9
6
6
5
7
10
13
12
14
7
7
11
7
3
7
5
7
10
14
11
6
6
8
7
4
6
4
9
8
11
18
12
9
6
13
5
4
8
9
6
9
12
11
16
13
13
4
9
7
6
56
53
36
30
132
119
149
124
104
91
87
69
78
66
39
58
214
89
66
71
59
80
67
71
24
51
35
42
133
128
128
103
105
96
93
84
66
96
72
26
138
121
121
107
49
64
73
52
70
43
69
154
128
114
112
78
17
49
88
120
106
83
72
36
97
88
85
57
95
73
54
86
106
66
43
34
161
150
103
58
74
83
115
92
102
66
43
166
172
114
66
42
150
171
104
31
28
49
159
103
133
40
51
58
109
73
19
45
31
35
146
136
75
93
152
144
93
128
108
22
39
39
154
119
154
126
148
133
126
67
54
84
57
55
145
127
137
115
111
133
145
104
110
56
47
38
146
148
145
160
156
158
173
142
144
103
91
64
146
154
142
157
154
141
168
114
176
152
67
59
164
155
227
171
126
71
112
88
52
95
79
187
188
160
154
138
141
108
98
100
105
110
220
52
168
164
168
136
152
140
161
129
93
73
71
64
173
188
157
140
139
159
89
110
124
176
55
49
172
151
105
110
72
80
146
139
127
89
54
82
185
118
109
161
135
152
115
121
138
100
116
146
127
40
63
44
99
84
97
58
62
42
195
206
157
93
146
147
90
84
53
51
31
116
106
65
65
105
104
88
86
64
59
43
35
107
119
138
140
114
124
91
93
88
72
53
41
93
96
114
133
105
122
110
98
70
55
38
26
122
84
56
46
51
40
119
73
92
125
84
100
63
74
36
39
21
147
105
123
113
115
86
67
66
46
25
112
81
99
70
46
49
31
34
127
99
127
73
114
103
158
84
78
74
49
50
133
66
71
94
98
64
121
52
69
56
53
48
111
75
104
74
46
82
107
92
71
60
45
23
135
91
84
76
71
69
90
83
55
45
30
30
96
57
33
41
78
96
70
81
77
53
59
39
96
85
55
76
40
102
115
73
72
33
31
19
132
79
76
79
33
25
26
16
39
58
29
28
95
90
88
83
106
98
32
17
45
55
47
27
126
125
124
51
99
83
84
48
37
48
32
31
107
73
79
64
35
25
37
85
101
73
58
20
69
54
56
53
19
19
47
40
22
165
110
63
63
70
66
65
41
38
33
31
19
150
77
105
126
77
64
32
36
66
60
36
35
152
141
128
123
107
54
123
104
57
48
44
32
140
97
115
101
52
70
92
54
35
32
31
30
135
39
32
123
110
110
102
120
93
51
57
109
105
75
77
70
88
94
57
48
34
14
21
101
132
86
57
52
78
88
56
30
20
9
5
59
65
80
69
62
52
50
43
35
31
26
16
56
66
40
52
51
44
31
32
23
10
63
59
65
68
46
15
45
39
48
30
25
18
111
85
48
67
58
28
56
25
21
19
19
2
80
91
85
146
127
120
122
77
76
51
25
17
126
62
87
119
133
123
90
69
65
35
23
27
93
99
146
175
119
120
104
89
67
68
31
27
119
141
92
109
112
90
83
84
45
43
38
36
143
148
134
187
132
115
119
73
69
63
52
49
161
130
93
93
89
57
54
35
30
115
112
118
140
121
143
107
73
48
40
37
29
114
90
109
96
87
100
70
43
54
51
41
24
105
96
94
112
94
97
93
117
69
49
27
21
127
125
124
111
108
129
94
90
59
47
41
20
119
143
143
122
110
109
70
86
58
54
43
23
161
132
122
144
147
157
118
103
81
55
30
36
125
140
159
167
148
128
157
146
104
103
80
62
30
32
119
109
98
140
162
165
122
122
117
51
30
26
142
124
89
85
48
24
42
52
42
49
17
16
115
121
102
114
134
146
94
59
58
52
29
28
131
144
119
74
93
82
83
77
50
41
17
11
113
169
161
171
168
138
164
148
109
86
41
43
36
165
219
216
224
166
121
146
102
76
46
36
20
180
215
156
94
148
141
125
95
75
27
37
37
224
221
143
100
182
177
143
120
82
72
36
29
140
207
110
117
115
138
113
120
103
72
36
52
177
158
140
135
113
106
90
98
81
60
27
19
213
205
217
156
105
145
104
107
62
48
41
30
186
219
156
154
76
92
105
70
50
63
30
27
146
145
150
157
61
77
35
31
13
260
286
261
235
98
85
77
136
107
84
56
38
354
364
297
233
194
189
181
150
141
73
34
27
274
356
278
136
141
138
134
114
104
63
44
25
334
291
241
197
106
67
107
75
77
52
30
20
242
210
191
77
81
104
67
63
54
34
24
20
154
174
156
149
81
166
128
99
74
52
32
27
119
185
150
178
166
159
109
93
71
53
35
31
196
220
187
194
146
125
111
69
64
59
36
15
116
131
86
52
159
137
113
168
142
114
135
131
98
66
34
167
118
113
77
43
36
23
8
126
140
105
103
129
125
80
72
41
24
22
6
113
124
129
85
84
104
67
60
61
46
22
15
93
75
77
109
117
114
101
70
53
45
16
6
64
59
75
117
122
125
110
90
58
37
32
13
116
129
96
115
123
120
104
105
70
47
21
15
113
113
118
101
109
100
141
134
72
30
17
13
95
120
106
113
102
116
115
76
44
22
12
9
114
144
127
108
130
104
100
83
59
52
23
21
57
69
115
135
144
111
103
93
81
51
37
18
123
133
134
126
78
87
48
9
6
66
67
63
78
113
101
88
80
78
43
9
13
54
85
84
94
86
73
81
63
52
23
9
9
73
74
59
75
50
72
91
74
54
38
17
6
81
94
118
103
83
74
66
70
39
23
16
8
75
72
64
68
80
95
83
63
57
45
24
15
78
96
141
118
146
100
130
113
81
27
16
10
91
120
129
108
36
119
99
79
51
23
28
18
97
85
108
91
128
127
123
98
81
44
16
15
112
121
92
95
103
90
91
89
68
36
17
21
92
79
110
121
112
97
89
111
62
53
22
10
90
105
95
117
108
118
98
93
73
42
22
20
87
59
110
129
111
103
79
40
38
19
13
84
117
61
126
118
93
86
70
66
37
18
14
81
104
49
114
95
83
85
81
57
49
26
17
114
134
128
121
105
78
93
83
59
45
22
9
94
88
82
135
115
100
85
91
68
36
17
18
84
94
76
102
88
89
66
72
52
44
34
18
9
98
89
70
72
68
77
52
57
40
26
20
6
89
96
94
105
75
85
84
70
50
33
25
8
80
92
99
98
75
96
54
61
42
34
17
11
87
62
58
71
75
63
64
58
46
27
19
14
79
87
87
83
89
85
75
56
46
27
18
12
86
69
99
72
87
78
68
59
43
28
26
10
55
69
71
95
88
60
73
88
80
59
59
85
59
65
43
21
13
3
80
78
93
97
73
73
79
56
44
41
17
10
67
79
75
82
79
63
45
65
59
33
17
12
66
80
94
84
80
69
64
53
63
32
21
9
86
72
90
89
87
88
107
76
49
26
11
9
70
80
94
87
74
84
65
63
51
23
20
13
104
81
88
93
116
88
75
63
49
32
18
14
92
97
84
80
91
85
70
61
34
30
19
8
82
76
102
86
58
55
44
43
39
29
7
6
82
94
100
106
106
86
80
85
51
29
19
9
42
49
43
45
50
22
21
44
22
20
4
5
91
89
79
85
99
82
71
81
53
36
28
17
100
87
94
107
102
72
73
93
49
20
18
15
86
90
112
103
91
80
94
107
77
57
44
29
14
8
81
4
11
1
33
222
127
173
212
211
121
1
2
4
5
34
87
48
39
71
114
107
40
4
11
9
10
18
28
33
27
3
10
1
32
156
180
185
161
175
155
1
32
113
150
141
131
133
123
11
7
1
2
25
51
41
100
130
121
102
4
35
38
20
84
48
42
51
1
3
1
16
8
36
54
38
31
41
39
18
1
7
4
4
6
9
13
7
13
11
16
21
5
8
2
5
6
2
6
8
7
10
8
14
18
31
18
25
32
19
11
5
4
10
9
29
24
41
32
36
34
45
7
7
8
10
5
30
22
37
36
34
34
33
10
56
8
9
17
22
28
26
33
36
18
44
16
13
14
13
26
31
38
72
58
39
38
41
46
37
68
51
45
75
52
54
31
27
52
18
16
8
43
29
44
42
35
14
6
62
112
10
67
55
43
73
40
28
39
24
14
12
4
12
22
17
9
8
13
9
31
21
31
5
41
25
15
10
57
22
20
21
13
12
2
41
50
109
254
245
123
31
28
32
27
12
11
40
31
31
32
30
23
32
26
25
11
4
5
97
19
22
20
14
69
23
25
26
39
17
11
10
80
78
7
4
2
8
12
5
9
1
7
10
6
4
1
8
14
17
2
6
7
5
7
5
8
2
5
7
12
24
8
10
3
4
12
1
18
15
13
9
12
9
7
6
14
3
1
4
7
8
1
11
1
3
1
8
12
6
9
5
15
2
3
3
2
1
1
2
28
23
27
11
8
12
23
9
15
7
7
7
13
4
1
3
14
23
20
5
4
3
17
25
1
12
5
8
7
7
11
21
9
7
8
12
12
4
1
1
6
20
5
32
12
12
8
1
5
3
5
2
15
24
14
9
15
7
1
5
4
34
24
24
3
19
14
7
21
19
12
1
11
16
10
10
9
11
5
2
3
9
16
19
11
13
16
6
1
13
11
5
4
43
28
23
31
24
7
7
11
13
7
6
4
6
46
45
34
23
19
8
7
6
5
7
5
3
43
13
29
19
9
6
10
7
9
11
28
18
7
13
14
10
4
1
5
31
19
6
6
7
3
6
12
4
6
7
11
13
12
7
39
4
30
10
18
4
20
10
6
2
2
10
6
34
4
6
3
9
3
7
7
15
21
22
13
8
9
4
3
5
2
14
37
11
5
7
6
7
4
18
3
6
3
76
63
62
41
39
31
27
19
19
20
12
15
190
167
116
118
158
181
40
19
6
12
5
182
143
115
75
54
4
9
6
3
13
70
18
30
31
23
10
9
5
8
65
6
9
5
18
27
2
66
1
3
2
2
5
4
1
1
2
1
2
2
2
27
84
33
54
29
14
25
17
26
13
14
18
16
45
38
44
28
22
15
10
19
22
19
30
15
34
28
15
28
33
15
23
15
15
47
13
27
20
9
17
17
46
57
46
25
33
27
17
17
17
16
14
12
63
51
45
52
30
15
7
19
18
20
14
62
42
15
37
15
16
16
18
12
21
22
14
56
46
50
47
20
16
18
4
19
23
8
16
51
40
29
31
24
25
14
1
37
18
16
16
19
30
16
13
13
32
44
10
13
17
29
17
17
10
16
8
42
34
25
12
11
19
7
13
14
5
5
2
16
30
15
10
18
8
10
12
9
11
8
5
37
36
29
31
18
23
24
16
21
16
15
13
42
61
33
34
23
16
12
10
18
10
21
17
42
36
22
20
24
25
13
11
12
20
15
13
17
29
14
8
2
28
30
22
27
12
25
21
27
24
26
22
15
4
11
22
14
24
20
7
12
36
30
27
32
21
16
20
14
12
14
9
5
51
46
31
26
30
19
9
17
20
12
9
5
30
38
24
25
18
17
13
17
15
15
16
14
38
30
34
28
19
24
16
7
14
12
13
9
42
48
17
31
16
11
12
17
27
10
11
11
16
12
23
10
15
9
53
68
48
54
19
19
17
1
70
58
35
53
16
24
30
14
24
5
31
42
29
24
20
5
22
23
16
21
15
5
50
40
44
29
14
17
12
23
18
11
14
16
16
17
29
28
18
12
15
19
78
62
70
67
42
28
21
18
24
11
19
27
107
88
67
64
41
34
37
21
28
28
16
13
26
28
26
34
43
32
16
18
24
20
16
25
24
38
18
20
32
29
21
19
12
16
9
28
17
22
39
35
32
17
19
20
17
13
9
73
37
29
5
27
31
24
32
14
15
20
39
54
47
56
43
46
24
21
17
10
8
8
70
46
42
50
35
33
49
43
30
26
15
13
98
88
60
73
59
59
41
31
41
25
35
19
92
86
73
83
68
83
72
66
44
29
36
13
83
50
51
45
47
37
36
25
41
24
23
69
58
61
56
48
44
49
71
37
14
21
23
93
67
76
62
44
58
49
46
27
28
14
14
44
98
78
72
49
46
52
42
40
36
33
18
94
73
69
67
74
64
52
52
44
31
11
17
99
97
60
74
68
73
44
34
19
22
13
15
110
82
71
78
63
69
43
45
32
30
24
24
111
103
44
68
68
50
55
33
36
24
24
9
93
76
90
72
50
44
54
39
24
41
13
21
66
102
74
82
69
43
36
30
42
23
20
8
67
93
82
77
73
55
59
37
33
38
40
17
94
53
29
47
11
