2
3
2
7
2
1
4
1
1
1
2
2
3
2
1
2
1
3
1
1
1
1
1
1
2
4
4
1
4
1
1
1
1
1
1
14
1
16
6
2
4
4
2
2
3
16
1
1
1
1
1
2
6
2
1
2
1
5
10
1
1
11
1
1
2
1
4
6
1
3
4
2
5
7
1
3
1
2
2
1
11
1
1
2
2
2
5
1
1
1
1
1
1
1
2
1
1
3
2
4
1
1
1
2
3
1
1
1
4
1
1
2
1
1
1
1
3
4
1
1
1
2
1
2
4
6
1
2
1
5
12
1
1
6
1
1
1
1
2
1
2
2
1
2
1
1
1
14
4
5
2
3
2
4
3
2
1
2
1
1
1
3
1
1
1
1
3
1
1
2
1
1
3
2
1
1
1
1
1
1
2
1
1
1
9
25
1
2
5
2
2
1
2
1
3
1
2
1
3
2
2
1
1
2
1
11
1
1
1
2
1
1
1
2
1
2
1
1
1
1
1
8
10
9
2
6
1
2
1
1
3
5
3
1
1
1
2
1
1
3
1
1
2
2
2
2
2
1
1
1
1
1
4
1
1
1
1
1
1
2
1
2
1
1
4
8
1
1
7
1
1
1
2
1
3
1
1
2
1
1
2
2
1
1
1
1
1
17
3
7
11
4
2
2
1
1
6
1
3
1
1
1
2
2
1
1
1
3
2
2
2
1
4
3
5
1
3
1
1
1
2
1
2
1
1
1
1
1
1
5
1
1
4
1
2
3
1
1
4
1
1
1
3
3
3
3
3
3
8
1
3
1
1
8
2
1
11
2
11
1
2
8
1
10
1
2
1
1
5
1
2
1
1
1
1
1
1
1
1
1
6
3
1
1
1
2
22
11
2
5
10
4
1
3
9
1
1
3
4
4
3
3
3
6
3
1
8
1
1
1
1
2
2
1
1
1
4
2
1
1
3
8
5
27
2
10
8
5
13
17
13
11
10
11
9
46
36
35
32
24
19
27
15
11
9
18
6
5
9
5
5
1
11
4
11
2
5
1
4
2
3
1
2
6
1
2
6
11
2
1
2
37
4
2
1
1
1
2
1
4
3
2
9
6
3
1
3
1
2
1
1
1
1
6
5
1
1
2
1
1
4
2
2
2
4
5
2
1
8
3
3
2
1
3
3
2
5
12
4
1
1
2
1
2
3
1
4
3
5
1
2
1
4
2
2
1
3
2
8
1
7
1
2
1
3
2
3
1
4
4
2
2
1
2
4
8
3
5
5
3
6
3
2
1
4
12
7
7
1
2
1
3
3
1
4
10
6
7
11
6
5
10
6
4
10
12
4
5
5
7
5
2
5
1
12
13
7
3
3
6
6
3
4
1
8
5
5
4
3
3
6
10
1
3
3
1
1
14
28
30
14
15
146
171
168
92
76
36
37
62
39
39
26
43
69
47
91
57
23
30
20
22
28
18
16
72
86
65
52
33
26
32
21
42
39
39
35
48
332
364
390
279
178
219
194
234
268
181
172
227
182
146
207
197
16
108
181
143
124
137
190
251
187
102
74
33
33
33
37
29
37
66
68
121
43
40
54
51
40
18
18
17
10
19
37
118
53
38
17
12
18
19
25
10
30
16
50
140
70
77
44
49
23
21
31
42
26
23
43
112
84
112
45
63
38
23
19
30
17
34
67
183
133
109
88
35
44
74
75
77
95
78
202
212
181
167
105
86
76
67
69
41
52
59
97
357
328
252
218
114
88
79
83
90
153
167
246
281
185
149
190
156
214
167
76
94
82
116
101
145
28
21
97
110
200
114
94
85
92
122
124
167
101
45
53
41
35
36
38
31
48
83
115
42
25
24
22
25
16
6
20
30
13
17
51
74
98
108
77
33
7
3
17
8
36
34
52
162
147
131
76
69
61
48
67
61
81
77
152
188
155
110
94
62
90
104
140
115
124
130
201
271
262
156
121
71
82
70
53
56
72
77
73
103
222
243
136
86
91
51
63
122
187
144
152
237
224
196
173
170
141
156
118
115
94
100
195
164
168
122
92
62
63
49
51
48
47
85
124
354
273
257
300
180
105
125
116
105
95
59
121
176
170
281
211
159
88
86
112
170
257
234
233
260
229
199
248
208
154
133
102
76
120
151
215
206
189
258
272
189
186
269
278
223
184
179
140
121
85
96
90
74
48
27
24
21
26
29
31
143
79
84
63
40
33
30
32
18
41
39
64
159
124
138
100
62
37
19
11
2
9
17
13
196
288
288
249
130
167
181
141
207
136
104
137
294
222
189
168
104
79
100
107
70
77
147
127
185
110
104
112
78
51
71
63
51
78
90
111
122
65
43
33
40
38
30
54
113
70
37
66
193
149
105
65
28
44
51
58
80
84
82
124
138
126
74
125
84
87
78
76
92
81
99
83
79
64
51
72
91
132
141
113
59
58
80
84
153
124
89
70
67
30
48
43
52
41
46
63
170
93
74
72
55
84
95
73
63
78
99
88
273
162
119
127
146
116
73
74
76
84
107
119
304
225
157
184
218
207
222
185
184
178
187
196
367
309
216
193
195
162
137
128
133
120
180
207
481
314
234
225
139
124
145
160
97
116
119
128
245
223
170
189
109
71
26
21
17
36
42
43
108
121
80
53
129
79
92
84
156
150
179
151
268
170
109
96
78
79
58
52
63
74
91
119
393
323
175
158
110
66
100
74
96
174
192
305
509
513
481
390
401
400
439
277
492
658
487
413
371
345
243
283
279
222
244
236
210
255
202
186
210
181
135
149
173
183
205
215
209
296
226
219
261
277
207
227
227
186
198
214
182
210
153
114
109
94
74
87
109
114
149
117
108
255
194
308
355
286
259
121
79
65
90
88
74
295
431
357
319
269
153
165
215
238
256
330
393
390
403
339
255
303
301
267
256
166
257
290
318
624
666
575
512
500
572
385
364
315
329
393
332
378
333
334
163
190
178
214
244
208
295
302
294
428
358
230
242
296
261
278
283
342
339
286
264
379
268
251
257
285
226
229
211
216
309
325
272
340
284
204
186
177
202
153
172
154
182
203
185
413
314
215
297
256
236
238
226
249
226
283
247
245
295
145
126
148
120
106
97
97
110
85
115
242
187
152
213
150
102
172
126
172
171
193
152
125
52
54
122
135
128
93
93
163
213
303
247
7
82
114
137
130
255
204
232
235
263
320
420
388
351
427
375
307
208
134
106
197
190
161
154
176
172
105
183
106
522
379
491
615
600
525
538
581
575
614
613
600
323
304
236
311
237
135
166
239
147
128
228
193
255
200
183
147
142
185
169
214
214
215
234
215
457
464
246
226
275
233
147
220
219
244
275
262
552
551
317
325
307
228
255
211
229
218
287
243
476
370
308
287
256
256
300
258
300
333
363
402
524
428
361
451
282
149
156
187
209
173
169
167
243
180
181
269
260
208
150
193
144
279
233
204
385
288
243
348
330
235
288
297
330
351
381
292
356
341
320
266
237
328
317
242
228
242
215
216
261
236
178
195
140
43
106
113
107
142
153
172
322
314
223
145
177
193
172
148
182
201
218
240
275
277
226
206
149
195
165
164
151
187
220
195
175
177
189
189
126
159
140
173
204
243
233
222
342
280
280
302
260
277
200
136
110
147
176
169
191
122
136
138
98
95
122
123
118
188
250
122
283
377
329
327
241
236
169
153
221
262
278
317
388
265
277
191
130
183
141
112
121
201
224
144
154
165
156
141
90
91
53
118
213
171
272
256
4
5
4
7
5
1
4
12
2
2
9
5
16
11
15
15
23
13
19
23
18
10
20
6
6
1
2
2
4
6
7
3
5
4
2
2
2
3
1
9
9
5
2
8
7
6
2
7
9
8
11
13
12
12
14
13
19
13
5
5
5
7
17
38
20
19
23
23
19
20
23
19
13
11
19
34
25
12
10
13
11
7
5
1
4
5
4
17
13
5
1
2
5
13
11
6
6
6
9
3
3
6
6
8
3
3
8
5
5
4
8
6
6
4
2
9
4
3
1
1
4
6
5
6
4
3
7
3
6
3
2
1
5
2
6
3
3
4
6
2
9
13
19
20
15
106
81
47
48
25
38
38
38
43
47
44
34
18
11
30
30
41
55
48
38
50
47
69
77
86
79
61
49
37
30
33
26
10
9
12
21
27
28
22
10
18
21
11
22
8
32
22
17
33
29
24
23
18
9
15
28
20
9
16
17
14
8
5
3
2
1
1
1
7
6
3
4
2
2
2
1
2
2
5
2
7
2
35
28
22
15
30
11
8
4
8
9
8
3
8
7
8
1
1
7
6
6
9
16
5
2
13
10
3
3
1
2
3
5
3
5
6
5
20
13
18
6
4
4
2
1
3
3
8
21
27
10
20
11
10
1
4
8
7
9
15
35
16
18
13
20
54
35
15
11
22
11
36
70
52
34
67
27
13
20
15
59
72
40
28
13
2
2
1
3
1
1
1
1
1
2
2
1
4
1
2
4
4
3
5
7
4
4
4
8
4
5
8
10
22
16
14
15
10
14
8
16
11
17
20
21
41
49
13
25
7
2
3
4
5
3
8
6
9
4
5
4
12
14
13
21
22
14
16
3
1
13
17
19
36
32
25
18
12
29
22
26
40
17
4
6
1
5
3
5
15
24
25
17
24
50
78
48
25
67
53
46
29
14
15
3
5
12
2
1
6
3
2
1
1
1
3
3
4
1
1
1
3
15
9
10
8
3
5
5
1
1
1
11
7
5
4
2
8
2
5
6
6
4
2
2
2
5
4
3
6
3
7
2
3
9
18
12
7
6
10
7
4
8
9
10
10
11
3
9
9
3
2
4
3
2
1
2
1
16
14
12
12
9
8
12
13
10
10
6
16
5
5
6
1
3
3
5
10
5
5
4
12
18
11
5
11
13
8
4
3
4
9
6
6
16
15
6
3
1
1
2
4
3
2
7
10
27
56
23
22
11
17
26
20
44
19
46
46
64
48
21
22
24
29
26
23
19
12
2
9
26
12
13
7
4
4
7
9
13
14
15
12
16
8
9
9
4
3
13
13
7
12
13
4
8
2
4
5
1
3
1
1
2
2
2
2
1
4
1
1
2
1
3
1
2
32
36
34
8
16
20
13
17
27
41
24
15
22
15
3
3
4
7
5
5
2
3
6
7
2
1
1
2
1
5
3
1
2
3
3
4
2
1
1
1
2
4
3
10
9
5
6
4
6
4
4
1
1
4
3
32
13
13
43
32
76
41
24
90
54
61
61
1
2
1
1
1
17
20
8
5
5
4
9
4
5
1
4
7
8
3
2
1
3
1
1
3
3
3
20
21
15
21
28
26
17
10
13
53
56
50
44
46
25
6
5
3
3
2
1
1
4
79
57
31
22
12
11
9
3
12
17
21
11
9
9
16
40
56
76
18
13
20
7
5
12
10
5
3
9
5
2
1
2
3
4
5
4
3
1
3
1
2
2
1
16
3
3
8
6
3
1
1
3
1
3
2
4
4
2
3
1
1
1
1
3
1
9
1
2
2
1
1
2
3
1
1
3
3
4
1
2
4
5
15
10
51
21
10
12
12
25
25
13
10
10
6
5
8
11
1
3
5
1
2
2
4
2
3
5
9
5
6
5
6
8
5
6
4
3
4
8
18
11
3
3
1
4
9
7
6
23
14
1
2
1
1
1
6
3
13
3
6
8
5
3
7
7
14
11
13
8
56
64
40
26
58
72
49
39
57
45
52
31
41
23
8
19
12
11
23
22
18
19
30
13
21
10
3
4
7
11
6
5
6
12
5
6
10
8
2
4
8
4
6
3
2
4
7
1
26
8
6
1
2
2
2
2
3
5
3
5
10
10
8
7
13
11
2
7
7
5
10
5
5
3
5
4
3
12
13
17
16
15
9
8
13
7
7
10
2
6
10
16
15
29
23
6
27
3
4
8
13
13
14
17
6
4
10
11
7
10
4
6
7
4
3
13
12
6
9
8
1
5
1
1
2
1
15
11
1
4
4
3
3
1
1
2
6
3
1
1
2
39
14
12
9
8
3
3
8
5
3
4
8
8
4
2
5
4
4
1
4
2
6
3
1
4
3
2
2
5
2
3
4
1
3
1
9
5
2
2
4
1
2
4
1
2
1
8
2
2
5
1
1
1
1
5
5
4
8
10
17
10
44
34
39
21
36
40
23
20
10
8
14
6
7
1
2
6
6
4
5
7
8
3
5
3
2
2
1
1
1
1
11
1
1
7
24
41
12
31
12
3
1
7
2
4
8
14
20
62
31
28
18
8
12
8
24
38
33
36
35
89
46
40
66
27
35
37
46
46
45
65
55
78
55
62
49
37
37
39
60
60
53
68
77
53
69
57
53
39
55
34
22
14
2
6
15
8
93
103
101
89
40
37
41
43
78
70
78
79
43
60
54
41
58
60
48
39
55
62
126
78
51
51
38
46
39
34
55
22
41
42
58
81
64
65
57
58
43
55
38
24
20
33
56
149
104
47
69
43
31
25
18
27
52
59
71
130
116
171
184
180
145
181
165
180
165
242
195
139
105
104
69
76
52
26
67
57
47
39
58
43
34
29
17
41
22
17
35
34
21
49
64
68
69
92
86
107
6
8
18
34
24
20
16
7
9
13
3
5
19
31
30
53
41
40
62
41
15
6
11
9
1
6
2
6
3
4
4
12
3
3
1
1
2
2
1
3
4
8
11
145
125
92
101
58
75
69
102
76
68
69
126
67
50
55
85
101
72
104
84
86
79
55
92
58
55
36
20
7
17
3
5
3
3
1
15
39
8
10
9
2
1
1
5
1
5
5
8
1
1
3
4
3
4
3
8
4
9
69
71
65
62
58
69
31
34
31
32
39
47
70
41
13
14
7
3
1
1
3
6
2
11
7
1
3
1
2
8
20
34
22
15
6
9
14
14
9
16
8
16
50
35
55
48
45
40
14
36
31
25
8
46
65
49
211
248
155
114
102
131
96
145
123
72
11
25
25
8
6
2
1
1
2
2
2
20
16
14
11
13
57
61
63
44
30
17
13
9
5
6
5
4
2
1
1
2
6
3
5
6
6
5
4
1
1
1
1
2
2
5
6
8
2
6
4
2
1
2
2
1
2
1
3
1
2
1
1
5
3
1
1
1
3
10
1
3
1
1
1
2
38
10
6
10
18
7
10
9
11
14
3
3
2
5
15
19
4
7
19
2
2
1
1
2
4
4
4
10
6
10
5
2
1
1
4
2
4
18
13
6
1
1
10
8
8
6
3
7
7
19
15
10
21
22
13
101
78
81
85
93
75
65
103
58
132
149
167
91
56
60
60
46
37
11
12
8
30
34
26
54
21
20
26
21
8
10
6
10
4
15
28
44
13
13
32
11
18
7
13
31
31
37
35
8
8
6
16
14
32
32
38
46
31
33
16
26
27
13
11
8
5
14
15
4
5
5
4
1
1
3
11
7
8
6
9
4
3
3
8
26
7
20
204
127
77
60
56
72
91
140
209
198
170
171
36
42
17
29
26
19
25
29
35
44
56
35
37
23
24
17
13
6
3
1
6
3
1
12
10
6
3
4
26
21
12
16
28
7
3
1
2
3
6
3
4
4
5
8
13
17
21
29
63
35
25
31
11
3
3
5
11
16
30
65
48
39
70
80
50
24
45
41
141
93
94
206
148
65
89
81
118
60
63
67
82
69
39
31
16
31
47
21
21
12
7
7
30
8
48
30
19
13
19
10
4
8
10
38
23
16
31
6
5
2
6
6
1
10
1
8
26
6
13
9
7
7
2
2
1
18
1
4
5
8
4
10
2
2
14
5
1
1
2
6
14
15
21
18
14
11
16
14
7
22
18
12
8
5
2
3
2
1
2
1
1
2
2
4
4
1
1
5
2
4
2
52
64
42
32
16
12
31
17
11
8
15
29
106
102
21
28
10
4
8
5
6
7
10
23
59
11
4
12
11
8
8
2
3
10
12
16
18
9
8
5
1
1
11
4
5
5
11
34
16
5
2
1
2
2
5
28
83
81
63
81
99
69
41
32
21
62
56
51
46
37
17
53
16
11
14
7
12
55
11
20
3
5
17
4
2
9
19
8
7
18
1
2
1
4
2
1
1
1
3
1
1
3
5
3
3
1
7
8
8
5
5
4
3
8
6
5
10
8
32
11
9
12
19
4
23
12
15
16
14
12
1
2
10
2
3
3
7
9
2
3
3
2
15
7
3
2
4
4
2
4
1
2
2
2
20
2
67
28
1
1
2
4
20
37
13
12
8
9
4
2
2
14
14
13
27
31
23
34
28
24
49,2,2
35,1,1
12,2,2
12,1,1
26,2,2
18,1,1
37,1,1
25
11,1,1
3
1
5
3,3
1,1
1,4,4
18,4,4
19,6,6
24,5,5
43,4,4
32
22,2,2
26,1,1
55
42,1,1
41,3,3
52,2,2
103,3,3
454,5,5
262,1,1
162,11,11
107,5,5
74,4,4
47,1,1
36
35
18
39
38
62
172
87,3,3
62,6,6
40,5,5
41,2,2
40,1,1
45,1,1
47
44,1,1
43
61
90,1,1
95,8,8
53,11,11
47,9,9
44,5,5
34,1,1
23,1,1
12,1,1
13,1,1
21
23
44
58,1,1
103,12,12
46,9,9
22,10,10
31,5,5
23,3,3
24,1,1
15,1,1
11
21
26
32
25,2,2
57,5,5
25,2,2
25,2,2
34,2,2
28
27,1,1
12
31
19
61,1,1
96
116,2,2
149,2,2
174,3,3
175,1,1
210,1,1
174,1,1
84
83
70
83,1,1
87
126
166
226,2,2
134
105,1,1
61,2,2
57,2,2
38
24
51
39
65
73,1,1
116
145,3,3
86,1,1
56,4,4
48
25
42
13
30
24
30
49
76
158,1,1
69,1,1
69,1,1
55,3,3
25,1,1
45
33
27
29
30
41
79
102,4,4
60,3,3
70,3,3
58
38,2,2
29,3,3
8,1,1
7
45,1,1
64
71,1,1
106
40,8,8
32,12,12
36,6,6
78,3,3
69
63,3,3
120
31
56
68
95
119
135
99
97
138
80
71
30
35
52
89
70
76
67,3,3
55,5,5
30,7,7
24,2,2
20,3,3
62,1,1
44,1,1
63
84,2,2
151,1,1
161,3,3
98,2,2
12,2,2
6,6,6
3,9,9
1,3,3
2,3,3
2,2,2
1,1
2,2
4,1,1
13
12,3,3
8,6,6
2,5,5
5,1,1
2,3,3
2,1,1
3,1,1
11
11
1
10,1,1
5,1,1
1,1,1
6,8,8
8,8
10,3,3
6,2,2
1,2,2
2
3,2
3
11,3
16
11,1
28,16
21,6
21,2
13,3
6
11
14
19
29
17
8,1
8
7,5
3,4
1,7
2,5
3,1
1
1
1
4,11
2,11
1,5
9
1
1
2
1
1,1
4
7,8
2,5
5,3
7,1
2,1
2
3
10,1
2
7
12,2
52,4
37,4
16,5
19,3
12,3
7,2
4
20
7
8,4
9,1
9,2
17,3
18,7
9,8
14,4
4,3
2,1
4,2
5
3
8,2
8,1
14,2
20,5
5,12
5,4
2,4
6,3
3
10,1
6
7
6,1
1,1
2,1
16,1
9,3
16,1
4,1
2
4,1
3
2
2,2
2
2
5
11,3
10
1,6
3,7
2,3
3,1
2,1
1
2,2
4,2
4
12
27,7
14,3
6,1
6,4
3,2
13
5,1
5
3
1,1
1
10
32,6
9,8
8,4
8,2
7,2
4,1
5
7,1
6
6
7
12
32,5
32,4
13,4
17,1
9,1
14,3
11
19,1
15,1
20,1
29,1
33
32,6
29,3
12,1
15,9
7
3,1
5,2
12
9
4
2
6,1
54,9
28,7
19,2
5,1
10
4
1
4,2
9,2
7,1
4
4,2
70,8
60,4
15,1
8
13
18
18
17
24,2
46,1
27
43,1
70,4
67,7
60,2
61
45,2
10
9
11,1
27
35
35,1
38,1
154,5
110,10
89,5
87,2
39,1
65,1
70
54
66,2
51
48
97,1
32,3
21,8
23,1
24,2
16,2
15,1
12
16
14
21,1
32,1
37
31
36
16
10
16
6
7
7
8
8
6,1
20,1
14,7
33,3
54,1
24,2
24
13
13,1
19,1
23,1
26,1
25,2
38,1
50
26,6
24,4
19,4
12
8
6
7,2
8,1
6
3
5,1
36,2
20
9
4
3
51
6
3,1
5
2
12,1
11
15
11
5
7,1
3
4
7
2
5,1
2
17,1
12,1
5
4,5
4
1,1
2
11
4
2
1
2
4,1
16,1
6
7
4,4
6,6
2,3
2,3
2
1
1
2
4,1
5,2
1
1,1
27
21
18
14
8
10
15
11
7
4
8
17
21
9
10
6
3
3
1
2
4
1
2
3
3
2
1
5,1
5,6
3
1
6,2
1,1
3
5,2
6,6
1,6
10,4
5,4
38,4
15,4
2,4
9
8,1
10
11,1
15
19,4
18,3
16,5
21,2
24,4
7,3
5,3
6,3
5,1
7,2
2
6,2
2,3
6,4
5,4
5,1
51,4
15,4
15,4
15,1
4,1
6,2
6,2
8,1
7,5
6,2
6,3
6,6
6,5
6,3
6,7
6,4
6,5
6,2
6,1
6,2
6,6
6,4
6,9
2
4
13
3
3
1
3
11
5
1
1
3
2
4
4
6
4
2
5,10
1,5
1,3
5
1,2
2
6,2
3,3
3,5
5,5
9,7
34,4
51,7
32,2
21,2
10,3
12,1
9,3
18,1
22,2
22,2
14,3
19,4
19,5
11,9
15,7
5,2
5,1
2,1
1
3,3
5,2
4,1
6,5
9,8
9,3
18
7
14,1
5,3
4,2
4,1
6,3
8,1
5,5
8,3
8,4
15,1
37,6
33,3
25,6
17,2
31
12,2
1,3
3
2,4
7,5
7,3
7,3
8
12,3
10,3
4,1
5,2
13,8
18,3
13,3
22,5
16,14
13,3
25,2,16
39,2,75
47,7,57
49,1,40
52,2,41
49,1,40
41,2,26
37,3,2
39,4,2
28,12
50,4
68,2
54,2
42,5,61
42,6,65
36,2,69
25,3,44
32,3,27
16,2,6
35,1
30,4
21,8
10,7
8,3
16,3
50,3,73
48,4,86
25,5,59
8,1,61
4,2,50
4,2,25
1,4,5
9,8,1
3,4
2,7
3,9
4,5
38,7,45
24,4,43
16,8,42
26,5,42
22,5,40
36,2,14
5,5,3
5,8,76
10,5,218
16,2,88
29,3,68
30,252
80,1,46
35,3,53
32,3,42
18,1,31
20,1,30
27,5,34
12,4,34
19,5,18
19,9,17
25,7,9
22,4,3
17,1,2
35,4,41
26,4,53
19,6,52
13,3,34
13,1,34
1,25
5,20
7,17
6,5
8,2
5
1
8,63
3,70
4,60
7,38
1,29
3,49
4,42
2,10
8,9
8,26
4,14
11
9,61
8,52
5,49
4,43
4,30
5,36
6,42
12,42
8,40
8,18
5,13
3,17
5,82
10,60
4,58
5,49
2,33
2,42
1,34
8,30
7,31
7,24
10,26
5,16
72
72
64
56
57
49
32
56
18
1
70
1,68
50
43
27
17
24
10
2
86
2,55
4,53
1,42
16,1,31
12,3,31
21,3,46
28,6,9
21,6
53,4
55,3
56,4
5,100
7,68
6,60
2,50
5,45
3,32
6,60
8,45
6,14
6,1
1
2
4,78
4,50
3,45
4,30
2,41
26
4,44
8,25
11,12
5,3
1,1
3,2
5,59
2,41
5,50
5,38
1,54
1,40
4,52
4,45
9,38
7,23
2,9
3,10
6,86
7,90
2,79
5,76
1,58
4,60
1,116
17,89
15,67
6,24
9,49
7,34
15,72
7,82
4,63
6,68
1,51
3
4
10
4
7
2
3
7
9
5
4
33,2,54
44,1,34
35,6,41
22,5,25
21,5,2
41,4
36,3
54,2
87,59
45,57
50,2,81
54,5,43
54,5,40
53,1,53
84,2,16
75,5,1
99,10
76,7
113,5
79,10
112,15,37
105,8,68
61,8,54
56,3,38
35,12
42,3,37
43,8,49
33,3,8
49,12
60,12
48,2
60,2
70,13,70
71,11,56
31,5,41
1,1,45
12,6,52
14,3,21
13,7,6
16,6,2
18,7,1
17,10,10
43,1,2
46,4
146,92
142,2,67
147,11,75
163,2,44
105,3,53
74,4,21
26,2,3
24,8,1
20,9
7,5
20,2
39,4
104,7,43
109,2,45
85,6,19
74,1,32
77,35
83,2,15
50,1,133
77,7,103
106,7,1
94,2
107,3
108
230,13,68
149,6,42
97,2,35
96,3,37
63,15
82,2
57,9
49,9
77,3,42
72,5,22
74,29
63,22
67,7,78
74,1,44
72,37
64,41
28,41
15,47
32,35
21,37
39,29
42
49
61
69
81
62
64
48
58
63
32
56
56
66
66
76
102
72
77
44
54
83
55
115
110
134
111
134
198
182
176
144
159
146
146
188
241
215
224
203
173
89
43
40
68
79
78
83
86
142
119
158
174
114
113
113
120
144
130
136
123
163
184
174
116
77
73
67
41
40
71
48
46
51
58
87
85
46
31
34
31
35
25
46
46
52
58
100
137
95
102
85
150
83
64
116
161
144
141
161
128
107
62
81
75
51
77
123,15
120,21
111,6
122,6
201,137
149,145
69,81
58,84
54,41
52,52
37,44
38,15
40
43
62
96
183,61
117,33
66,39
50
34
12
29
28
27
61
65
102
131
103
62
30
29
23
21
21
19
18
39
43
48
84
82
55
65
33
15
18
22
16
11
18
50,71
32,49
21,16
16,42
22,56
30,44
23,29
27,48
33,31
29,42
38,29
37,22
91,47
67,25
36,7,12
17,38
23,53
27,11,49
21,4,48
28,14
29,43
47,12
47,4,13
36,4,24
50,13,110
34,63
16,1,75
6,8,84
5,7,78
8,7,89
22,11,75
28,12,57
12,13,27
29,9,51
21,5,30
24,5,22
51,11,28
36,11,96
20,2,90
13,2,86
20,1,90
23,8,94
23,8,63
20,14,71
23,14,57
63,9,32
46,9,29
31,5,19
51,10,97
45,5,112
12,4,110
8,6,96
20,9,122
17,12,104
16,13,75
8,11,44
15,12,87
11,10,44
28,7,20
17,3,26
53,5,117
82,10,122
35,1,131
28,2,123
22,5,149
11,12,116
1,17,101
10,21,27
13,13,25
13,17,27
6,11,19
16,4,21
35,13,97
45,9,96
34,6,60
33,3,66
75,10,111
93,14,91
86,16,44
37,7,77
40,11,68
25,10,37
25,6,18
29,2,28
13,9,70
27,8,75
13,2,100
6,6,118
4,9,110
2,8,88
2,14,55
5,13,53
7,12,36
1,13,23
10,5,27
17,14
8,10,64
27,4,81
4,4,78
5,2,140
14,6,84
13,10,142
5,23,35
6,16,72
6,18,33
15,13,52
12,6,26
7,7,24
8,24
30
8,45
1,29
34
176
116
111
72
59
47
33
110
155
195
217
187
159
134
99
209
104
51
21
167
166
197
233
152
121
118
108
85
222
106
21
193
204
240
200
232
223
182
145
85
11
19
3
242
280
297
260
196
120
65
154
109
73
55
27
102
88
138
123
177
97
153
136
99
74
53
31
29
50
40
35
14
56
28
5
32
25
20
17
23
15
15
10
6
4
6
6
7
21
41
7
4
7
3
4
2
1
6
8
2
4
5
3
3
2
2
2
1
3
16
32
40
37
30
28
22
9
11
7
15
7
5
13
23
14
16
16
25
17
6
16
9
11
16
22
20
15
8
7
9
11
5
19
28
13
12
9
20
30
18
19
54
48
40
23
25
25
24
25
17
26
24
10
38
53
44
44
33
43
88
64
74
55
16
19
10
4
17
10
14
13
18
21
158
313
245
97
8
73
69
99
59
106
190
141
90
94
128
146
195
99
88
60
55
23
31
64
189
239
25
143
252
193
211
159
100
136
93
57
69
43
134
134
135
141
149
110
96
130
84
73
68
104
269
248
174
269
227
110
147
139
329
89
136
119
185
151
270
382
312
144
74
203
99
128
124
69
95
135
205
202
201
108
110
106
108
69
94
101
255
271
47
210
196
154
122
110
90
86
78
167
272
259
200
239
133
132
143
114
110
120
108
114
272
290
324
321
279
174
135
105
111
111
138
141
260
335
62
136
139
155
101
100
117
93
73
90
176
186
238
318
284
246
229
376
339
237
151
168
223
200
240
334
292
166
130
171
152
110
106
158
113
161
364
382
332
111
126
119
80
63
48
102
354
286
204
173
179
95
70
61
98
185
168
121
36
27
26
40
46
40
110
410
104
74
15
11
12
21
13
8
9
13
19
14
35
32
23
4
11
14
27
26
4
6
39
27
20
5
9
18
15
15
28
41
39
81
30
29
51
11
10
9
20
31
25
17
24
88
24
39
41
11
9
13
13
46
20
29
18
94
33
36
27
10
17
25
9
17
29
31
31
97
27
46
50
16
19
9
8
11
17
23
14
78
16
24
43
17
8
14
10
14
17
9
15
7
22
9
15
15
12
15
17
9
13
6
15
10
36
35
55
15
13
14
21
17
13
22
53
107
26
34
54
20
17
10
11
20
17
12
22
72
21
11
42
13
6
10
7
12
15
15
28
60
31
29
26
5
6
19
13
15
20
30
37
71
42
31
54
18
18
11
13
16
51
17
35
30
5
7
2
1
4
6
5
9
8
8
2
1
1
2
3
2
8
13
10
8
5
4
11
5
9
25
12
8
18
1
5
4
1
4
9
9
5
53
11
10
19
5
2
1
2
3
3
7
20
15
11
11
9
3
2
6
5
8
10
16
5
8
19
3
15
1
1
4
4
4
4
9
31
3
5
16
1
5
2
2
1
3
2
3
1
2
6
6
1
1
7
1
1
14
13
24
4
5
2
13
2
4
8
21
2
2
23
3
7
3
3
10
4
2
3
6
5
8
2
4
9
10
1
