2
5
8
10
14
8
1
7
5
10
5
2
1
3
1
1
4
2
10
9
1
14
1
1
2
5
5
2
2
6
2
3
1
2
1
1
1
2
1
1
1
2
1
1
2
1
1
3
1
1
1
1
2
2
2
2
3
1
1
1
8
1
10
8
1
4
8
13
19
4
6
10
6
13
15
4
22
16
20
4
7
7
3
3
3
1
1
6
1
2
2
3
3
3
2
8
3
3
9
1
2
1
3
4
3
4
3
1
3
23
9
15
4
6
1
2
5
3
14
3
3
17
10
4
27
1
1
2
2
1
1
2
4
4
1
4
1
1
1
4
8
19
1
1
1
7
4
2
15
12
11
39
18
10
1
2
8
16
7
4
16
16
4
14
7
1
5
4
8
3
1
2
1
3
2
1
4
7
1
1
4
2
2
1
1
1
1
1
4
4
2
1
1
1
1
1
1
4
1
1
3
6
2
3
1
2
5
5
1
5
1
4
1
1
1
1
1
3
4
1
4
5
5
1
2
2
2
1
1
1
3
1
2
1
4
3
2
1
1
1
1
1
1
2
3
8
1
3
4
1
1
1
3
8
5
2
1
1
3
2
3
1
7
1
1
1
1
2
1
3
5
11
11
8
27
12
20
3
1
1
6
3
1
1
5
1
3
4
1
3
1
1
1
3
1
1
1
1
1
1
1
1
9
1
4
1
10
5
4
14
26
12
25
3
2
5
8
2
1
4
1
5
2
1
1
2
1
2
3
1
1
1
2
8
3
29
7
1
6
2
1
9
1
1
1
4
4
1
2
2
1
4
2
1
1
2
2
2
6
1
29
18
29
8
4
2
3
1
1
2
1
1
17
2
7
2
1
1
2
4
1
4
2
2
1
2
1
4
2
1
5
1
7
32
24
15
18
5
4
5
9
1
4
3
19
1
3
2
3
2
1
2
3
1
1
1
1
3
2
4
1
3
4
4
1
1
1
6
7
14
9
8
19
34
14
10
4
1
3
9
12
6
14
1
5
3
5
1
2
7
4
3
1
2
1
2
8
7
1
3
3
4
12
5
2
2
9
2
4
1
3
6
5
5
4
4
5
2
8
18
8
8
17
25
1
6
2
6
5
3
2
2
8
4
3
1
2
4
1
2
1
6
1
1
1
15
2
1
2
1
5
8
4
19
10
11
22
12
8
2
1
2
9
17
20
3
14
5
9
2
5
10
6
7
2
2
1
1
6
2
1
2
2
2
1
7
3
2
1
1
2
1
1
10
1
1
1
1
1
4
1
1
1
1
1
3
2
3
11
14
1
2
3
3
1
5
12
2
5
13
13
2
25
16
1
4
6
10
12
3
2
7
5
2
4
9
9
12
2
6
1
1
2
1
2
4
1
3
2
3
3
1
1
1
2
2
2
5
4
3
6
2
1
1
18
7
4
3
3
1
1
1
1
12
14
15
17
1
4
1
14
3
1
32
12
12
12
16
7
2
7
1
10
2
1
1
1
4
1
1
1
3
2
1
18
1
1
11
1
11
3
2
4
17
7
6
11
12
6
2
6
12
4
2
2
6
1
5
1
2
1
1
3
11
1
3
14
1
6
8
2
4
1
1
5
8
2
7
4
8
8
2
11
5
1
1
1
1
4
2
2
1
1
7
8
8
1
1
4
1
2
3
2
2
4
3
2
5
1
1
1
4
4
3
8
2
5
1
14
13
40
55
4
6
3
11
1
1
3
2
5
19
25
33
20
2
2
6
20
18
24
24
19
21
13
2
3
2
1
4
3
2
4
2
4
8
2
2
1
2
1
1
3
3
3
3
3
1
2
1
4
1
1
3
6
2
8
2
3
3
3
4
3
3
7
3
7
9
11
4
2
4
4
4
4
2
6
4
8
5
7
3
3
2
1
1
1
1
1
5
1
4
2
2
3
2
1
2
5
7
2
2
3
3
2
2
3
1
1
1
3
3
2
3
2
4
2
5
3
3
5
1
2
8
7
6
6
10
11
9
7
4
5
8
11
14
10
15
14
2
5
2
3
8
10
16
13
20
13
3
2
4
5
8
9
13
11
10
11
5
4
7
3
4
4
8
7
6
2
8
10
91
78
90
120
151
184
218
282
285
251
214
219
76
87
88
71
69
57
115
135
125
124
71
52
54
143
111
117
104
130
142
154
116
118
118
100
104
87
115
141
130
158
206
264
373
432
385
314
337
287
313
247
162
162
222
223
226
200
239
234
235
318
273
317
310
387
381
356
346
296
279
288
74
104
78
88
104
99
128
113
106
117
141
146
64
94
85
82
56
64
80
86
94
114
85
128
74
87
116
128
82
119
170
217
265
273
217
202
43
85
108
99
87
170
161
182
221
217
154
151
94
217
242
153
124
166
170
275
269
292
248
242
266
264
261
279
309
317
301
325
395
414
319
256
167
195
213
299
244
280
376
382
365
338
359
349
299
290
255
237
377
350
292
315
291
328
315
329
111
128
158
193
260
264
265
278
248
300
208
171
116
137
127
111
127
155
174
165
194
219
202
201
68
105
111
70
46
56
52
51
53
42
50
52
75
66
74
58
32
61
92
96
96
75
65
65
62
119
91
118
141
167
163
210
194
191
190
192
158
236
209
229
205
207
221
212
259
245
235
195
186
184
208
241
218
248
301
297
297
315
305
273
38
91
88
108
141
159
139
119
111
114
112
105
220
262
235
259
284
294
296
310
353
370
268
287
196
147
219
210
194
289
337
351
304
269
261
196
168
180
200
107
181
205
218
278
256
258
221
250
127
177
238
221
239
312
321
362
227
327
246
243
210
189
176
233
255
264
321
327
283
285
315
293
247
309
336
377
468
428
475
492
539
517
488
398
184
246
147
166
247
261
312
310
288
301
245
182
66
52
46
80
103
113
140
160
153
164
161
164
92
109
123
85
103
162
189
248
274
232
218
222
14
22
24
18
35
54
92
244
213
184
206
116
210
279
304
292
349
416
433
508
475
423
445
369
142
152
165
198
208
182
201
158
184
175
185
174
108
150
118
159
157
132
143
112
88
81
126
130
109
100
101
73
100
150
148
176
209
204
205
172
135
99
138
179
129
107
112
121
113
120
128
119
86
116
160
112
114
82
94
114
165
138
151
115
147
167
151
182
102
121
119
82
159
192
175
150
77
93
109
152
102
110
142
129
156
144
175
133
116
105
110
107
151
225
203
184
168
198
231
272
130
301
316
215
269
248
221
243
255
282
238
191
191
260
192
205
316
314
377
372
491
435
370
198
287
366
367
416
385
460
407
459
501
507
464
178
188
200
204
226
224
269
350
279
246
255
247
56
110
157
138
102
94
158
182
182
139
209
149
183
275
281
261
263
293
294
297
251
290
341
295
192
224
278
317
288
313
317
337
349
358
395
375
346
370
376
386
425
407
433
596
686
658
631
600
578
619
642
606
610
634
640
700
705
674
696
655
273
322
346
329
319
340
351
338
298
317
299
249
203
233
281
271
280
269
328
312
359
349
402
302
187
175
158
192
155
146
183
153
214
206
219
228
198
138
140
135
135
158
183
192
270
298
317
247
81
105
106
153
147
192
253
274
278
334
362
283
376
410
339
338
387
410
463
442
479
460
551
473
337
394
466
515
494
558
642
699
735
737
725
635
408
472
530
514
462
486
538
486
475
514
512
467
350
411
357
305
246
237
265
363
504
492
473
455
326
328
317
335
369
421
477
433
439
465
461
430
312
339
322
396
402
411
373
427
386
381
398
389
260
288
282
262
243
415
377
397
376
368
351
352
267
211
247
293
352
258
170
209
251
220
250
307
109
118
152
176
215
265
249
317
322
318
334
260
191
203
207
286
281
353
342
381
363
214
198
245
216
239
231
254
57
241
144
275
353
344
383
404
481
543
471
418
291
415
480
460
461
526
449
293
189
225
192
211
159
180
245
349
318
359
277
479
513
526
713
782
678
675
664
677
778
639
660
799
818
787
741
697
467
231
219
257
292
245
208
220
235
275
269
291
273
188
199
229
255
312
407
411
338
408
465
427
402
359
367
386
406
524
424
574
501
541
547
584
609
245
309
387
367
375
446
401
476
501
511
522
484
455
526
533
617
485
573
564
598
677
697
614
548
184
196
215
215
216
198
171
221
204
228
245
294
233
283
264
223
135
77
118
310
441
474
412
396
335
344
388
387
381
410
429
490
466
453
477
452
299
273
239
376
380
426
341
232
220
226
269
242
203
210
225
179
348
313
331
318
317
325
325
320
247
256
316
275
352
282
274
299
329
305
285
279
219
264
235
227
203
167
271
274
235
276
273
218
233
263
327
309
324
349
359
377
438
394
412
403
209
238
222
221
131
137
177
192
188
170
206
223
172
229
163
236
282
243
333
236
407
339
420
255
364
345
302
349
432
405
422
451
422
375
408
376
171
176
183
180
158
236
257
190
170
210
219
158
326
310
343
354
365
357
361
514
564
510
477
553
5
6
5
16
4
14
4
11
9
10
13
4
32
25
13
24
28
13
41
30
41
27
35
14
3
3
3
8
11
18
12
9
11
8
12
6
5
6
2
2
7
22
12
10
6
9
10
18
6
14
9
13
15
9
13
15
15
13
20
5
8
16
14
20
7
10
18
22
21
18
24
34
18
21
50
41
30
53
45
59
67
48
38
39
7
11
10
10
12
15
18
9
24
25
18
12
3
4
9
10
13
11
11
11
2
1
8
12
9
5
6
4
18
33
19
29
15
18
12
12
7
6
2
9
7
10
5
11
4
4
5
3
4
3
3
3
3
4
7
10
8
7
3
12
5
10
24
10
18
23
30
73
117
140
100
50
65
54
45
39
73
51
57
56
68
43
24
86
58
42
37
41
56
78
86
81
102
75
78
28
47
43
35
31
60
53
61
59
57
33
36
30
36
27
19
28
27
36
22
30
34
20
37
19
19
10
26
30
59
33
69
55
59
32
34
1
2
5
10
6
9
2
7
2
6
5
11
10
12
15
18
28
33
35
49
46
38
36
7
5
5
4
1
6
4
4
6
9
5
10
6
9
10
12
10
15
11
14
21
10
14
15
4
7
10
12
19
23
27
32
31
29
24
12
6
8
12
7
12
22
18
26
19
24
25
27
11
24
23
25
13
9
7
10
3
18
35
21
13
25
25
12
19
46
59
63
101
83
111
84
1
56
93
104
59
31
22
22
28
19
1
4
8
3
2
2
2
6
2
1
1
5
10
6
9
10
7
7
6
3
4
2
12
3
2
17
28
27
38
29
32
24
27
12
9
16
19
12
27
21
24
12
12
18
38
1
8
11
10
19
18
14
5
17
8
16
15
30
33
23
36
70
59
38
36
52
83
45
26
20
40
25
19
12
9
22
32
41
31
35
27
56
93
69
74
16
22
64
46
109
129
110
38
18
18
5
15
19
9
10
11
14
11
13
13
4
4
4
5
3
2
4
7
5
13
8
5
4
15
3
7
7
22
10
23
12
19
14
11
1
2
4
6
12
11
12
15
13
21
16
18
4
6
7
8
11
2
5
9
6
7
10
6
9
7
11
18
7
9
7
22
17
15
25
12
5
4
11
11
16
10
11
10
17
13
18
7
2
3
2
3
7
11
19
18
12
12
21
17
15
8
20
29
19
31
48
44
39
30
36
19
13
11
12
9
20
26
27
17
21
17
22
23
9
8
6
10
6
8
5
17
21
26
23
15
25
5
7
19
12
43
36
54
28
28
44
47
64
52
62
89
70
76
67
55
49
64
77
50
16
17
21
18
14
18
16
28
33
31
35
24
21
27
20
21
26
33
35
35
38
41
32
25
19
22
12
9
8
11
10
13
14
17
19
8
3
4
3
6
2
9
10
11
2
2
5
3
3
2
2
7
7
10
14
20
42
25
27
11
22
16
18
29
29
23
31
40
32
30
24
5
6
7
4
9
5
10
9
6
12
15
6
1
1
1
4
4
7
8
7
15
8
4
6
10
8
3
11
7
4
13
15
12
17
10
2
11
7
4
7
2
10
17
35
60
54
74
138
82
35
48
62
44
20
50
51
43
15
1
1
2
1
1
1
1
1
8
3
1
20
36
18
11
8
13
16
14
14
12
20
23
28
6
15
23
3
2
6
8
10
6
9
14
32
9
29
19
54
30
31
12
12
9
10
15
19
31
37
53
6
6
9
9
10
10
8
14
16
22
14
57
12
15
14
19
15
23
22
23
32
27
27
8
15
10
15
17
13
12
24
33
33
37
42
21
4
3
9
12
12
34
19
12
18
16
15
18
3
4
15
10
22
8
17
37
26
9
3
7
3
7
6
8
3
9
4
2
4
1
6
3
4
8
18
18
11
17
10
13
15
1
3
5
1
4
2
1
3
1
1
1
3
3
1
3
11
12
7
17
26
31
40
60
72
71
88
50
2
7
11
21
23
22
29
25
24
38
32
29
7
9
7
4
13
16
16
23
21
26
22
7
6
10
6
7
8
20
20
31
42
20
17
38
20
6
8
18
11
32
28
30
39
40
38
33
4
6
7
8
16
16
10
28
17
20
19
15
15
20
26
22
20
31
34
59
78
128
66
46
24
39
52
54
40
71
48
57
75
81
79
44
26
20
31
24
30
18
22
31
29
36
40
39
2
10
13
12
9
14
19
18
20
18
19
21
1
4
7
5
11
30
28
39
46
25
22
16
5
1
13
7
4
14
15
10
8
10
16
11
11
6
13
5
8
10
10
13
9
17
21
19
9
24
15
19
19
20
29
33
121
73
68
28
7
7
13
6
11
28
30
30
27
14
33
25
9
11
10
20
11
26
35
28
20
30
26
10
1
9
3
6
6
7
17
16
11
14
21
13
3
2
7
1
3
1
1
2
1
2
4
3
6
8
5
2
6
11
10
5
3
10
15
11
12
8
19
18
11
7
1
1
4
4
4
8
1
2
3
4
15
45
39
46
47
72
62
53
23
38
8
10
11
14
18
22
16
14
22
22
16
19
2
13
15
21
8
10
20
11
22
17
10
20
6
10
9
11
11
9
5
13
8
13
16
9
1
8
5
6
4
93
13
3
10
9
5
7
5
7
6
16
44
39
25
29
15
13
11
12
23
27
27
16
29
35
46
53
61
47
35
32
13
11
15
15
19
29
15
17
19
11
9
13
17
31
32
37
47
49
39
101
61
51
20
26
38
41
42
33
45
99
89
81
69
66
24
35
42
67
65
84
114
126
122
94
111
149
66
106
96
118
124
144
101
91
132
107
95
88
69
72
65
93
112
109
153
115
148
127
108
89
90
114
102
103
114
133
167
159
160
127
101
69
16
138
160
163
176
225
198
177
170
225
198
184
117
157
144
136
139
133
136
159
180
161
198
141
102
101
78
114
131
115
178
202
229
171
168
170
160
60
79
99
86
130
119
176
127
207
200
181
148
82
103
58
67
83
112
117
141
106
183
138
105
258
226
229
221
221
231
264
285
356
400
348
253
97
82
113
129
118
113
152
166
165
169
149
90
73
78
98
70
122
121
148
152
155
199
128
109
17
20
23
23
19
24
35
36
28
34
15
16
190
181
199
213
169
135
185
168
145
152
152
113
5
9
17
15
22
31
36
29
36
29
40
32
7
15
8
10
17
21
70
267
244
198
156
168
156
145
120
118
118
150
160
164
169
160
97
103
76
112
117
110
123
154
178
191
163
144
140
101
49
49
54
59
90
100
61
80
98
115
83
59
11
14
9
15
17
15
25
18
28
17
12
9
21
25
24
33
52
68
84
67
73
142
198
131
79
100
126
118
121
102
97
153
122
143
118
96
10
11
11
11
17
33
22
36
24
23
20
13
14
40
19
23
21
53
103
187
103
115
79
38
47
45
67
67
89
94
92
81
105
91
87
78
44
42
58
48
76
84
70
70
88
93
46
81
84
71
44
30
30
37
35
34
41
16
10
9
11
9
21
20
27
19
17
21
18
17
25
22
16
11
20
21
21
15
21
26
22
38
29
33
16
19
13
27
23
27
46
35
35
40
22
11
8
18
23
19
51
78
51
62
35
19
16
18
4
5
13
14
16
17
13
8
15
7
10
7
3
13
11
9
11
14
10
17
12
12
16
13
5
8
9
6
12
18
20
27
30
25
14
18
18
36
29
42
38
28
39
49
23
36
25
33
36
31
14
31
16
23
29
19
15
18
16
6
7
1
5
10
14
23
30
26
28
21
13
18
24
21
28
15
18
20
24
11
11
7
6
10
12
14
28
37
43
8
69
67
32
23
20
80
106
52
79
39
11
51
15
127
178
181
247
303
292
266
262
248
317
296
419
382
309
206
44
69
58
84
86
75
93
56
94
104
117
68
54
58
66
55
62
44
54
47
53
44
37
48
36
24
15
28
34
29
47
25
28
19
4
12
26
33
39
25
47
74
41
52
55
74
60
41
18
27
13
23
4
4
1
25
38
28
10
7
10
15
15
8
12
33
25
24
30
43
27
15
38
29
51
54
40
95
108
98
138
245
258
227
167
125
144
118
108
79
100
138
88
86
71
44
61
40
28
34
44
50
55
66
63
73
49
32
13
11
19
19
24
29
26
25
35
45
28
26
1
2
7
3
8
12
22
12
5
1
6
41
32
62
90
115
143
155
192
147
144
116
92
131
138
147
104
25
65
71
54
74
100
71
81
274
235
260
337
255
509
395
424
448
359
351
343
67
83
67
89
76
67
74
77
80
67
83
84
33
27
32
17
15
35
59
63
47
11
60
38
15
19
26
15
17
29
61
61
46
42
33
56
8
7
8
12
6
14
13
17
8
19
16
13
6
9
5
10
8
5
13
13
11
21
16
20
7
9
9
12
15
11
19
14
16
24
27
20
12
22
26
16
24
33
12
14
14
15
18
7
2
3
5
3
4
3
6
8
15
5
6
10
26
34
37
51
22
42
62
58
55
39
50
63
64
52
78
122
88
96
98
142
95
131
29
28
41
38
62
37
42
42
49
48
46
67
10
19
28
49
36
50
57
53
75
36
54
36
5
3
13
20
5
10
21
20
60
77
41
11
12
22
8
16
14
12
23
21
28
36
41
92
66
47
31
77
41
62
54
10
17
1
12
30
26
40
23
20
10
15
5
4
15
18
24
45
18
36
24
5
4
3
3
5
7
7
15
9
16
9
10
1
8
1
5
8
9
12
14
12
14
22
4
1
6
8
2
10
4
6
11
10
12
7
8
11
28
24
15
19
20
24
30
24
13
18
14
6
5
8
2
6
5
10
12
19
9
5
7
4
8
11
6
11
9
10
15
11
21
8
19
18
27
60
63
44
60
67
66
53
58
12
24
22
55
37
39
48
56
51
50
72
46
47
34
90
175
158
151
152
166
85
65
54
25
43,1,1
60
77,1,1
78,1,1
51,6,6
56,1,1
8,5,5
2,2
2,2
3,3
65,11,11
32,3,3
1
1,1
2,2
2
2,1,1
3
2
11,4,4
14,2,2
24
25,3,3
357,2,2
349,2,2
361
441,4,4
384,2,2
507
596,3,3
674,1,1
622,2,2
626
570,3,3
581,2,2
104
139
160
180,3,3
197,3,3
237,7,7
223,3,3
219
206,2,2
174,4,4
197,4,4
188,6,6
118,1,1
111,3,3
115,1,1
148
164,2,2
132
176
192,1,1
207,3,3
208,2,2
155,3,3
171,3,3
76
101,1,1
107,2,2
106,5,5
116,2,2
106,2,2
121,1,1
123,2,2
125,4,4
144,3,3
125,5,5
117,9,9
66,3,3
95,2,2
91,3,3
82,3,3
114,3,3
101,7,7
123,3,3
114,5,5
118,4,4
139,5,5
123,4,4
118,9,9
123,2,2
110,3,3
135,1,1
120,4,4
135,1,1
95,4,4
103,6,6
144,7,7
123,2,2
159,2,2
169,1,1
158
218,1,1
290,1,1
308,1,1
328
309,1,1
372,1,1
326,1,1
316
353,1,1
449,1,1
397,1,1
341,1,1
187
187
217
222,1,1
216
210
204,1,1
218
240
198
216
237
127
126
122,1,1
140
142
147
174
145,1,1
180,1,1
188
212
196
96
198
259,2,2
212,2,2
172,3,3
204,1,1
182,1,1
193,3,3
198,1,1
208,10,10
213,5,5
179,7,7
111
105,1,1
82,3,3
109,6,6
116
101,2,2
124,1,1
137,2,2
126,3,3
130,1,1
74,2,2
39,2,2
163
161
160
193
181
246
169
152
151
181
136
159
80
75
65,2,2
60,3,3
50,3,3
57,3,3
48,4,4
48,2,2
49,3,3
45,2,2
39,1,1
50,3,3
108,4,4
85
64,2,2
79,1,1
105,2,2
89,2,2
84,1,1
74,1,1
55
68,2,2
47,1,1
18,8,8
15
16
5,1,1
5,11,11
1,3,3
3,1,1
3,1,1
3,1,1
1,1,1
3,1,1
3,4,4
3
3,2,2
2
1,1,1
8
5,2,2
1,1,1
8,3,3
11,3,3
5,4,4
7,3,3
4,1,1
31,1
17,1
11,1
23,4
12,13
23,7
41,1
22
34,6
24,4
17,9
16,16
6,1
13
6,4
18,4
4,5
5,5
4,3
1,3
5,4
5,4
5,3
1,5
2,1
1,3
3,2
2,2
4,3
4,1
5,2
5,1
2,3
3,9
1,6
2,1
9,1
2
2
1,2
2,1
3,2
2,2
1,1
3,3
3,1
1,4
20
30
39,1
49,2
54,2
41,2
61,1
72
60,1
59
65,4
81,2
23
27,1
26,1
34
40,3
39
45,1
28
43
29
28
20
23,1
33,4
29,1
37,4
31,2
34,5
32,1
32,1
39
38,5
32,5
17,6
12,1
7,4
12,3
10,3
9,2
8
15,3
11,6
23,1
14,2
16,4
16,5
2,1
7,1
9,1
10,7
8,1
7,6
9,1
12,4
12,1
20,8
20,6
14,10
24,2
36
38
31,1
37,5
25,2
21,1
42,1
31
28,4
38,10
31,11
8
16,4
17,1
24
23
28
34,2
47,2
39,2
48,4
31,6
30,1
10,2
31
24,1
21,1
24,3
27,1
52,1
56,1
66,1
61,3
59,1
49,6
46,2
39
53
46,1
55,2
51,2
52,1
62,2
66,3
53,3
30,1
43,3
7
12
24
11,2
21,3
25
42,2
41
54,1
62,2
68,7
44,12
12
19
27
45,1
56,1
83
97,1
109,1
114,2
86,1
95,4
88,7
48,4
84,3
113,1
94,2
90,4
110
123,3
126,1
102,1
127,1
89
128,1
62
54,1
32,1
75
124,3
122,2
96,1
123,1
75,1
103,2
142,2
174,3
89
67
70,1
73
84
81,2
102,3
102,8
105,26
91,3
87,1
77,1
60,1
57,4
58,2
52,1
61,6
38
61
73
89
75
53
41
23,2
12
17,1
19,1
20,4
16,3
13,4
18,1
27,6
27,3
13,8
14,4
54
39
40,2
53,2
49,3
52,1
60,1
70,4
61,1
54,2
50,1
66,3
4
15
16,1
17,1
25
29,1
29,4
32,4
44,2
50,1
55,2
64,3
7
3
9,1
23,1
5
10
4
7
10
10,1
11,2
7
7
17
14
15
26
29
23,1
29
37,3
34
34
17
2
3
5,2
1,2
2,1
7
2,2
2,2
4
3,1
5
9
13,1
6,2
10,1
4,3
1
1,2
2,2
4,2
5,3
4,3
10,5
4,1
1
1
11,2
21,3
38,6
24,3
39,5
52,17
39,15
33,10
27,22
16
18
18
23
24
26
24
16
26
20
28
20
1
5,2
2
7,1
7
9,2
11,2
14,1
8,5
8,7
17,3
11,8
17,2
22,2
21,3
41,1
38,1
65,1
55,3
66,3
52,2
46,8
44,3
40,2
20,2
18
32
37,4
29
40,1
40,2
30,1
21,4
25,4
32,2
23,4
14,3
28,1
26,1
23,1
28,2
33,2
27,2
26,1
43,6
36,7
61,3
59,1
6,1
7,1
6,4
6,1
6,2
6
6
6,5
6,4
6,5
6,6
6,8
11,1
6,5
31,1
7,3
2
1
7
7
5
4
7
1
2
1
2,1
10,2
14,3
7
7,1
11,2
17,3
15,2
32,6
10,1
5,9
2,8
43,1
49,3
48,2
72,5
72,2
117
71,1
47,3
62,3
86,6
73,6
56,6
24
14
21,1
13,1
18,4
4,4
19
17,3
15,3
17,8
28,5
14,9
8,2
10
8,1
15,2
14,2
13
23
15
19
12
14
14
20,4
12,1
24,1
41,5
49
39,1
31,2
44,3
43,3
47,11
51,5
40,6
5
7,1
18
18
26
33
29
32
23,1
27
21
11
26,1,12
15,1,17
11,22
11,21
17,25
29,2,32
27,1,25
25,4,34
38,5,56
32,2,59
43,7,41
36,3,68
26
35
37,5
37,2,1
28,9
20,2,26
26,3,38
35,49
46,8,46
37,2,40
55,7,58
28,6,48
32
31,1
39,1
40,5
32,1,9
51,17
62,1,25
48,2,52
76,2,46
56,11,56
41,3,58
62,3,64
6,2
10,1
21,1
12,2,2
6,1,6
15,1,18
14,3,29
29,5,22
49,2,35
37,2,44
38,6,35
32,10,43
18,4,77
52,17
61,1,21
50,1,19
54,1,18
63,1,24
55,27
49,1,32
54,3,20
58,8,51
26,4,48
53,8,29
21,2,4
18,2,15
24,1,22
23,1,22
28,1,25
15,1,15
25,15
20,3,28
28,9,30
21,10,39
29,3,42
36,3,47
2
1,4
2,10
3,21
1,20
24
2,15
1,40
7,30
6,37
5,54
9,51
13
2,17
2,15
4,15
5,15
2,16
4,31
1,28
5,22
3,43
10,76
7,69
4,16
4,7
3,11
2,19
2,10
24
2,23
3,21
5,45
3,57
7,46
6,66
1,13
18
19
11
19
26
30
30
57
50
62
76
20
24
1,24
25
1,25
29
34
44
47
52
1,57
4
10
24
18
33
36
28
55
59
48
50
74
67,2
72,4
1,10
2,16
5,25
23
32
2,35
4,48
5,55
4,70
3,55
1,2
4,12
6,27
3,19
3,21
3,23
3,33
5,51
3,45
5,45
3,61
2,76
4
1,9
2,9
3,28
5,19
1,23
1,23
1,38
1,38
2,35
4,66
6,45
3,21
2,24
1,17
2,24
3,20
1,24
2,27
3,40
8,44
7,104
8,99
6,103
5,38
2,32
4,25
5,39
1,32
1,37
3,52
1,57
4,64
12,67
8,54
6,69
6
3
4
2
6
1
4
5
7
8
10
9
73,1
84,4,5
64,2,9
76,7,3
84,4,27
96,4,31
56,3,32
53,3,42
28,6,46
31,9,42
44,11,44
60,9,61
72,2,1
97,1,1
123,9,5
129,3,11
112,1,24
131,2,20
123,30
99,2,47
91,2,48
122,6,78
108,12,65
127,8,28
63,5
78,1
84,3,26
80,5,15
86,1,24
86,3,39
65,2,18
71,7,29
80,6,36
67,5,59
94,3,42
54,9,21
49,3
50,2,17
70,4,30
80,35
76,2,38
98,23
108,23
116,2,26
136,3,54
143,3,57
165,3,64
154,4,87
49,2
97,1
92,2,18
101,3,31
124,2,14
105,2,20
104,2,24
86,1,30
107,5,40
102,2,47
118,4,34
99,1,54
124
143,5
192,18
196,15
184,2,26
203,3,22
177,29
207,2,27
237,4,31
270,6,36
235,6,55
234,15,42
77,2,20
70,2,27
80,24
133,1,24
85,1,37
111,4,51
87,2,37
73,4,34
75,2,57
91,2,33
101,8,81
99,8,77
67
56
64
43
80
83
62
62
77
69
71
69
106
80
66
98
74
78
97
64
77
77
60
45
172
109
140
196
222
191
159
175
162
158
155
129
172
203
185
209
197
219
194
217
289
203
203
209
75
116
145
140
260
152
170
151
195
164
185
178
175
188
200
217
189
190
219
201
172
181
199
171
88
66
78
65
90
101
110
99
108
92
91
88
65
76
77
73
73
41
65
94
106
123
133
128
102
167
130
146
112
122
123
116
154
169
136
164
133,9
130,5
125,16
123,13
136,8
151,9
151,31
185,46
180,56
160,56
205,52
187,72
59,6
79,13
114,28
225,20
151,19
150,6
143,11
142,3
144,15
127,7
154,48
132,17
113
132
121
154
157
123
136
149
178
150
132
130
53
48
42
50
38
69
49
69
91
71
78
56
17
48
50
42
47,8
47,29
34,34
52,56
69,12
70,42
62,43
67,63
32,15
53,21
63,21
51,18
70,14
53,23
53,27
43,28
50,34
80,37
78,51
91,78
49,5,17
36,2,15
51,2,33
55,27
34,2,20
61,3,22
40,2,29
57,8,39
55,5,58
66,8,83
52,13,80
32,13,96
38,5,16
43,4,23
48,7,29
70,6,19
45,6,11
61,23
58,5,24
63,5,29
65,3,53
91,9,44
82,12,28
73,18,34
45,2,18
67,3,25
79,5,24
58,1,21
88,6,16
59,3,27
61,1,28
60,7,46
80,10,68
71,9,76
58,10,119
63,7,111
32,3,29
24,8,29
40,3,35
37,7,38
65,6,46
62,4,33
63,4,45
70,7,52
78,8,55
89,3,80
87,10,117
76,18,129
16,6,16
25,5,28
23,2,40
33,4,48
18,3,39
43,2,30
32,1,45
23,6,61
43,8,79
30,12,105
35,17,105
31,12,96
11,6,33
16,6,38
11,10,40
18,4,33
8,3,25
15,3,34
12,3,47
10,1,67
9,6,68
6,9,82
7,16,92
8,14,88
7,5,17
7,8,21
11,3,28
8,4,3
14,3,15
11,2,25
24,4,32
26,4,43
20,7,90
21,9,62
20,5,37
23,13,66
5,5,26
14,9,7
16,2,13
26,1,19
33,33
28,2,6
24,2,1
27,7,11
18,5,14
23,8,27
27,9,16
37,11,24
17
31
44
47
32
36
47
53
102
114
106
129
21
32
44
64
35
39
30
55
89
92
113
122
20
33
38
122
174
195
41
53
82
136
137
165
2
2
21
52
54
51
31
36
51
151
179
152
26
38
31
16
63
20
25
28
22
25
33
67
45
15
40
51
35
33
28
33
44
50
40
57
55
3
8
5
3
1
6
5
8
4
3
5
8
5
5
6
5
5
2
8
8
4
7
5
8
18
20
44
35
37
55
52
53
56
77
72
56
45
10
10
9
7
9
11
13
9
26
22
13
15
13
18
14
19
16
23
34
34
34
19
30
45
34
25
30
62
36
29
33
25
21
26
26
39
28
30
35
51
51
73
68
74
79
88
66
52
82
68
105
179
99
111
125
197
144
156
109
364
260
54
55
60
73
53
141
137
67
85
76
36
62
76
77
46
126
78
89
110
118
107
215
121
134
136
192
101
176
155
135
106
107
216
168
232
154
212
208
185
68
117
67
40
68
100
68
125
56
50
225
193
190
214
289
163
223
201
128
223
238
126
123
113
154
144
154
129
249
269
248
224
279
260
177
168
71
197
198
233
234
178
124
114
159
219
252
17
267
147
143
152
160
149
169
244
203
247
192
177
277
138
128
188
155
183
262
290
269
358
434
331
286
177
109
127
176
163
105
168
111
119
93
123
106
90
129
190
220
220
229
176
230
268
323
193
238
256
227
252
264
244
329
227
284
242
234
298
337
357
182
165
174
240
271
275
319
318
412
338
347
87
123
119
217
184
148
105
106
163
171
151
69
17
3
5
4
19
10
4
13
15
10
18
20
50
18
2
18
16
19
16
12
12
4
53
19
13
3
3
9
7
8
10
11
20
13
58
25
10
6
9
27
10
6
8
8
15
7
53
15
9
8
10
11
10
11
11
15
8
16
58
15
11
17
15
46
17
10
8
9
12
13
76
10
9
9
2
23
13
4
7
7
18
10
14
3
16
7
9
3
5
5
9
3
5
5
15
16
17
6
26
125
23
11
11
2
10
4
54
32
17
14
11
31
10
14
8
8
13
20
56
26
7
7
13
54
16
4
7
7
6
5
75
39
11
11
16
14
7
5
2
4
5
8
40
23
18
12
3
11
4
7
4
6
5
16
61
10
5
15
4
13
2
1
8
7
6
3
7
1
10
5
2
1
1
1
1
3
7
4
12
15
14
81
1
2
1
1
1
1
16
2
2
3
7
1
2
1
21
18
1
6
2
9
6
1
2
3
4
18
11
2
3
3
5
2
1
1
8
5
4
7
1
7
1
1
3
2
5
7
1
3
2
3
2
1
3
13
2
5
2
4
19
6
2
3
2
19
3
2
2
20
1
2
1
26
3
2
1
18
