2.0625315057
0.624658554502
0.421498624428
0.857582105073
1.23272511934
1.78048551166
1.20885934274
1.66064451203
1.05712931994
1.2263284335
1.56578569982
2.09867054884
2.35260387221
0.251428419998
0.243665315407
0.744791743519
0.975795290289
3.14385925758
0.939995868529
2.46665432573
0.808111428779
1.06548554841
1.80823091344
1.32337613748
2.44206276574
0.677330638726
0.57945038049
0.93766953391
0.958473344789
1.31015361444
0.774212815656
2.00522891191
0.79024400558
0.73608715123
0.903145708759
0.880617150441
0.781172342607
0.531713180227
0.62873925584
0.741442337575
0.976874327174
1.16726627107
1.33837838533
2.22861080668
1.265140381
1.23496980184
0.796045686657
1.30994849407
1.24884198602
1.05535303643
0.977314319997
1.00771201137
1.10470923242
1.1552552725
0.840264392867
0.855965016852
0.739468509922
1.06829981153
1.08778894577
2.67319542274
1.12722011233
1.52596015589
1.44901633576
1.446180077
2.18070943189
2.50723477025
1.52578583015
1.39954114109
1.87348336965
1.38340559395
1.00516977719
2.18137742952
2.4209830037
3.38945185588
1.80353649807
1.77863465731
2.16576458696
2.78829340128
1.86873687728
2.73481157241
2.63454131935
2.1489421688
2.32891088278
2.14400418354
1.70939804001
1.57738576787
1.72722822633
1.91362604984
1.94865315184
2.49866475603
1.73209517121
1.26606744535
2.14830868038
1.88993115012
1.3505720564
3.88505736797
1.78250426359
1.75034747937
1.6013080188
1.26110644345
1.78259536137
1.9905832714
2.05092840146
1.63214916928
1.67230210869
1.49569417493
2.12641603707
1.49354512046
1.32211001329
1.10125762422
1.10891655115
1.40315507016
1.00178114125
1.41090223102
1.13973809087
1.02319310634
1.03558986059
1.31327504274
0.924729118557
0.906662296964
0.774587932856
0.867468815775
0.947212537833
1.09823248714
0.984057841765
1.22055827766
1.01312917064
0.821674917258
0.808641184747
0.747196566618
0.703749652222
0.631310645922
0.689193159349
0.544722851876
0.527475869281
0.685862973714
0.849015902339
1.0001012291
0.809295942097
0.916518353415
0.709639946146
0.716813712476
0.722395121602
0.600848565098
0.498530001651
0.55042222966
0.746863171399
0.725176663325
0.852701057111
0.885951104601
0.759975374132
0.768152463915
0.92274399536
0.78721562736
0.72995325028
0.827783564584
0.654063736966
0.793504027788
0.659018194058
0.668301125332
0.800029635301
0.932697772918
0.902016124583
0.610883072448
0.829106090604
0.706430822483
0.616760534423
0.722789826674
0.76164801411
0.600528805647
0.643857714828
0.709445493199
0.830227427086
0.916586836132
0.740649069035
0.790478845561
0.774512765726
0.694328068085
0.571170659962
0.594739173585
0.571639320161
0.654434594606
0.670597299622
0.745488588224
1.47436089773
0.758797344182
0.864782589216
0.531233201254
0.674436384597
0.637368064693
0.514858033633
0.4326015225
0.428840730476
0.385869500189
0.338682362018
0.480951146827
0.721281310507
0.765749561087
0.861225472045
0.507551427563
0.40492029073
0.383143823423
0.615809638061
--
