41.1448579432
15.9348298335
13.4984404242
18.5972034281
32.3185468451
34.9043414275
24.7995238095
30.987167736
24.2383461694
37.1887838278
35.526128266
62.3018247083
39.5996758509
17.2147766323
18.7389605315
27.4329971182
37.3962597036
64.7789256198
36.3196721311
49.82017229
30.6689243028
35.3180732484
44.0367676768
47.4138232721
51.4932386748
34.1376863023
38.3182626365
42.7507537688
42.5608031674
55.4022085368
41.2806324111
55.6550757151
50.7642497904
49.6735102654
58.2507903056
62.5304932167
48.3338784005
35.6322089227
43.7293286219
50.6540642722
61.8131726216
62.4927358923
68.4320258949
78.9516629712
56.4194407457
61.8381712627
54.4978087136
71.6861876875
75.3741130414
62.0441240087
60.9166558315
60.1742151632
64.8200449888
66.1977334896
51.4285714286
44.0824700109
43.2947876189
60.1585978674
67.5057373566
91.7643219724
83.0815366523
69.2870207527
66.8484288355
59.0425226947
88.6735500879
121.781378366
80.4532374101
77.7030716724
69.7636695018
62.0993217054
42.0591751345
95.0153001177
66.1151291513
93.3303571429
47.5488958991
97.8545333776
130.178525641
132.450949367
77.9696969697
130.712962963
153.860176991
124.97027972
152.925233645
154.723266064
117.630545134
85.7612679544
103.713563776
119.037743425
117.947084457
120.598522895
79.0733766234
69.8033301916
147.270533881
142.312962455
101.515165131
134.299179546
90.2046755725
103.924696181
94.6952526799
95.5721901377
126.103021978
159.134988713
135.83266129
95.2037249943
122.037440856
117.913619928
134.027927389
115.52743757
91.9988720593
64.6488828968
61.1333089178
81.9325471698
52.5994930292
104.577657186
90.5271346546
90.3435040729
89.6064212566
116.150518413
83.8158405591
82.0013540961
69.9307145439
67.5681418523
73.6592338479
88.7483118478
94.871361383
105.021519839
69.3351769912
73.149306372
67.8876889849
69.1959828857
59.0943154113
56.1474302171
53.4716072256
38.7907912383
39.8862970598
51.2615826649
73.5107196662
91.7671648762
72.312797233
53.7810111699
56.099026661
59.8173452036
59.2752785803
51.358878154
43.2339324087
39.9688022284
50.9689853788
53.1831851105
68.9111999305
78.7871549894
59.9905387648
64.1321011968
62.402558163
57.1442622951
57.087412881
62.3088860879
54.5132305663
52.2606513724
49.6667826087
48.6638097871
61.8488400096
67.6603887689
67.1786885246
55.8344981184
60.2420723537
60.5786185055
51.3583076644
63.8387526279
57.692593232
51.1667551779
53.872276232
59.208212889
65.5277534582
75.3064487941
62.8920806776
66.2086199327
61.6660974161
61.9159379822
57.2708176531
51.2573257468
47.732690081
45.5793397231
49.879915545
58.7186115809
63.3771220695
71.0386784211
60.2892382104
50.190851735
51.644583958
51.5006075334
51.6343470982
44.9726252216
41.0111005821
33.9369920272
33.216143558
40.627781977
55.2573208219
57.8941176471
61.0699398273
44.6007631767
36.8795760407
38.5503685504
45.2782954025
--
