1.74616747822
0.656849556702
0.392806376683
0.817572578258
0.945699506503
1.33145212018
1.20196459675
1.39683975734
0.992417213896
1.41619960985
1.64585911315
2.27904171865
1.30170562651
0.261980703132
0.230031957671
0.657951251704
0.939675045619
2.28184201601
1.00137450521
1.97505295787
0.850213532603
1.07999807347
1.46982662813
1.32806087742
1.88666914733
0.457764884941
0.460723437964
0.87762994561
1.02803571981
0.970136567042
0.769562693367
2.4424169491
0.818691551628
0.716642543963
1.1541055202
1.00571833643
0.862045681013
0.575384651762
0.717910414075
0.6872472736
0.821326720582
0.94507815277
1.25488827336
2.48483415111
1.09644510315
1.0559257097
0.715084368127
1.21547448095
0.94079555202
0.835947770655
0.722445996927
0.741656133006
0.823065671204
0.841306495755
0.785298751235
0.90839563591
0.655421836751
0.872528658989
1.1258214643
2.46526790809
1.29908769218
1.42101099907
1.33639665335
1.23067862784
2.00257534698
2.2149128621
1.77420254255
1.26831842718
1.68996845259
1.22937984467
0.922483477591
2.38738224132
1.85578006195
3.43333656985
1.78747397551
1.28558793831
1.64433984845
2.20662084815
1.75137797501
2.95043575342
2.77471251519
2.29552397322
2.48009635446
2.44479040897
1.76223670756
1.82832216557
1.77590671137
1.50431552392
1.83440936816
2.17579454638
1.68891843793
1.2907156183
1.7769720906
1.77448977052
1.27960751018
3.80273563312
1.60559110965
1.58241746443
1.29994923429
1.02798783173
1.43134115009
1.56538926812
1.77757057759
1.49773934563
1.61774641026
1.29598938339
2.08866928585
1.56006279004
0.968336374934
0.885517965006
0.767494766017
1.0179648126
0.935624936773
1.07033189266
1.02829345155
0.891051033976
0.840602615919
1.1190123324
0.740230473629
0.749816518283
0.580707783226
0.785899318276
0.786878840938
0.864743341689
0.667526160562
0.869666736956
0.861518718104
0.771732293456
0.679538380964
0.823146595987
0.545248277025
0.57373155303
0.685390531373
0.484251914764
0.525521696954
0.645158104534
0.702770381806
0.769048682074
0.785840906359
0.95833148402
0.726176686998
0.719764426734
0.556599759241
0.507165018484
0.356199833293
0.367050866969
0.462978916557
0.452246555506
0.677761819289
0.694823096266
0.671501020854
0.651645652132
0.746072782013
0.621236733189
0.604379916045
0.774480230088
0.559666117612
0.655628358523
0.458694149828
0.419573553596
0.538257098577
0.706804617891
0.746158782616
0.480276725849
0.724377430341
0.575229247559
0.479001902787
0.58218978595
0.522354564181
0.397659076803
0.472739949621
0.461232249275
0.549425215076
0.700339045279
0.682942551165
0.673239080159
0.561903312739
0.476679121054
0.408719401999
0.425825204032
0.339336111605
0.402456806036
0.443651901173
0.542985878258
0.878163152271
0.59294467857
0.654040536693
0.390335915043
0.576242275359
0.563898258367
0.480447682452
0.416194998441
0.396422811369
0.37298826453
0.312670044683
0.43159020183
0.565702218166
0.650764752054
0.736241564452
0.467228949158
0.390391637786
0.359204784291
0.574696213389
10.6299375782
