46.0804979253
15.86484375
14.1071428571
17.0241075568
25.1170168933
26.6795682918
26.9201983769
31.5906618314
24.255942275
41.0324154758
35.5275432248
62.2382965871
36.293377285
18.6457119067
17.8039148352
24.3841443764
30.6321678322
48.1927945472
35.1833276855
48.0515567459
34.2703595011
39.2710312076
46.8628571429
51.1826051113
41.9700255102
24.8723334427
29.8733096085
34.1219903692
35.2553937433
43.0982033483
34.9419226957
54.812967581
45.5728038508
47.5373228346
56.3480833548
59.438607437
45.2438280569
32.5386073768
43.3139885944
44.0539827921
51.2230586923
52.4732554565
60.6638623327
76.7411816578
53.7222120154
62.043001443
58.0545054376
68.7618101858
67.1340713407
55.1772275843
50.5212892957
47.5891933816
52.3379327967
53.1101029252
49.0898903776
43.8422700054
40.2115855317
57.9163698882
66.6114842904
84.9056478405
84.6253016895
62.149445215
57.6487695749
45.8401344215
78.7690288714
107.36595929
97.2885061279
81.7161554192
77.9598784195
67.4613502935
50.4791169451
107.027494108
54.800729927
99.390077821
55.1840242669
71.3929663609
93.0238592305
98.1144486692
71.8546603476
137.394117647
153.733592096
127.542372881
169.311073059
170.781940889
111.541749723
91.5492470995
94.1658873755
92.7028169014
101.362837414
96.2348953728
83.5297774869
77.1392045455
133.785659214
139.107632094
98.8413623123
121.419634445
83.4410854558
84.1266071039
81.7055230339
73.1899466192
92.9900609894
113.435596661
123.860592482
91.0633992806
113.422138837
112.357157238
129.030751035
123.807576478
75.3106183231
56.2283372365
45.4210813763
63.0769413441
48.8244138634
74.9714599341
76.8098136875
79.1386589404
75.382328654
100.975185655
72.4136304063
69.6218270666
53.2494835338
53.160916165
54.2817750969
58.8537295145
60.6594511017
70.9703334208
58.1751914661
65.7110086319
56.583072952
63.1746408643
49.9824785778
54.6326302868
48.1205402888
35.1299728752
35.9647562582
42.4567272727
53.9847895295
62.0677169057
66.4062094331
59.8925669576
52.4725603246
56.1008872495
49.069427018
46.4336734694
33.9871858548
29.8681874368
33.3822835972
35.2184506649
48.3337697478
56.1097885948
51.5487751339
55.5205135998
52.5216821299
48.3441055985
49.8975303474
57.8160946746
47.1949089094
43.5083677686
37.1079331759
33.5000919963
42.7160149717
49.9665290345
57.8590849673
48.9709146575
53.2569233518
53.1361390356
44.2063261225
53.462819792
44.118073537
38.1660921064
41.7998841347
43.7797743418
47.1151287737
58.7709448197
60.9107613856
58.5881616727
49.8829670731
50.9536131736
47.9099965882
43.9792198582
35.5509825159
32.2653104471
33.8538252563
43.8661960533
48.1407575376
56.7939262473
53.3259874759
42.936490713
45.0899169854
44.8816423006
47.646778043
41.7951056292
36.4124003782
31.2137168484
29.2926388982
34.4832089552
44.9219345938
48.5995427365
58.7417783191
43.0827355332
35.5489660007
36.4920519755
44.3959410155
29.9375
