43.5679364433
15.9011649756
13.7994323557
17.8214449017
28.8520428401
30.8155411656
25.8888374247
31.2905651778
24.2469417375
39.0464959569
35.5268302414
62.2702134055
37.8816568047
17.9414376321
18.2412721623
25.8237795543
33.9987706358
56.2406015038
35.7371895084
48.9050753508
32.5439266616
37.4523809524
45.4426395939
49.3542020374
46.5925500492
29.3241261722
33.9517909715
38.3444262295
38.8213694092
49.129176642
38.0347137637
55.2238438384
48.1116007379
48.574345677
57.2881686841
60.9722030061
46.7708073165
34.0460410039
43.5162622612
47.2769296315
56.4417338425
57.4956688386
64.5560961649
77.8432456334
55.0473831776
61.9408827786
56.2722516471
70.2190035587
71.2652109912
58.5585061062
55.7708470125
54.0103830326
58.6479878704
59.7812230264
50.2750375488
43.9622718605
41.7645272322
59.0385842228
67.0629760755
88.1851595007
83.8434584078
65.6926837786
62.2682383516
52.4571360153
83.7104340202
114.384666667
89.0126305153
79.7519315097
73.8605287147
64.7672833496
46.2729172887
101.017860648
60.4267889908
96.3899803536
51.4412371134
84.0781722656
110.9324888
114.943195037
74.8976190476
134.091762014
153.796783884
126.263258564
161.086709311
162.73954461
114.591532169
88.6599085177
98.9532738699
105.884835695
109.68951865
108.402331071
81.2928617992
73.4626043143
140.532425838
140.726266261
100.176463989
127.819112628
86.8192541404
94.0461019898
88.191283293
84.3885307846
109.435474702
136.277558389
129.80989355
93.110264863
117.758335059
115.138461538
131.514475511
119.674738012
83.6736111111
60.4663629314
53.2542450246
72.5370962016
50.7169907231
89.607493062
83.6545286506
84.739148437
82.4747446867
108.61268556
78.1507455883
75.819143167
61.6254235237
60.3713971397
63.99340927
73.7861249521
77.8814307653
87.7889457251
63.7244911991
69.4409007841
62.2533685422
66.1837025598
54.5308096336
55.3928511868
50.8035299582
36.9706675657
37.9371896317
46.8864663013
63.8322033898
76.9678968951
69.3607807093
56.8008921933
54.294080136
57.9559616537
54.2062733693
48.9052012238
38.6494951982
34.9399686696
42.2349595762
44.2646814404
58.6457807193
67.4715893981
55.7744693913
59.8328402367
57.465356513
52.7431823355
53.4870461977
60.0641728093
50.8707353428
47.9034149352
43.4057035713
41.0753188159
52.2441832574
58.8874466417
62.5421200954
52.396917887
56.7496538479
56.8486401093
47.7881578947
58.6584321707
50.9047475183
44.6621113617
47.7981261711
51.4279934252
56.2005356834
67.0549840214
61.9048495203
62.4099966971
55.7248665562
56.4359841247
52.5840109327
47.6131036932
41.64866118
38.9053537285
41.8513916937
51.2777800104
55.9042303415
63.9572649573
56.8004706166
46.5847320494
48.3597438414
48.2054042275
49.646840669
43.3833962264
38.7092630156
32.5746170509
31.2492626357
37.5704038145
50.0977921815
53.267781328
59.9044902226
43.8427462687
36.2160385933
37.5177365983
44.8360761905
29.9375
