1.35579337863
0.452602244166
0.288325471945
0.592920674214
0.786406162207
1.11475197288
0.852597481068
1.08388524958
0.726153758512
0.93298330393
1.13532136839
1.54835674332
1.31714667462
0.181973163769
0.167377046492
0.494602860293
0.678654227483
1.92952971304
0.688011426628
1.56876426571
0.588689250782
0.762189263203
1.16640585842
0.938240115003
1.53331179257
0.407549248435
0.370444110003
0.643718517421
0.705389266784
0.812967790937
0.546794345043
1.58787093363
0.570087708098
0.513550025601
0.734890978324
0.669202567388
0.582504066521
0.392885492406
0.4789312577
0.505471275538
0.63815054172
0.752594769917
0.91819949896
1.66938983675
0.835192544759
0.812032828211
0.535331774518
0.893326894399
0.783003161575
0.671491948178
0.610914086215
0.631496709154
0.692780486771
0.720903351639
0.575683238417
0.624081085971
0.494657672716
0.689838772169
0.78249143037
1.81432563538
0.858476428014
1.04304344952
0.987844342684
0.955206186776
1.48173573755
1.67115517909
1.17811125118
0.942971974532
1.26340959022
0.926735132914
0.685871245444
1.61888617078
1.52662427121
2.4130332635
1.2722765322
1.09663273608
1.3668236848
1.78604807177
1.28079309605
2.01376190412
1.91309315287
1.57274636195
1.70336568258
1.62773044459
1.22783571783
1.20800361011
1.23944159578
1.22445251396
1.34107656909
1.66281602387
1.2099718244
0.905062721076
1.396163645
1.29713557439
0.930236226848
2.71848448207
1.19986777784
1.18449517191
1.03351050625
0.822077909148
1.15494117112
1.28906754834
1.35743567889
1.10676077518
1.16441395329
0.990030124059
1.49031885024
1.08054035338
0.82334704641
0.708753851089
0.677751754022
0.873677751208
0.685789586708
0.894199774342
0.770160980942
0.679937347954
0.669121138188
0.86655451422
0.59484794994
0.590591414344
0.488935180374
0.588541012326
0.621390636245
0.710870488891
0.61153972814
0.759185908762
0.665960603542
0.564441695108
0.530444375028
0.556345439768
0.446421798004
0.426712748402
0.486330645152
0.364918553787
0.372577814226
0.472218012734
0.556988056984
0.641485900807
0.564436884825
0.663720315048
0.507781952778
0.508069444054
0.458224815368
0.393734891292
0.308900656493
0.333471577385
0.445540629086
0.432978275736
0.549104958131
0.568256939159
0.507899201056
0.504474742024
0.594415039769
0.502249254262
0.474271198998
0.566991830649
0.43135584111
0.516025327813
0.404001504731
0.397728948098
0.485175102647
0.589356645192
0.586661734795
0.388956179377
0.550971723416
0.455926980947
0.391351625023
0.465204384945
0.463903365944
0.362612576514
0.400531057493
0.424596917613
0.498934425029
0.579633694388
0.503904717395
0.519916992228
0.478528244117
0.422438496426
0.352076070164
0.366201877261
0.334705900122
0.386744763814
0.405216263096
0.463247768515
0.867311669571
0.48426063293
0.542486031176
0.330813141273
0.443940521325
0.426284012649
0.352373508217
0.300280558154
0.292276140626
0.26845891494
0.230700024371
0.323885257939
0.459672156174
0.503759206451
0.56645241118
0.344989129358
0.281283015164
0.262603081972
0.421091624869
10.6299375782
