39
56
55
43
26
35
36
44
64
78
65
61
62
71
83
60
36
55
87
88
48
49
36
55
65
46
44
53
49
47
30
67
62
36
68
47
66
72
52
63
24
30
18
35
29
46
37
50
72
63
54
55
20
22
29
33
40
39
31
52
61
64
67
51
10
24
26
31
27
48
43
25
51
46
57
39
14
16
16
9
13
32
30
32
24
34
38
49
16
27
44
34
59
55
55
41
48
48
29
32
38
36
49
48
60
69
58
71
65
46
40
30
18
29
44
43
34
39
31
56
59
59
51
46
15
25
42
29
39
40
51
37
36
19
42
14
15
14
22
31
25
30
33
28
31
41
38
31
4
10
13
13
11
15
8
14
27
32
19
19
12
10
20
22
28
36
34
28
33
37
39
31
27
24
32
23
32
42
38
46
42
39
23
25
23
31
25
32
24
49
40
24
53
44
37
20
52
42
80
72
97
81
84
73
74
84
80
47
9
16
25
36
31
89
68
90
58
115
95
58
78
110
92
120
118
121
111
107
71
96
77
55
37
54
33
40
34
32
34
42
29
15
9
15
24
29
31
29
43
30
33
38
27
16
13
12
36
43
22
39
67
50
28
27
15
33
16
8
38
30
34
13
24
20
26
36
24
33
16
14
17
13
21
29
25
22
23
26
27
35
25
8
32
54
36
39
31
48
35
47
16
31
14
16
35
51
26
42
45
49
48
46
32
36
27
30
40
41
47
40
45
35
34
44
45
46
18
16
32
47
33
36
32
36
31
21
28
24
14
17
24
36
53
47
39
51
47
51
47
27
18
18
39
48
32
45
70
71
70
43
47
31
30
29
44
64
79
92
78
79
66
66
52
54
40
27
89
95
91
76
81
59
61
40
41
40
29
22
97
74
68
50
55
32
57
43
29
28
24
20
84
91
81
70
68
67
58
66
47
50
36
27
51
34
35
42
33
32
32
26
31
31
19
21
44
49
40
43
36
34
35
29
33
27
24
22
27
33
27
39
22
36
24
28
21
25
9
6
21
21
24
34
22
24
36
17
25
8
21
9
37
31
31
19
35
26
29
33
29
19
12
14
16
23
22
19
30
17
29
25
24
27
20
14
37
30
35
30
20
27
33
28
30
28
18
7
23
19
34
23
37
21
21
32
42
30
31
26
29
27
30
34
46
42
21
23
15
25
17
11
18
20
29
35
21
24
15
31
23
34
29
12
22
41
53
53
36
48
45
30
25
20
18
14
25
35
21
19
26
33
24
14
52
37
21
14
38
43
50
54
63
39
38
43
54
54
31
16
87
87
79
85
60
39
56
55
51
45
46
38
79
54
70
60
68
82
75
65
79
68
54
35
46
76
42
27
58
59
76
65
39
40
18
4
52
75
89
103
82
96
81
72
54
56
46
32
73
68
62
69
67
85
93
66
71
70
48
43
23
52
38
41
24
47
21
42
44
17
14
11
71
71
33
25
50
53
31
27
30
24
10
14
21
22
15
3
38
36
41
23
44
23
11
12
40
48
37
59
49
49
27
20
27
19
14
7
30
45
19
32
37
28
42
25
16
7
9
10
24
46
27
47
41
32
21
18
7
8
9
8
27
25
28
49
17
18
29
19
25
14
8
4
71
72
54
49
43
47
41
40
38
31
21
9
89
61
43
50
31
42
48
48
48
39
26
22
93
75
52
58
65
53
47
50
47
44
27
17
64
82
87
40
90
71
61
30
40
43
33
24
52
49
40
64
120
86
74
44
45
34
37
23
46
25
44
58
33
35
45
39
27
47
16
16
32
30
34
55
44
52
36
32
56
36
30
25
31
24
21
39
35
34
44
36
60
40
31
24
45
45
43
48
46
45
56
46
43
45
35
12
47
51
41
39
35
46
66
58
59
56
17
23
62
86
76
54
45
59
79
89
79
62
48
22
57
57
64
47
52
50
60
66
51
55
31
17
18
18
18
20
38
40
37
53
43
18
23
13
19
14
30
42
33
26
65
43
37
30
9
11
34
69
50
81
64
56
75
104
125
47
14
5
48
63
59
49
64
61
64
64
77
43
25
26
40
34
44
48
48
57
87
63
90
48
40
26
45
63
41
23
48
43
69
65
76
43
15
3
38
40
20
36
44
64
26
17
27
30
16
7
27
23
22
12
13
10
27
28
16
20
10
16
10
14
30
29
23
35
50
28
33
43
15
12
33
28
37
24
30
25
72
54
69
36
20
12
35
27
48
24
42
50
66
70
65
29
24
19
23
32
24
32
42
41
46
28
30
21
10
13
23
30
42
34
23
30
54
36
44
28
40
11
20
20
20
26
39
33
27
36
41
25
16
14
21
16
24
39
31
27
37
26
16
15
8
10
8
20
15
24
15
18
41
34
30
15
9
22
23
16
16
30
12
29
22
32
20
17
11
29
23
23
20
23
36
32
31
54
36
21
16
30
25
13
19
28
30
25
26
26
16
15
13
22
34
36
36
38
47
31
50
50
24
24
12
41
30
45
49
35
50
34
44
51
23
12
11
13
15
21
22
26
28
25
31
35
34
11
13
27
25
28
15
35
24
26
32
50
32
21
14
36
47
39
23
46
65
49
59
64
51
22
17
17
9
16
27
41
34
32
52
48
33
18
9
22
27
29
38
35
44
35
45
55
44
34
19
41
41
19
39
23
33
37
63
41
45
40
19
37
41
27
40
26
33
41
53
54
51
47
20
66
53
33
29
50
52
49
42
41
31
13
18
38
44
41
24
38
49
36
58
75
29
29
10
97
41
58
48
59
54
70
87
75
44
34
17
65
38
35
43
41
55
42
62
52
47
26
16
56
30
31
67
78
58
56
69
53
56
27
27
32
27
21
48
34
66
60
69
69
37
30
19
32
28
38
30
53
35
32
40
31
20
18
15
9
29
24
16
30
38
35
21
37
17
18
12
15
15
33
26
21
38
48
36
55
40
12
14
9
8
6
17
21
20
36
64
62
45
17
19
27
31
32
52
49
59
64
59
46
39
22
17
40
52
44
49
62
50
26
40
37
19
11
14
42
27
36
54
29
36
60
79
43
45
19
9
43
18
35
45
40
42
50
76
52
34
28
15
14
22
25
22
38
29
42
36
54
21
26
11
18
24
18
20
44
34
45
44
29
22
18
8
14
16
18
36
28
37
50
46
43
32
27
15
18
22
32
38
37
35
43
57
35
42
21
9
34
29
40
35
48
46
46
49
52
40
32
12
22
29
39
39
39
43
35
50
45
35
25
14
11
13
10
15
25
22
24
35
33
20
13
2
15
14
32
28
39
30
46
45
27
6
6
9
16
23
22
31
31
28
24
41
21
14
15
8
14
32
32
28
50
54
42
43
30
29
14
9
41
37
40
41
54
40
39
44
43
26
16
11
16
26
20
31
42
39
50
37
22
11
4
5
5
15
23
18
8
16
25
14
9
2
7
5
7
18
18
5
17
22
24
11
6
3
4
4
13
12
8
6
5
8
5
4
8
3
3
11
8
6
8
3
3
5
11
10
2
6
6
11
10
9
10
9
2
10
5
4
4
3
9
4
15
26
17
18
3
5
2
4
1
28
31
45
60
31
17
8
11
8
10
4
4
46
72
75
58
63
20
11
8
7
4
7
5
8
22
50
41
20
8
10
3
2
8
4
3
22
2
26
29
24
19
9
8
3
6
3
4
40
58
44
48
21
9
9
12
4
2
3
2
12
8
22
42
24
13
1
2
3
1
6
38
43
36
12
2
4
3
3
3
10
20
38
39
15
15
10
8
6
3
3
3
33
74
67
61
40
26
9
15
7
2
8
6
39
26
40
40
43
18
20
17
9
4
6
3
24
17
46
18
29
11
5
7
4
6
2
6
2
17
15
19
9
6
10
6
7
4
7
2
12
39
14
13
7
7
6
2
10
13
2
5
3
2
6
1
47
35
47
32
9
23
8
10
4
6
8
2
23
38
45
34
19
9
4
12
10
4
9
6
8
18
2
2
9
1
2
1
3
9
10
5
2
2
3
6
12
2
16
15
7
15
7
7
3
2
3
3
61
46
49
48
19
20
7
2
2
8
2
48
35
62
48
22
9
3
5
2
6
2
6
11
82
119
49
29
19
11
6
2
11
14
6
21
57
65
55
15
12
8
5
5
9
6
5
64
70
77
37
29
20
10
8
13
16
16
8
105
66
65
44
22
14
6
13
5
6
9
7
2
1
7
35
4
3
6
6
6
2
10
24
14
14
25
9
1
8
23
6
85
75
90
46
19
15
17
8
7
6
6
9
17
22
71
51
27
15
6
6
6
1
3
3
16
6
15
3
4
2
4
53
95
36
28
25
2
2
1
6
10
9
8
36
6
35
50
19
14
7
2
8
7
5
14
9
24
20
32
12
7
5
8
8
7
12
11
21
5
7
6
1
1
2
3
4
5
10
6
11
10
13
16
54
68
35
24
12
4
2
9
6
5
8
25
5
1
3
8
10
4
12
8
8
12
102
113
99
42
44
16
8
9
6
11
11
11
95
36
60
29
18
6
6
1
9
4
10
12
10
45
26
44
31
18
23
9
9
6
7
9
74
108
59
51
29
14
7
10
21
23
22
16
67
51
9
4
12
5
12
8
15
4
16
9
35
51
38
35
23
18
13
8
10
26
10
29
100
98
85
64
39
16
7
19
17
17
15
9
49
77
59
33
17
17
10
8
17
17
16
16
85
68
53
37
33
12
13
13
23
14
10
9
46
26
35
29
25
12
10
9
27
15
12
24
89
61
31
10
7
9
13
23
16
14
4
6
119
112
61
39
22
15
13
11
10
16
11
6
104
81
74
34
5
8
13
21
19
18
16
22
57
49
16
39
29
18
21
26
31
18
14
17
35
45
48
41
32
24
11
12
15
29
17
26
57
48
21
25
19
13
1
14
4
13
17
28
31
21
23
11
9
10
19
13
5
4
13
14
60
42
29
15
6
11
18
21
26
10
4
55
36
25
24
13
13
10
16
16
13
16
15
61
59
27
32
18
29
15
16
24
18
21
22
37
47
19
17
6
5
10
13
11
13
8
19
44
50
19
16
24
17
16
31
7
17
27
17
87
58
43
14
12
15
11
16
9
11
14
17
89
72
51
42
21
19
26
38
24
32
26
28
105
90
55
32
13
2
4
16
20
23
16
10
25
12
12
13
10
11
7
6
9
10
8
5
105
71
51
14
15
7
18
29
28
19
14
10
90
76
47
51
17
16
15
17
16
17
15
11
21
55
33
16
10
23
38
31
23
9
14
50
39
3
5
15
14
15
31
23
19
19
34
72
75
53
29
40
34
43
27
33
29
2
35
43
22
11
9
9
11
12
10
11
11
16
64
48
31
20
15
13
18
18
17
15
18
17
41
46
34
28
21
19
22
29
16
17
27
23
43
40
43
29
16
10
28
25
21
18
26
33
16
9
15
8
10
7
13
8
7
6
6
5
26
23
14
14
20
10
13
23
23
18
17
11
45
41
21
22
23
11
29
21
27
24
15
25
49
35
20
14
15
23
22
39
46
29
36
48
43
22
8
4
12
10
30
30
31
17
33
63
20
16
16
5
12
4
10
12
8
14
19
30
9
17
11
13
5
8
5
15
11
14
16
48
17
16
13
12
8
14
9
13
13
23
50
35
1
2
17
7
5
16
18
14
24
25
9
11
9
8
11
8
41
37
44
12
11
2
4
9
19
11
10
1
14
43
39
9
12
4
12
15
21
30
15
9
33
58
29
8
10
2
9
21
16
13
16
23
30
38
35
6
10
8
17
12
8
2
15
10
15
31
33
2
4
7
7
3
11
12
28
61
31
14
3
7
10
6
6
2
6
17
11
29
41
14
9
14
19
13
8
11
12
18
29
35
41
18
8
6
17
9
8
3
5
4
11
39
32
11
1
7
4
8
6
11
10
15
29
15
23
23
27
13
11
5
15
7
3
34
39
35
23
11
16
12
12
8
11
13
17
36
20
25
4
9
6
8
11
12
8
7
16
13
13
15
11
7
6
10
2
3
5
5
3
9
14
13
18
17
15
7
9
10
10
6
2
16
8
8
8
6
10
7
7
12
11
8
11
24
31
42
12
8
9
11
8
3
8
13
14
29
30
20
17
9
12
6
7
4
10
7
6
27
26
25
9
7
6
11
11
3
4
9
15
33
39
39
10
9
16
3
6
6
15
6
13
23
20
9
2
4
7
2
3
3
4
4
5
5
10
7
5
6
4
7
4
7
2
2
5
20
19
12
10
7
6
6
3
2
1
4
2
17
22
17
12
10
12
17
8
6
18
7
6
27
27
14
6
12
10
1
3
5
10
10
18
38
31
16
10
13
9
10
10
10
11
6
11
31
26
18
7
7
4
6
5
7
5
7
7
16
19
16
5
4
5
6
3
6
6
12
15
13
32
6
11
6
7
8
6
7
7
16
33
27
28
16
5
3
8
7
2
4
4
23
26
8
4
4
1
2
4
6
13
26
42
30
29
28
61
30
21
9
4
27
29
48
16
10
7
8
5
39
37
30
24
40
39
45
58
39
34
30
39
25
35
81
37
33
26
13
23
21
12
32
34
22
10
34
28
7
27
33
30
27
45
38
39
30
18
24
34
50
41
52
43
38
35
36
36
40
47
35
48
48
43
42
51
74
31
36
33
39
38
38
49
36
43
43
36
46
63
65
8
5
3
12
4
3
14
31
25
25
30
33
32
43
51
36
31
36
47
45
31
32
29
24
27
31
38
31
48
40
33
48
43
24
28
34
27
30
33
41
28
23
33
33
30
40
25
43
44
43
39
35
33
45
38
33
34
29
27
28
41
25
38
34
32
28
39
32
31
26
34
24
45
34
25
41
40
35
50
32
39
35
33
37
35
32
20
33
38
22
40
43
42
34
34
20
31
42
31
32
34
29
34
26
31
36
26
37
42
41
23
38
47
30
37
33
29
35
37
34
34
30
33
42
42
53
49
48
48
43
47
48
48
51
55
52
51
44
35
30
53
54
39
43
27
39
45
60
42
47
49
38
49
59
69
47
40
46
39
31
48
52
49
34
43
28
33
54
72
66
71
49
46
43
50
51
65
63
59
51
46
57
86
49
63
50
49
41
68
64
54
43
41
29
28
46
67
54
65
59
50
47
56
67
66
68
66
48
40
64
58
52
41
47
39
41
46
51
67
50
66
46
48
39
33
52
46
41
33
39
48
48
35
43
47
35
28
43
46
43
33
57
46
27
49
48
27
33
59
37
43
4
30
27
44
40
40
50
40
50
44
47
39
48
43
53
39
36
26
50
41
43
55
63
54
53
47
47
44
33
50
44
40
50
30
35
31
45
33
44
47
15
10
13
21
18
23
14
30
40
42
54
62
59
39
45
50
56
72
62
46
54
29
32
32
35
27
33
17
53
60
64
72
42
61
41
47
42
47
49
46
35
34
68
48
67
73
51
47
77
55
47
64
50
79
64
89
65
60
61
54
61
58
48
49
41
55
47
44
37
53
34
44
39
37
31
38
34
51
58
57
52
34
42
60
48
48
54
45
55
43
45
52
44
57
52
43
47
78
1
1
1
1
1
1
1
1
1
1
1
29
29
2
1
2
11
50
36
35
59
50
19
3
35
31
36
34
33
45
16
44
27
48
45
53
43
48
35
39
41
35
54
35
1
1
2
4
3
2
6
3
3
1
8
7
10
10
13
16
49
41
49
52
54
55
46
9
46
50
29
51
46
40
43
37
44
60
44
42
45
34
40
56
58
41
54
1
2
3
6
43
68
60
34
31
39
45
44
48
55
40
40
42
49
57
44
45
27
28
35
37
45
41
49
39
40
36
45
52
65
53
33
15
6
12
6
6
4
8
64
32
16
11
23
25
33
108
67
26
22
15
19
43
1
2
2
1
2
2
13
17
22
15
19
20
28
12
19
19
18
19
16
15
10
13
10
12
13
15
12
13
12
5
13
5
13
11
2
3
1
1
4
1
3
8
17
11
9
13
25
14
13
9
8
21
21
11
9
2
12
13
10
15
27
16
9
14
2
1
6
2
13
19
12
20
24
20
17
1
4
3
5
7
12
8
31
30
48
56
58
61
53
9
10
8
10
21
32
16
28
16
29
42
35
45
50
37
19
41
42
47
54
29
22
32
24
24
57
40
34
18
29
22
41
52
22
32
36
23
33
40
32
40
39
9
25
28
42
41
55
41
12
8
16
15
20
23
14
8
11
18
9
15
15
18
12
13
23
26
26
27
17
10
9
20
14
20
19
10
18
16
17
35
30
39
21
15
42
57
58
65
41
53
15
32
33
44
40
40
39
1
1
1
1
5
5
1
1
1
4
11
25
50
20
14
11
5
9
4
13
15
28
9
7
7
10
21
5
13
9
1
14
27
9
7
7
3
9
9
20
18
16
9
12
15
16
13
8
11
13
9
9
10
13
19
12
13
14
15
16
17
22
22
15
8
14
12
23
26
12
19
13
17
19
8
16
11
17
16
11
12
12
13
9
9
9
11
9
11
14
8
17
19
10
11
16
26
20
22
22
10
11
19
17
22
19
24
9
11
11
13
16
16
8
14
13
17
17
16
14
10
8
20
16
20
15
22
17
24
27
16
30
23
30
15
28
17
25
28
27
35
28
25
25
29
23
28
19
25
19
11
16
20
18
15
13
11
15
16
10
20
18
19
22
21
21
27
23
23
28
21
16
14
23
16
14
22
13
20
22
28
15
20
22
22
27
22
26
30
32
29
36
12
12
8
23
17
26
22
12
12
10
25
11
19
16
13
23
20
27
28
21
22
13
12
18
23
15
9
11
20
13
23
18
23
23
18
27
25
21
29
16
20
15
18
27
23
24
21
19
19
22
25
27
23
19
14
28
27
9
16
17
10
21
21
15
15
25
21
19
14
15
19
25
23
20
12
20
16
4
2
25
23
23
35
19
13
10
23
20
14
20
15
14
15
22
33
22
22
23
22
17
19
21
29
24
23
21
16
24
19
25
19
20
17
15
16
16
15
24
20
13
24
26
24
26
22
29
27
26
24
28
26
26
19
9
28
35
34
26
16
7
22
28
25
23
15
26
20
17
26
28
15
18
24
26
24
15
22
10
19
4
13
11
15
13
14
10
7
18
8
24
21
22
17
10
14
21
11
14
13
11
10
17
19
22
17
23
13
17
8
11
12
11
16
14
9
3
8
12
12
10
10
16
22
21
12
27
20
15
3
12
16
23
22
18
12
38
22
34
29
18
14
21
25
27
8
17
6
11
32
31
23
21
19
17
9
25
24
25
31
28
24
17
11
20
14
14
10
14
14
14
16
18
24
25
25
16
33
25
7
22
31
15
12
13
11
17
12
11
11
12
26
24
28
33
24
19
1
1
1
3
4
1
2
4
2
6
1
5
2
25
37
41
33
25
30
28
35
27
17
6
9
5
2
26
34
25
29
20
30
25
18
34
34
22
14
27
22
33
29
33
12
1
30
17
7
4
9
7
5
38
29
23
34
22
40
28
26
32
21
10
5
4
2
35
48
22
1
5
1
2
3
2
10
9
6
8
3
5
3
2
5
6
11
5
2
10
23
16
15
2
2
6
10
8
3
9
9
36
19
3
3
1
2
2
6
3
4
3
7
3
5
3
1
29
26
30
30
37
30
26
1
3
1
3
1
1
32
16
21
7
12
4
15
25
31
30
2
1
11
17
15
2
1
1
1
1
1
1
1
1
1
7
22
33
25
27
33
30
46
31
17
17
17
11
8
6
5
4
17
22
18
14
21
20
25
9
10
4
5
8
8
18
17
12
8
21
22
15
20
10
12
12
14
16
30
22
31
32
23
30
26
28
47
14
12
25
24
26
21
23
18
29
16
28
23
20
18
15
10
16
20
20
31
26
22
25
18
25
35
37
24
17
25
22
23
16
28
33
11
15
27
15
22
25
25
19
17
26
19
14
20
28
1
4
2
2
3
9
22
5
13
22
19
20
13
24
19
18
25
23
23
29
25
3
5
8
7
2
4
11
21
31
17
24
12
16
27
30
11
21
14
23
14
6
17
23
30
22
28
19
6
14
6
6
4
4
7
1
1
1
2
1
3
1
1
9
23
19
20
22
19
19
19
22
22
16
14
19
17
28
15
15
17
16
19
14
14
15
8
11
18
17
8
9
14
13
14
14
14
11
19
11
12
16
20
16
23
32
31
22
25
26
27
34
14
15
33
30
28
40
37
46
14
14
21
20
35
44
48
24
21
19
18
24
29
39
13
17
14
27
27
40
17
40
22
24
18
35
46
62
24
29
33
24
39
41
63
30
32
23
20
24
47
52
43
40
34
47
58
66
72
24
34
23
28
39
40
46
34
35
38
27
35
39
51
35
46
47
46
55
55
54
61
56
53
51
44
46
68
45
32
51
44
48
55
54
30
41
36
39
41
41
48
38
29
24
11
12
10
10
26
22
26
29
32
37
28
21
31
46
35
38
50
49
63
33
27
32
22
18
23
49
77
68
49
40
56
53
55
42
43
38
27
31
48
49
42
77
51
66
48
64
57
83
68
61
84
67
72
92
75
63
70
55
57
44
56
49
65
49
54
39
37
38
62
61
53
50
47
35
24
64
67
68
54
71
73
48
65
53
50
37
40
30
25
90
64
56
36
30
51
37
44
51
54
55
42
30
42
69
70
62
73
45
40
67
54
60
59
49
40
37
55
55
60
59
41
40
52
58
38
39
28
29
37
37
35
53
70
62
52
54
70
40
66
70
67
49
53
30
30
57
88
63
57
47
29
34
64
60
50
65
60
53
46
55
73
87
90
70
66
46
80
69
75
73
50
62
48
85
99
108
102
76
83
71
107
115
83
101
83
89
72
93
87
82
92
58
67
69
36
36
13
17
21
19
14
32
85
23
74
97
77
81
62
59
58
60
31
36
36
27
62
65
45
42
28
27
28
64
53
54
39
46
73
40
59
49
23
33
17
57
43
10
10
23
81
88
50
86
73
75
78
97
80
86
76
56
72
68
79
84
79
75
77
86
75
64
79
59
76
44
55
75
81
64
72
54
61
72
68
49
76
68
66
46
76
84
79
86
89
78
79
98
109
124
147
102
77
77
72
85
85
97
66
63
52
75
69
67
73
80
32
66
60
59
84
73
78
60
42
17
21
19
21
13
15
19
25
22
21
12
3
12
13
11
12
17
11
9
9
5
4
8
19
7
11
14
31
21
26
25
10
18
30
15
1
13
28
22
14
31
32
30
18
1
9
21
26
20
18
25
4
45
16
21
14
11
12
32
25
12
27
26
17
7
16
12
33
30
29
19
15
16
20
19
17
25
22
13
31
24
29
33
32
15
21
2
8
29
17
28
18
30
28
28
20
27
21
31
25
1
1
22
24
18
26
21
33
22
19
3
13
23
23
31
23
22
22
19
19
28
17
25
26
33
9
1
1
31
18
34
33
24
28
17
24
3
6
28
16
17
51
25
31
29
12
29
24
22
31
33
16
2
24
37
31
32
30
15
6
15
17
21
31
29
17
16
15
22
22
36
32
17
22
15
28
4
1
2
2
40
13
24
27
28
17
49
26
25
28
7
22
4
1
36
22
22
7
18
29
25
1
1
17
11
17
16
21
18
27
32
18
29
23
28
20
17
17
16
24
25
19
19
13
13
19
15
22
16
17
17
22
20
12
12
25
9
22
20
11
7
9
22
14
13
4,4
2,2
5,5
5,5
79,79
2,2
197,197,15
323,323,16
140,140,25
169,169,25
26
20
20
465,465
373,373
367,367
83,83
80,80
86,86
44,44
407,407
611,611,31
787,787,22
640,640,34
726,726,32
20
38
6
1
21
7
5
6
20
6,6,26
4,4,31
10,10,12
1
7
21
202,202
55,55
8,8
8,8
72,72,29
22,22,24
57,57,26
171,171,39
26
37
31
34,34
1,1
1,1
2,2
1,1
18
20
1,1,24
22
22
20
17
9,9
28
40
17
34
21
23
35
12,12
6,6
51,51
209,209
258,258
8,1
30
27
17
29
336
1033
1086
1047
987
545
587
243
33
18
10
28
32
29
20
25
27
37
30
47
18
21
20
26
25
37
37
29
14
30
22
27
27
25
21
1
6
14
15
3
1
32
1
25
40
42
33
27
26
17
20
1
9
21
22
26
33
21
26
26
20
27
29
19
30
25
21
22
26
21
26
45
34
32
36
24
25
25
25
26
30
22
24
24
24
24
24
24
19
23
37
39
27
33
30
33
12
28
17
6
1
14
26
7
15
22
25
24
15
8
15
3
1
7
29
20
23
16
22
22
22
17
20
32
27
36
33
13
36
15
16
4
4
36
21
35
33
29
34
22
21
20
42
31
34
29
28
22
29
19
32
30
26
30
18
15
26
30
32
18
28
28
27
30
29
27
34
30
16
28
28
27
23
30
23
27
23
35
31
26
28
31
19
22
26
28
7
32
6
19
23
29
34
23
10
13
29
23
14
17
16
19
17
20
32
32
29
18
27
34
6
22
23
26
24
3
4
6
29
36
18
2
4
26
15
21
25
15
22
34
26
25
24
1
16
21
31
26
30
21
15
20
29
29
30
25
35
14
10
26
24
31
19
24
24
15
23
20
13
20
23
18
21
22
21
2
13
16
8
17
23
23
13
25
28
25
34
30
28
16
19
13
22
30
29
25
12
16
12
24
27
23
26
13
9
20
27
27
22
19
16
9
15
16
23
5
15
14
24
20
28
32
23
31
26
12
13
17
10
24
3
4
18
10
29
24
25
4
17
15
35
38
29
22
24
22
13
31
27
14
4
9
27
18
9
9
26
20
30
29
23
31
30
30
21
15
23
15
16
22
17
18
17
18
17
25
20
11
21
20
34
26
27
37
29
19
17
10
16
25
22
37
17
9
10
8
12
17
8
26
17
21
19
30
34
36
33
29
26
30
38
34
38
26
24
17
25
20
36
27
1
24
32
15
21
23
26
25
31
29
15
27
32
30
23
36
31
38
38
39
12
8
31
24
21
20
26
27
23
28
25
25
24
11
26
24
31
25
30
26
33
42
35
19
45
24
28
32
39
32
31
32
32
21
31
24
33
23
40
35
33
24
23
43
28
23
25
25
30
22
24
19
16
25
34
33
21
55
45
13
25
36
38
15
87
41
24
21
19
28
77
25
26
53
61
52
73
59
39
23
23
46
30
38
11
12
29
26
36
24
19
17
17
36
27
29
29
33
27
31
29
34
24
34
13
21
25
24
25
24
22
17
15
31
23
35
19
1
19
20
26
28
17
24
25
25
19
31
25
20
12
52
51
40
21
18
39
22
13
9
28
31
22
22
32
28
22
23
25
23
26
17
21
19
13
28
33
26
22
6
12
29
24
16
20
19
10
28
18
20
30
18
21
19
26
18
16
25
22
11
13
17
22
25
18
37
30
5
17
26
15
4
11
11
16
19
28
9
17
21
38
31
26
40
11
14
31
29
29
42
59
49
56
21
47
64
21
35
34
29
22
42
28
23
20
23
34
35
15
6
21
30
24
29
41
47
20
16
28
43
22
39
23
24
18
22
32
24
26
15
12
18
23
22
20
27
33
32
1
32
30
40
32
39
36
28
36
26
33
28
25
20
13
20
17
18
28
13
22
19
15
15
23
29
37
33
14
23
22
21
42
37
26
26
30
34
39
3
28
23
15
8
20
21
15
28
30
15
7
17
14
27
24
31
20
5
10
29
32
18
12
22
18
20
15
22
15
24
8
24
19
26
28
27
17
14
11
19
19
24
17
14
9
19
21
23
20
23
12
11
7
23
12
11
21
9
4
2
16
8
14
17
22
12
15
10
21
23
18
17
1
18
20
18
25
19
12
16
16
19
13
16
21
15
12
12
20
24
23
16
10
18
16
14
23
29
10
16
17
15
16
14
28
29
19
15
19
15
14
12
24
15
5
22
14
28
18
14
27
19
11
18
22
16
3
12
16
13
9
9
15
7
5
20
15
14
13
16
17
14
4
17
19
11
7
7
3
18
15
23
16
15
15
7
8
11
14
15
14
13
11
13
11
21
24
15
23
23
20
21
13
8
23
15
9
17
24
10
9
17
21
13
9
2
11
14
26
16
5
14
5
13
19
18
3
7
13
19
15
14
11
8
9
20
12
12
7
9
1
3
10
24
11
10
10
15
5
13
10
12
12
10
5
5
19
8
8
14
15
13
13
6
21
16
11
15
17
22
21
11
17
23
17
13
18
26
13
24
19
8
27
24
19
15
11
20
19
23
19
24
22
23
13
19
18
20
15
24
23
14
19
23
18
27
35
17
14
16
16
17
30
14
20
18
4
13
15
11
15
18
15
20
19
25
25
23
18
20
13
17
20
28
33
22
23
9
30
25
19
12
13
20
23
24
27
18
23
27
19
22
18
21
13
23
16
18
14
23
25
16
32
16
15
24
16
25
26
28
23
20
17
34
23
23
15
12
13
21
14
19
25
12
14
20
16
12
13
11
20
19
25
14
15
24
8
10
28
21
28
17
11
19
21
14
23
14
15
14
17
17
18
24
20
20
16
16
11
21
23
19
18
17
16
11
11
19
13
11
11
18
18
29
25
16
14
24
23
28
25
16
24
9
10
15
11
20
18
25
16
17
16
18
17
26
12
19
14
14
20
17
19
19
13
29
32
19
19
27
26
24
20
14
23
22
13
15
16
14
22
23
27
19
22
25
22
26
21
34
20
23
14
13
23
36
31
23
31
24
29
25
33
28
20
22
15
17
23
23
15
19
18
13
23
20
24
19
23
14
20
19
22
25
20
15
18
20
21
29
21
19
16
12
28
25
16
19
14
10
11
7
19
15
10
14
4
15
21
23
23
26
19
19
12
15
14
20
12
12
19
23
15
20
26
31
28
17
19
25
26
29
30
27
18
23
21
25
35
38
22
21
23
31
28
41
44
30
19
5
8
30
22
23
16
19
15
22
19
28
15
12
18
20
24
15
12
30
18
16
21
33
25
30
28
20
22
25
28
30
21
19
13
24
46
35
52
38
32
25
26
27
35
28
23
21
15
25
38
34
40
42
33
21
42
47
36
31
38
18
15
17
21
27
36
37
27
13
17
35
20
35
29
18
13
25
30
17
26
25
22
15
33
22
28
23
25
23
10
27
32
42
35
30
28
13
32
47
21
41
27
21
30
22
29
20
23
34
17
20
21
32
27
26
33
26
15
38
33
19
19
24
14
19
23
22
23
16
24
28
16
34
37
22
31
11
20
19
8
6
9
18
12
14
20
27
21
27
21
30
24
16
30
25
30
17
21
27
25
23
17
31
17
11
27
29
20
20
23
21
22
8
43
23
32
22
22
26
23
23
16
22
38
27
34
24
32
37
24
30
29
28
22
33
30
26
28
37
39
27
24
24
28
33
20
25
25
29
27
27
26
22
30
20
26
28
31
27
30
29
20
34
22
30
31
23
18
29
28
39
35
34
28
28
23
15
27
16
16
29
26
27
26
29
22
21
1
21
26
23
16
15
28
18
28
15
18
28
24
25
16
14
19
19
25
20
4
11
17
24
15
11
15
15
18
29
22
16
17
21
17
17
13
24
18
21
29
42
27
30
13
33
23
26
34
23
29
21
19
22
17
23
22
11
15
34
32
25
20
25
27
16
3
21
15
17
17
22
21
16
25
14
22
32
25
18
29
17
21
18
26
10
27
21
19
28
18
29
22
18
23
18
16
25
43
25
28
21
22
25
31
37
17
29
32
22
26
21
37
13
18
24
28
26
27
26
33
24
25
30
31
31
29
21
31
33
30
21
1
31
24
35
42
34
41
47
21
34
32
37
31
37
56
16
14
6
28
44
47
59
49
40
39
48
36
52
28
29
32
44
36
33
47
20
26
21
36
40
33
38
28
25
23
27
17
23
36
29
30
27
31
28
34
36
23
39
29
29
31
43
47
19
25
24
26
28
32
38
32
34
33
34
26
37
13
6
14
34
31
42
32
31
26
34
32
42
37
28
30
35
41
52
47
34
32
32
36
41
26
29
27
31
29
49
37
27
30
25
35
27
23
5
20
27
31
28
31
32
21
11
22
21
21
19
19
11
25
17
21
16
21
20
45
29
30
5
1
28
28
39
28
30
22
25
28
41
34
39
29
24
29
24
31
33
32
29
26
19
35
29
17
6
20
8
17
27
23
19
1
30
31
25
30
15
29
23
17
33
26
21
38
28
18
30
27
36
19
33
20
24
26
20
24
22
21
23
16
31
36
28
29
26
23
21
25
40
41
36
29
20
34
36
25
29
31
26
22
28
38
38
40
37
28
28
25
47
44
32
31
30
23
26
30
34
24
25
24
21
18
36
29
15
25
35
28
19
21
23
23
38
34
35
25
37
27
36
35
36
29
23
36
44
34
30
34
20
14
41
50
59
40
38
26
17
25
42
28
22
29
17
23
27
25
20
17
28
37
42
37
41
35
32
29
35
27
19
28
10
16
24
13
19
18
30
15
14
24
22
31
23
28
16
20
15
28
41
22
30
39
23
31
23
12
20
15
12
17
25
31
27
14
19
22
12
32
28
33
28
23
20
16
4
6
26,30
19,25
31,42
22,38
23
24
22
10
8
10
12
5
15
16
19
27,31
29,25
34,21
27,11
27
16
11
10
6
14
9
12
14
17
20
13,11
18,18
21,11
35,24
16
14
11
7
12
13
20
9
17
24
18
17,18
24,15
24,34
24,20
15
35
12
15
15
17
12
18
22
20
50,30
26,27
25,36
33,29
29
24
24
13
16
23
56
20
29
42
52,48
52
110,44
72,67
57
58
60
21
18
17
30
29
24
19
38,29
22
77,47
52,55
55
49
38
19
13
13
27
11
24
24
25,33
28
60,42
28,31
32
36
25
12
13
8
30
15
20
23
25,26
42
45,28
25,28
23
25
26
11
11
11
32
25
17
16
25
36
28
14
11
13
17
18
17
21
18
36
19
10
9
7
31
19
20
31
21
38
26
16
22
16
28
20
14
13
22
46
9
12
11
6
20
12
19
19
16,23
30
25,28
20,31
20
30
14
13
11
5
22
18
20
22
17,18
33
30,32
21,22
18
21
22
12
16
15
18
13
16
17
25
18,14
20
48,21
19,24
25
14
14
13
16
16
29
7
9
15
20,15
23
38,22
18,23
14
9
18
4
9
11
12
15
10
8
18
12,16
16,15
18,23
14,31
16
21
13
9
21
14
8
28
20
19
10
13,26
12,16
24,19
14,17
19
15
15
13
7
11
13
6
22
12
13
16,11
15,11
12,13
22,12
16
22
19
14
6
10
20
11
15
11
15
18,18
17,19
15,16
17,10
18
23
20
9
10
10
8
17
17
15
15
15,13
22,14
18,14
18,24
18
35
25
9
11
10
10
26
18
13
17
16,24
15,18
19,13
27,22
7
13
9
7
12
13
17
17
18
10
11
16,18
14,14
21,24
25
7
20
23
3
6
8
6
12
23
37
32
25
28
25
28
13
25
37
33
24
20
26
22
39
27
26
40
38
19
25
30
32
23
23
27
29
23
24
35
19
23
24
29
19
27
18
30
28
30
12
26
19
17
28
22
20
23
18
27
19
33
24
23
20
19
27
21
16
28
27
36
8
22
13
26
17
32
29
25
27
40
28
28
29
22
27
21
24
22
24
24
25
22
19
15
27
33
21
23
17
25
16
28
14
36
30
25
18
11
13
24
27
28
18
13
22
25
15
16
14
16
33
29
33
15
25
29
18
21
26
15
15
22
15
17
27
40
23
32
32
32
23
20
19
17
31
26
15
20
17
16
15
18
16
28
12
14
15
17
10
23
16
21
13
8
19
21
29
25
26
15
10
4
16
10
10
13
12
8
8
18
11
6
17
16
5
19
19
16
11
18
14
12
15
16
19
18
20
12
12
14
22
26
21
24
13,11
12,14
16,15
16
17
14
13
5
12
17
18
12
13
11
14
15
19
14
13
13
12
21,21
11,14
25,11
21,18
18
7
16
10
8
9
15
17
14
7
20
20,15
19,6
15
22,18
16
16
15
20
10
14
9
12
20
16
17
13,4
8,16
18,13
20,9
18
17
13
11
8
14
10
15
9
14
20
13,25
15,13
13,21
11,24
30
16
14
9
12
7
13
10
27
10
11
11,20
15,12
15,12
15,16
17
16
31
12
10
15
21
8
15
17
15
10,26
11,32
12,25
18,27
30
30
19
11
4
6
10
16
23
24
20
18,14
7,16
14,13
8,14
13
15
15
10
7
10
13
24
13
11
18
20,8
14,13
14,13
20,17
7
8
15
14
14
12
7
14
10
15
20
9,10
11,18
17,9
20,22
26
19
21
14
16
11
8
15
13
12
14
12,15
15,15
12,11
17,15
12
16
18
14
10
12
12
11
19
13
9
21,11
14,11
12,6
20,22
21
33
17
13
6
7
12
9
19
19
12
15,17
20,18
22,10
16,13
10
28
16
15
10
15
11
15
19
17
12
15,27
15,26
16,31
20,27
29
21
26
13
14
8
11
17
9
16
21
17,32
13,30
23,29
17,25
30
21
8
12
12
19
15
20
18
12
16
10,27
6,6
18,18
22,23
31
30
30
7
10
6
18
13
12
10
14
17,20
16,12
20,15
12,15
28
17
11
4
10
12
9
17
10
13
9
10,18
22,29
10,30
18,28
31
25
22
13
9
14
13
17
11
11
15
16,24
13,16
18,25
20,32
18
23
25
9
12
29
19
16
16
15
12,29
14,36
20,35
18,35
38
31
22
12
14
9
19
12
13
12
13
8,32
10,29
14,45
11,28
39
36
25
9
8
12
7
12
13
17
14
12,29
12,26
15,30
24,44
30
12
28
15
14
10
12
12
12
22
21
9,22
19,19
14,16
17,30
20
19
19
6
20
12
16
18
20
19
23
18,18
24,18
25,21
24,27
18
13
19
9
10
9
13
15
14
16
18
17,14
10,21
11,18
15,24
27
39
19
13
10
15
7
13
19
18
15
12,30
10,13
17,14
19,27
19
26
25
9
7
4
8
8
17
19
13
15,17
19,12
16,15
22,21
13
13
19
9
7
13
13
13
18
10
19
22,21
19,17
19,16
13,14
24
30
18
3
10
13
9
13
19
16
17
17,17
22,6
11,15
21,28
24
28
20
14
12
13
15
23
14
21
20
12,16
11,12
17,11
19,12
14
14
25
9
7
3
6
14
25
32
13,19
18,34
18,22
16
35
32
7
33
15
12
24
19
16
18
8,12
12,15
17,23
15,21
22
29
27
7
8
9
9
10
16
17
21
12,16
16,11
12,21
12,24
24
23
22
9
6
8
6
10
20
15
18
13,21
15,14
15,18
10,18
21
16
19
8
8
11
13
19
19
19
21
15,23
13,24
22,6
12,29
28
26
28
6
15
12
11
15
16
19
29
23,21
15,15
21,19
24,24
10
17
13
4
16
14
20
21
44
21
21
24,23
19,12
9,12
17,10
11
12
17
10
7
19
13
20
15
23
19
9
15,9
21,13
17,21
14
12
13
9
11
7
9
11
20
23
15
18,10
10,18
19,9
9,17
27
26
12
2
12
18
19
11
22
20
14
19,18
15,11
21,12
20,13
23
22
11
12
7
12
13
23
25
17
23
16,16
18,15
14,9
12,16
17
18
13
7
14
7
15
16
20
21
15
23,16
10,14
10,12
9,13
21
14
7
8
5
13
20
21
17
18
17
16,16
13,18
12,18
16,7
8
16
16
8
7
12
10
15
8
20
17
17,26
16,11
19,20
11,20
21
11
19
10
20
12
13
15
16
20
21
18
14,14
13,21
21,25
22
28
27
7
10
9
15
13
17
16
11
17,12
17,13
14,10
16,15
14
14
16
5
7
11
11
18
9
19
23
18,18
17,2
13,18
11,28
45
15
25
6
13
13
16
16
15
22
20
15,12
15,11
15,20
12,21
12
15
12
9
13
15
9
12
20
7
17
14,28
10,20
5,23
19,29
33
20
20
12
9
9
11
14
16
18
11
15,16
15,19
16,16
20,20
38
22
17
8
8
5
11
13
17
17
10
11,20
16,19
13,20
19,24
11
18
17
7
9
11
11
9
9
8
18
9,20
8,13
9,22
16,30
28
31
28
7
11
8
15
11
8
21
6
15,16
9,14
8,6
13,22
14
26
19
7
5
8
13
11
14
11
11
8,11
12,6
11,14
23,14
19
16
13
5
6
5
11
14
11
12
14
11,23
9,15
8,18
11,16
21
31
27
12
4
7
5
11
9
13
9
13,20
8,30
9,19
16,28
16
38
28
6
15
5
4
15
11
1
13
16,14
12,34
9,24
10,19
23
22
28
8
11
11
6
14
16
12
15
11,12
14,15
10,10
16,28
24
35
20
1
11
7
9
15
8
11
13
10,24
14,19
12,21
13,26
26
33
34
11
7
14
4
9
10
15
13
7,15
11,12
15,16
17,23
22
25
20
10
2
10
17
13
14
20
13,15
17,19
16,19
26
11
23
3
8
16
13
15
17
21
18
10,21
11,13
15,18
21,23
27
32
29
11
8
5
12
13
16
9
10
7,12
8,11
10,21
14,32
19
26
22
6
8
8
7
15
14
7
16
16,44
13,17
13,26
21,32
32
27
34
10
6
4
12
15
10
17
22
17,31
9,12
22,25
4,21
38
39
29
5
10
6
10
17
11
16
25
5,18
13,14
10,27
12,30
20
39
34
5
8
4
8
11
13
16
13
21,9
9,14
17,12
17,15
17
18
16
9
5
7
13
14
12
13
12
15,20
22,12
13,10
17,14
21
16
20
6
7
11
13
15
16
19
16
12,39
10,30
10,24
20,31
33
38
35
7
8
4
11
8
14
9
23
19,26
16,25
10,26
18,23
35
25
12
7
6
7
9
14
16
20
19
18,18
10,24
9,16
16,17
17
21
22
8
4
5
9
16
25
19
21
17,45
18,34
16,26
21,22
30
34
29
6
4
8
18
24
25
30
31
38,2
33,64
13,27
20,21
22
28
31
4
4
15
17
39
61
53
76
75,113
55,75
25,26
40,27
43
46
57
10
6
20
27
34
52
73
111
121,93
87,44
54,15
39,15
46
34
35
7
8
7
12
17
25
11
8
18,25
21,24
16,25
22,28
19
26
29
4
8
6
4
13
15
16
17
9,29
7,19
19,29
13,27
17
14
31
7
4
6
10
8
7
5
10
12,28
14,16
8,14
11,10
27
20
16
11
3
8
9
6
10
14
10
9,16
18,15
21,13
10,11
15
5
9
2
8
6
10
7
11
12
11
14,10
9,13
11,16
11,2
11
15
23
5
11
3
4
12
6
12
9
14,15
8,14
12,16
8,30
33
24
19
5
6
10
14
10
11
13
11
14,10
8,24
11,19
8,26
36
30
19
11
5
7
5
12
16
9
9
10,14
7,21
5,17
11,18
14
22
28
6
2
10
12
8
8
10
8
11,16
11,15
9,16
10,15
20
19
22
7
8
3
14
9
13
10
13
7,14
11,17
11,15
16,21
28
19
16
5
8
2
5
5
10
5
12
6,15
7,8
9,13
8,15
13
10
16
6
8
5
8
6
7
10
10
15,12
8,11
13,17
15,8
19
20
13
10
6
3
4
4
10
7
12
12,5
9,9
12,16
5,13
13
17
15
4
8
8
11
6
11
14
12
18,12
8,5
11,7
8,10
20
21
14
6
5
7
8
14
15
7
12
9,8
11,8
11,18
13,13
16
16
13
9
5
6
5
8
14
14
8
19,8
15,11
13,16
14,15
23
31
20
8
10
6
8
6
9
15
14,21
13,10
13
7
9
5
7
10
9
12
9
22
10
12
17
4
9
3
8
11
11
22
16
13,17
16,28
17,35
22,44
33
28
39
20
11
18
7
14
15
21
16
26,44
39,55
41,91
77,106
137
152
156
33
17
13
9
15
14
17
19
10,28
14,27
18,12
15,26
26
20
14
10
5
12
8
14
19
11
13
18,34
12,21
24,25
17,34
32
38
28
8
12
14
8
10
17
12
8
14,10
16,12
21,14
20,14
27
20
22
6
9
4
11
12
11
9
15
5,26
14,21
11,16
9,22
18
27
23
9
2
9
7
9
6
12
9
11,9
14,17
11,11
11,19
8
18
15
3
2
3
9
6
9
9
9
12,13
9,15
14,17
6,12
28
33
29
3
4
8
3
6
4
4
5
11,30
9,20
4,29
6,42
32
34
25
6
6
3
5
8
5
11
11
9,17
8,16
10,17
15,29
36
37
25
2
4
5
8
8
6
8
10
7,26
6,17
5,28
10,27
22
48
37
3
1
3
7
3
8
7
8
7,28
14,26
6,26
6,33
27
24
29
2
9
8
6
8
3
5
13
11,18
6,11
15,25
13,29
33
48
37
7
2
3
10
9
7
10
6
8,12
14,20
13,17
12,18
30
30
19
5
3
4
2
9
5
12
6
9,14
12,9
9,27
8,35
32
40
30
3
6
1
8
8
9
10
4
5,7
9,6
13,18
14,17
16
28
9
5
11
5
5
7
11
9
4,16
12,7
9,7
11,18
13
8
21
2
6
3
8
11
8
11
6,14
7,10
7,11
14,15
20
18
15
5
3
4
4
7
4
16
11
12,19
14,11
11,17
9,19
21
22
22
4
9
8
8
6
14
9
10
7,12
17,17
14,12
9,19
27
18
27
9
5
8
3
5
5
4
5
3,20
5,17
9,24
14,28
36
31
27
7
7
3
6
8
5
5
5
9,9
13,7
6,9
12,17
22
18
22
3
4
8
5
3
7
12
15
11,10
12,24
16,20
16,18
18
21
15
6
4
8
5
5
9
12
9
12,22
6,20
11,24
13,16
22
15
11
6
6
3
3
8
5
5
7
6,18
11,13
15,25
13,23
22
19
23
4
6
7
4
12
8
9
9
14,16
16,21
10,12
17,15
20
22
17
3
8
5
5
6
9
13
10
9,21
10,24
5,24
13,16
4
3
5
1
9
4
10
7
10,7
8,8
7,16
16,18
23
24
20
8
8
4
8
12
3
8
13
9,20
11,22
6,22
9,15
20
23
22
5
5
1
7
7
6
16
17,16
7,32
14,22
23
24
20
7
2
7
5
8
6
10
7
10,15
16,24
12,21
13,27
28
22
13
5
4
4
4
6
9
14
8
6,9
7,15
7,27
11,22
25
21
18
8
2
6
5
12
7
6
9
10,22
14,13
9,11
9,10
3
11
11
18
26
9
27
19
23
21
20
23
18
25
25
21
16
19
14
15
7
16
18
20
20
19
19
11
6
15
17
10
10
12
16
24
18
15
11
14
13
19
20
35
27
17
22
13
19
21
27
20
21
21
27
19
30
28
25
11
4
12
19
22
16
15
19
19
24
21
17
21
11
11
16
18
18
12
24
15
20
11
24
14
18
27
20
16
12
15
27
24
25
19
19
30
27
11
20
21
14
17
8
13
16
12
15
14
12
8
10
22
25
31
19
13
12
26
26
21
27
8
13
12
11
16
19
10
16
15
14
8
16
22
18
14
9
24
21
23
16
25
20
17
21
18
16
17
18
16
19
17
18
27
22
27
16
20
16
20
25
27
18
15
12
21
22
20
25
27
19
3
3
5
3
3
7
6
8
7
4
14
12
2
1
3
1
4
7
4
4
8
11
9
11
5
6
4
5
6
1
10
9
8
10
9
11
2
7
2
6
3
9
7
14
8
7
7
7
3
2
6
3
3
3
9
7
13
11
12
9
2
6
4
3
3
2
3
3
7
8
4
8
4
2
3
1
5
3
8
6
9
12
6
7
3
4
5
2
4
3
6
5
6
12
8
8
4
5
3
3
9
6
8
2
5
7
15
1
5
3
3
3
3
6
7
12
3
4
4
2
5
1
11
11
12
12
14
3
2
3
5
4
4
10
6
15
11
8
9
4
2
4
10
5
9
7
6
14
12
18
16
4
5
2
8
8
2
8
7
12
7
9
18
5
3
6
9
3
7
6
4
9
19
8
14
7
5
1
3
9
4
10
15
7
14
9
19
4
4
3
4
1
3
7
7
13
8
10
14
2
3
8
4
4
9
8
9
14
6
14
10
10
22
24
20
21
27
21
11
8
7
10
18
17
13
24
24
28
29
31
10
7
8
8
32
23
26
28
37
23
31
12
13
13
8
3
20
15
23
28
26
27
32
3
5
4
9
12
9
12
20
37
37
24
26
16
10
13
8
16
17
14
19
20
31
24
35
15
8
5
10
19
14
16
22
26
41
32
28
9
9
10
10
11
8
20
25
27
32
31
29
7
9
8
5
11
21
18
22
26
24
34
20
13
15
11
8
14
12
21
17
34
32
31
33
12
9
11
17
13
15
19
23
32
28
37
38
16
13
11
13
13
14
20
22
37
31
21
39
11
13
8
8
10
11
22
34
29
30
32
32
15
4
12
7
4
10
18
27
23
30
28
29
13
10
13
7
9
14
21
19
18
29
20
24
11
13
8
11
7
13
21
24
25
24
22
31
17
12
9
7
9
22
27
20
22
32
33
20
11
6
9
16
17
17
19
20
27
24
32
30
13
11
7
11
11
21
16
20
27
18
23
32
13
10
7
14
15
21
30,22
24,23
32,7
12
19
28
10
8
10
7
16
14
20
24
27,21
25,12
26,14
27,20
13
29
19
20
8
9
10
18
14
17
21
22,21
24,12
26,17
29,37
23
22
37
10
9
10
11
11
20
12
25
31,18
26,11
37,5
32,14
26
21
20
36
13
12
10
11
18
21
30
32,16
26,15
24,9
34,12
20
24
21
15
17
16
13
17
21
22
20
22,13
26,17
28,12
29,10
21
18
38
11
11
8
8
13
17
18
20
34,4
19,11
29,14
28,12
8
20
24
14
13
13
12
17
22
20
25
40
22
23
34
23
9
19
13
18
12
20
25
33,14
27,23
31,15
41,13
19
27
15
10
20
15
16
29
33
42
12
16
12
21
14
9
16
11
12
18
16
24
29
32
36,19
31,23
26,27
29,16
27
21
36
17
18
12
13
18
19
25
12
26
42
23
24
28
21
16
10
15
24
20
21
21
21
25
24
16
6
16
17
23
27
31
22,11
33,9
35,10
29,4
9
27
18
16
6
10
12
16
20
21
11
13
23
19
18
18
21
13
10
8
15
6
7
12
12
19,17
19,16
21,11
24,22
13
33
16
9
9
7
13
9
15
5
11
22
21
19
23
24
29
14
10
8
9
15
12
21
22
31,15
31,21
37,17
31,6
9
14
18
17
6
14
17
11
18
18
16
21,19
21,24
22,17
22,14
22
17
16
13
17
8
15
16
14
18
21
19,20
22,18
24,10
33,11
17
12
20
16
11
8
4
10
15
13
24
33,17
27,23
24,21
15,6
20
17
13
15
18
13
15
11
12
14
23
20,21
18,33
28,21
31,18
21
22
14
9
10
13
7
10
13
22
18
25,20
23,18
25,21
23,20
17
26
21
14
11
19
20
24
18
27
25
23
31
33
33
16
29
15
31
34
31
31
19
13
23
22
19
22
26
10
13
15
19
21
25
15
24
18
7
11
13
12
9
14
17
22
25
23
18
12
7
6
6
18
8
17
12
12
19
18
27
22
11
8
14
12
22
22
29
23
26
35
24
23
19
5
13
17
24
25
28
38
29
39
23
10
17
11
8
13
22
27
14
30
41
36
18
19
15
13
12
14
12
20
23
30
25
20
11
11
9
5
4
8
14
25
16
21
20
21
10
10
7
6
8
14
12
11
14
18
18
17
13
8
6
2
7
9
11
6
14
12
23
22
15
7
10
4
14
13
15
19
26
26
25
26
11
7
12
9
9
8
15
10
26
21
13
26
15
12
10
13
10
12
11
11
16
16
25
22
13
14
17
7
12
14
19
20
24
26
31
31
14
17
12
8
11
10
11
19
12
16
15
38
11
13
12
5
14
12
13
16
22
19
34
27
19
12
11
12
7
13
10
16
24
12
19
24
19
12
10
12
10
17
15
17
24
18
27
32
12
7
2
6
3
12
11
11
14
10
14
13
10
10
6
10
6
10
9
9
15
11
21
15
8
5
8
8
9
8
21
20
20
19
18
17
7
4
2
9
6
9
24
15
16
6
3
8
8
7
9
7
18
12
13
16
24
6
6
5
8
3
8
17
11
15
22
20
22
14
10
6
14
4
12
8
20
22
14
17
11
7
9
11
12
9
9
13
18
18
12
16
12
10
6
8
8
11
7
9
12
20
16
11
30
9
7
8
12
4
10
13
11
17
13
20
25
14
11
7
7
8
17
21
22
17
14
21
30
3
8
8
8
5
10
20
20
18
40
20
14
10
6
3
15
14
13
19
10
21
23
19
14
8
7
6
9
11
5
9
21
23
10
13
6
11
13
6
9
16
6
16
25
17
24
24
9
10
10
10
7
11
22
18
22
20
19
18
6
14
9
5
6
7
8
13
15
24
19
15
8
11
11
8
11
14
11
19
15
30
35
26
15
10
13
15
6
20
19
20
29
29
27
27
24
10
12
14
22
15
23
24
26
38
31
32
15
13
10
12
14
24
16
27
18
29
36
33
16
14
12
8
24
18
31
30
34
34
39
35
17
12
15
13
16
21
24
30
24
36
33
26
13
18
9
22
25
16
24
25
31
38
39
28
18
15
22
15
20
24
24
22
28
38
28
37
13
17
17
17
19
22
24
34
44
35
45
31
19
10
21
11
7
20
19
37
41
46
39
37
19
21
14
15
13
23
24
37
42
37
42
44
15
13
13
12
12
19
26
32
32
47
43
49
5
8
10
17
19
17
22
45
33
42
57
49
16
16
20
11
17
23
30
45
51
60
67
48
16
10
20
13
21
35
23
53
53
49
77
60
21
12
26
14
22
21
35
42
55
61
68
54
16
19
15
25
25
23
24
30
44
44
53
42
9
13
9
48
48
69
17
13
17
18
18
28
26
37
34
49
51
53
27
20
15
23
18
25
20
33
43
42
31
42
12
20
16
19
9
24
24
33
46
54
35
47
14
19
19
22
22
22
32
27
30
43
30
48
20
17
22
21
19
18
30
43
36
47
46
31
15
19
17
21
17
20
24
34
38
45
45
51
20
22
18
13
16
24
20
30
33
42
34
34
16
19
15
16
16
22
18
16
33
36
44
42
20
24
25
16
20
18
36
30
29
29
42
44
16
22
19
10
19
25
28
38
41
38
49
52
19
19
20
19
20
29
35
45
67
60
75
64
19
20
32
32
27
30
29
44
40,86
64,123
60,101
50,111
151
77
51
19
14
26
25
13
26
31
27
38,78
35,90
46,137
40,193
171
169
25
31
18
22
13
25
17
17
26
27,74
39,67
24,87
29,100
105
82
94
25
19
13
14
14
11
21
22
23,80
29,80
27,57
31,35
78
90
69
15
15
10
13
17
24
18
23
18,24
29,25
28,34
27,32
22
14
8
17
16
16
14
12
15
24
21
28,37
38,29
31,30
31,38
34
24
24
18
19
26
15
22
18
16
24
36,34
32,31
22,29
27,29
41
15
21
12
17
16
12
14
18
17
24
30,25
35,23
26,24
25,27
24
20
11
20
20
9
19
23
24
24
13
29,30
28,28
29,26
19,13
15
23
14
17
19
17
19
14
18
17
25
15,12
28,29
31,31
27,31
34
26
28
25
19
15
16
19
16
20
21
18,36
14,41
26,9
26,18
20
15
15
19
12
18
12
14
21
18
18
25,20
26,27
31,26
30,28
25
25
7
32
10
16
18
15
15
18
21
34,23
24,20
26,23
24,30
21
18
18
17
16
9
7
16
17
20
16
18
24
32
21
7
15
15
27
16
12
14
18
27
26,21
20,20
21,22
19,19
24
12
6
10
16
18
12
21
17
26
17
19,29
17,29
25,26
24,26
14
23
14
15
13
15
17
16
18
22
27
32
27
17
15
19
16
26
17
18
21
19,27
26,22
24,17
21,14
9
6
2
14
15
14
15
18
20
17
19
25,28
26,21
26,26
23,18
23
21
12
19
13
16
13
15
14
12,20
29,33
23,17
23
28
17
12
20
11
9
13
22
27
17
24,20
20,34
24,24
25,19
28
15
8
21
13
17
20
21
20
24
24
21,32
22,22
27,16
34,12
3
1
4
15
14
18
21
23
16
17
18
29,18
22,14
19,13
28,22
24
17
14
20
17
19
14
16
20
18
20
15,19
23,14
17,17
27,15
28
16
27
11
9
16
22
10
13
16
16
24,17
19,17
25,9
24,41
26
34
14
21
12
7
13
18
25
24
16
16,55
29,46
21,20
19,15
26
24
9
25
13
15
15
23
23
17
16
14,31
36,20
22,29
29,18
27
31
17
12
18
12
17
13
18
16
21
21,26
27,30
26,16
20,28
30
12
26
16
11
21
12
22
21
13
18
25,22
25,31
24,22
28,31
34
25
30
13
16
16
9
4
16
20
23
20,22
23,24
22,28
23,28
34
13
23
17
20
10
12
15
18
17
16
21,21
19,17
23,29
28,24
18
30
33
20
17
20
8
13
18
14
24
28,24
23,20
19,18
18,30
14
24
24
11
22
18
13
17
20
19
27
21,9
25,24
24
50,26
39
28
31
18
11
15
15
23
19
18
10
19,2
20,16
23,11
26,26
22
27
27
21
11
11
13
19
18
24
26
18,26
18,23
21,24
17,25
19
32
29
15
12
18
22
15
25
24
34
25,20
25,22
24,32
23,29
23
28
26
15
18
5
15
22
15
17
16
29,30
24,31
14,25
21,30
34
29
25
16
13
8
18
17
15
20
14
24,19
15,21
21,23
30,26
19
22
23
14
16
11
17
15
15
12
21
17,27
18,23
26,33
29,29
25
22
12
12
16
20
18
16
23
19
26
26,34
28,39
28,32
25,27
39
40
31
9
17
19
11
17
20
9
16
15,23
22,23
20,26
29,22
24
27
24
16
15
16
16
15
8
17
14
27,25
21,24
27,28
22,36
27
27
29
18
18
17
16
14
17
15
15
21,21
25,35
25,19
27,26
26
26
31
37
43
41
120
45
42
47
79
94,9
81,11
77,12
67,9
6
6
7
28
42
199
311
292
265
87
37
60,34
166,35
73,46
33,37
48
43
37
32
26
16
172
103
107
57
58
56,37
78,37
97,38
67,41
41
43
44
41
38
44
79
54
43
27
69
49,31
194,34
152,32
54,54
37
38
44
44
44
60
93
55
30
32
31
68,41
61,53
49,45
36,43
46
38
43
19
25
23
80
19
27
23
20
26,51
57,43
31,44
34,48
46
33
38
62
50
32
126
31
39
24
33
20
19
25
26
23
32
40
31
39
32
17
17
12
11
23
25
20
26
28
33
36
33
21
10
14
23
20
30
22
22
22
32
41
37
19
10
18
18
33
28
24
25
23
31
31
29
14
12
21
33
22
22
26
20
26
34
23
42
17
14
15
19
15
20
29
18
20
26
29
29
13
16
10
18
26
25
27
23
13
13
34
35
20
21
16
23
23
32
20
28
26
18
21
26
10
17
13
20
16
25
21
18
22
22
23
28
17
13
16
23
18
22
22
20
17
21
19
28
17
18
11
22
14
19
22
20
25
18
29
37
19
20
14
17
25
17
29
17
26
21
29
26
17
16
12
17
21
25
24
27
26
21
17
26
14
13
17
20
30
20
23
21
18
23
20
18
9
22
20
18
26
15
22
16
26
21
19
17
13
22
34
26
31
39
20
23
22
10
14
19
21
23
18
20
18
28
46
28
10
10
14
13
20
15
17
24
27
23
23
29
11
18
23
22
22
23
28
33
20
40
32
36
23
20
13
23
22
18
28
19
23
26
26
20
11
18
20
21
52
31
19
16
27
30
21
14
10
11
11
22
18
18
23
20
20
24
23
15
10
13
13
23
21
26
33
18
14
22
25
12
14
15
20
15
33
11
19
19
20
22
9
8
18
18
14
27
17
12
26
26
28
16
10
15
8
17
18
14
24
18
22
21
23
25
10
11
12
27
25
30
20
21
15
15
22
30
12
13
9
21
17
17
21
11
19
29
24
25
12
18
22
15
25
17
16
20
20
18
29
18
12
19
10
28
25
28
22
19
27
19
25
20
13
22
18
14
15
19
20
21
15
15
21
28
14
15
14
17
21
34
24
22
23
22
20
30
12
29
11
17
22
33
32
13
16
19
15
23
41
11
14
14
13
22
19
26
22
23
21
22
13
15
12
18
21
21
15
25
29
22
31
34
8
16
22
18
18
29
25
17
21
20
17
28
10
8
12
18
21
20
15
25
20
28
30
23
17
9
17
20
21
32
27
19
25
23
26
23
14
7
13
15
32
23
25
22
22
32
26
42
13
15
13
17
17
21
15
18
22
29
26
30
18
15
20
10
15
23
19
22
24
16
21
32
5
12
17
22
23
25
26
18
18
19
24
24
18
23
16
21
19
15
23
25
15
31
27
17
21
10
11
19
24
24
21
