jul| 00h| 01h| 02h| 03h| 04h| 05h| 06h| 07h| 08h| 09h| 10h| 11h| 12h| 13h| 14h| 15h| 16h| 17h| 18h| 19h| 20h| 21h| 22h| 23h|
 01|  29|  42|  26|  58|  88|  92|  48|  49|  24|  35|  34|  30|  36|  40|  49|  62|  43|  34|  28|  27|  32|  28|  24|  26|
 02|  29|  28|  29|  49|  54|  72| 231|  78| 216|  34|  39|  41|  43|  43|  42|  59|  41|  33|  41|  34|  32|  23|  37|  35|
 03|  57|  44|  47|  66|  64|  74|  87|  70|  50|  42|  46|  31|  33|  33|  29|  32|  21|  29|  24|  21|  22|  19|  36|  31|
 04|  35|  29|  28|  49|  58|  69|  60|  52|  43|  42|  24|  47|  40|  26|  22|  30|  25|  27|  18|  23|  15|  21|  40|  36|
 05|  45|  19|  40|  43|  35|  56|  41|  34|  12|  28|  35|  46|  24|  40|  36|  23|  32|  23|  31|  21|  29|  30|  27|  27|
 06|  26|  17|  46|  37|  58|  66|  66|  43|  31|  34|  28|  22|  28|  26|  78|  33|  90| 218|  35|  49|  15|  31| 176| 127|
 07|  28|  67|  36|  39|  59|  55|  48|  42|  52|  20|  26|  30|  32|  17|  35|  24|  20|  18|  4 |  16|  28|  23|  24|  24|
 08|  34|  27|  39|  41|  40| 131| 127|  35|  37|  32|  27|  73|  18|  14|  21|  21|  13|  17|  16|  15|  23|  26|  22|  26|
 09|  34|  23| 646| 565|  89|  51|  46|  35|  41|  28|  27|  36|  32|  11|  24|  25|  20|  15|  17|  18|  17|  30|  24|  24|
 10|  15|  27|  21|  36|  55|  32|  54|  87|  26|  51|  25|  45|  34|  32|  19|  25|  19|  10|  6 |  15|  13|  23|  13|  36|
 11|  32| 172| 302| 318| 408| 355|1534|1651|1019|1401| 838| 253|  42|  43|  14|  17|  22| 435|  35|  32| 610| 467|  47| 681|
 12| 525| 654| 711|2336| 946| 169| 639| 352|1258|2648|3401|1577|  36|  26|  25|  30|  18|  26|  13|  26|  26|  32|  41|  30|
 13|  37|  65|  26|  36|  40|  77|  39|  50|  28|  25|  35|  17|  28|  28|  28|  28|  24|  18|  13|  13|  19|  26|  27|  38|
 14|  27|  30|  45|  50|  49|  95|  51|  68|  34|  47|  36|  35|  26|  23|  27|  35|  24|  25|  19|  15|  21|  24|  18|  21|
 15|  33|  37|  64|  55|  59|  47|  30|  66|  27|  29|  22|  16|  25|  36|  22|  13|  14|  20|  49|  14|  8 |  15|  18|  36|
 16|  21|  35|  46|  27|  33|  65|  41|  79|  38|  15|  52|  25|  22|  21|  28|  15|  9 |  20|  18|  14|  35|  19|  37|  22|
 17|  37|  39|  26|  36|  52|  40|  29|  40|  23|  31|  51|  26|  32|  21|  11|  29|  17|  20|  18|  18|  14|  19|  28|  19|
 18|  45|  31|  44|  39|  66|  34|  32|  36|  30|  33|  23|  25|  17|  24|  17|  20|  25|  21|  12|  13|  19|  18|  15|  33|
 19|  36|  33|  39|  29|  38|  48|  30|  24|  28|  35|  24|  22|  30|  14|  33|  26|  27|  32|  17|  37|  27|  25|  23|  36|
 20|  38|  41|  40|  27|  52|  49|  50|  46|  33|  41|  42|  31|  15|  22|  18|  24|  32|  46|  13|  21|  29|  34|  62|  36|
 21|  41|  27|  37|  47|  48|  62|  48|  29|  26|  55|  25|  27|  27|  18|  19|  14|  21|  16|  9 |  7 |  22|  31|  21|  29|
 22|  34|  39|  22|  27|  30|  28|  34|  29|  19|  30|  30|  15|  15|  18|  8 |  8 |  10|  21|  15|  13|  11|  19|  25|  36|
 23|  22|  45|  38|  28|  43|  44|  38|  25|  19|  24|  12|  12|  15|  12|  16|  18|  20|  17|  12|  13|  10|  15|  56|  23|
 24|  29|  24|  40|  28|  39|  31|  43|  31|  25|  22|  15|  21|  24|  11|  15|  11|  16|  20|  17|  16|  12|  22|  18|  23|
 25|  37|  40|  33|  85|  36|  46|  48|  39|  25|  37|  20|  11|  34|  23|  26|  11|  16|  15|  23|  22|  18|  16|  24|  39|
 26|  42|  28|  31|  29|  29|  49|  23|  17|  48|  25|  26|  21|  26|  14|  16|  17|  13|  18|  20|  21|  11|  32|  21|  32|
 27|  46|  37|  44|  33|  49|  51|  45|  29|  14|  30|  10|  20|  13|  25|  18|  18|  21|  18|  21|  19|  29|  15|  28|  43|
 28|  36|  29|  34|  40|  94|  40|  31|  31|  26|  16|  29|  21|  15|  23|  33|  27|  18|  29|  25|  39|  22|  30|  24|  48|
 29|  33|  38|  45|  58|  66|  31|  31|  44|  35|  24|  32|  26|  30|  32|  24|  29|  21|  19|  22|  25|  36|  31|  27|  28|
 30|  42|  42|  44|  30|  34|  76|  34|  34|  28|  22|  26|  22|  24|  22|  9 |  20|  12|  34|  13|  21|  10|  31|  18|  31|
 31|  29|  34|  36|  35|  77|  54|  48|  49|  55|  23|  41|  9 |  17|  24|  26|  31|  14|  29|  17|  18|  19|  38|  34|  38|
[Observer]Lockyer_Observatory
[Country]United Kingdom 
[City]Sidmouth
[Longitude]003°1307
[Latitude]050°4116
[Frequencies]
[Antenna]Quad Yagi
[Azimut Antenna]135
[Elevation Antenna]0
[Pre-Amplifier]None
[Receiver]ICOM IC-706 MKIIG
[Observing Method]HROFFT20dB Length Datas
[Remarks]winxp
