may| 00h| 01h| 02h| 03h| 04h| 05h| 06h| 07h| 08h| 09h| 10h| 11h| 12h| 13h| 14h| 15h| 16h| 17h| 18h| 19h| 20h| 21h| 22h| 23h|
 01|  1 |  1 |  0 |  0 |  0 |  0 |  2 |  0 |  0 |  1 |  0 |  1 |  0 |  0 |  0 |  1 |  2 |  0 |  0 |  1 |  1 |  0 |  0 |  1 |
 02|  3 |  0 |  1 |  0 |  1 |  1 |  0 |  6 |  1 |  2 |  2 |  2 |  0 |  2 |  0 |  2 |  1 |  2 |  0 |  0 |  0 |  0 |  2 |  0 |
 03|  2 |  0 |  2 |  0 |  2 |  3 |  3 |  1 |  1 |  1 |  2 |  2 |  6 |  2 |  4 |  3 |  2 |  3 |  3 |  0 |  0 |  2 |  2 |  4 |
 04|  4 |  1 |  5 |  5 |  10|  3 |  9 |  6 |  6 |  7 |  2 |  3 |  1 |  2 |  4 |  4 |  2 |  0 |  0 |  0 |  0 |  0 |  0 |  0 |
 05|  3 |  2 |  4 |  4 |  0 |  10|  8 |  10|  25|  13|  20|  4 |  12|  6 |  2 |  2 |  2 |  3 |  1 |  1 |  1 |  0 |  1 |  3 |
 06|  3 |  1 |  4 |  23|  32|  28|  21|  26|  35|  25|  26|  9 |  17|  0 |  1 |  3 |  2 |  2 |  0 |  1 |  0 |  0 |  2 |  1 |
 07|  2 |  2 |  10|  6 |  15|  8 |  15|  20|  4 |  1 |  6 |  6 |  2 |  2 |  2 |  2 |  1 |  2 |  2 |  0 |  3 |  1 |  1 |  4 |
 08|  0 |  7 |  1 |  8 |  6 |  2 |  2 |  13|  6 |  13|  10|  22|  4 |  3 |  4 |  1 |  1 |  0 |  1 |  3 |  1 |  0 |  0 |  2 |
 09|  3 |  2 |  1 |  2 |  4 |  3 |  2 |  6 |  8 |  2 |  6 |  5 |  2 |  2 |  0 |  1 |  1 |  1 |  0 |  0 |  0 |  1 |  1 |  4 |
 10|  0 |  2 |  2 |  4 |  2 |  3 |  5 |  2 |  1 |  3 |  1 |  0 |  4 |  2 |  0 |  0 |  0 |  0 |  0 |  0 |  0 |  0 |  0 |  0 |
 11|  0 |  0 |  0 |  0 |  0 |  0 |  0 |  0 |  0 |  0 |  0 |  0 |  0 |  0 |  0 |  0 |  0 |  0 |  3 |  0 |  2 |  0 |  1 |  2 |
 12|  1 |  1 |  0 |  3 |  1 |  1 |  1 |  5 |  2 |  4 |  3 |  4 |  5 |  0 |  0 |  3 |  1 |  0 |  2 |  0 |  1 |  3 |  2 |  0 |
 13|  1 |  0 |  3 |  1 |  1 |  2 |  6 |  4 |  4 |  3 |  0 |  1 |  1 |  2 |  1 |  0 |  1 |  0 |  2 |  4 |  2 |  1 |  1 |  3 |
 14|  1 |  2 |  1 |  1 |  1 |  0 |  1 |  2 |  2 |  3 |  4 |  3 |  6 |  2 |  1 |  4 |  1 |  1 |  0 |  1 |  1 |  1 |  3 |  2 |
 15|  2 |  1 |  2 |  2 |  1 |  2 |  6 |  3 |  4 |  1 |  5 |  1 |  6 |  4 |  4 |  4 |  1 |  1 |  0 |  1 |  1 |  2 |  3 |  2 |
 16|  0 |  1 |  3 |  2 |  3 |  2 |  1 |  0 |  2 |  1 |  4 |  1 |  1 |  3 |  2 |  1 |  3 |  0 |  0 |  0 |  0 |  1 |  1 |  2 |
 17|  2 |  2 |  3 |  0 |  0 |  3 |  2 |  2 |  1 |  3 |  1 |  0 |  2 |  4 |  4 |  0 |  1 |  0 |  0 |  5 |  8 |  1 |  3 |  1 |
 18|  2 |  1 |  4 |  1 |  7 |  5 |  1 |  2 |  1 |  5 |  7 |  3 |  5 |  3 |  2 |  1 |  4 |  3 |  0 |  1 |  2 |  1 |  0 |  1 |
 19|  3 |  4 |  1 |  4 |  3 |  2 |  3 |  2 |  6 |  2 |  1 |  4 |  1 |  3 |  2 |  0 |  2 |  1 |  0 |  2 |  0 |  0 |  1 |  2 |
 20|  1 |  3 |  3 |  2 |  1 |  6 |  1 |  1 |  1 |  2 |  0 |  0 |  1 |  0 |  0 |  0 |  0 |  0 |  0 |  0 |  1 |  0 |  0 |  0 |
 21|  1 |  3 |  1 |  0 |  1 |  1 |  2 |  0 |  0 |  2 |  0 |  0 |  5 |  1 |  2 |  0 |  1 |  0 |  0 |  0 |  0 |  0 |  0 |  5 |
 22|  1 |  2 |  0 |  0 |  1 |  2 |  0 |  2 |  0 |  0 |  0 |  0 |  1 |  0 |  0 |  0 |  0 |  1 |  1 |  2 |  0 |  0 |  1 |  1 |
 23|  0 |  0 |  1 |  0 |  2 |  2 |  2 |  2 |  0 |  1 |  1 |  1 |  1 |  0 |  2 |  0 |  0 |  0 |  0 |  0 |  2 |  1 |  2 |  0 |
 24|  1 |  0 |  1 |  0 |  1 |  5 |  2 |  2 |  1 |  2 |  1 |  1 |  1 |  2 |  1 |  1 |  1 |  1 |  1 |  2 |  0 |  2 |  3 |  1 |
 25|  4 |  4 |  2 |  4 |  0 |  4 |  1 |  0 |  0 |  3 |  2 |  3 |  4 |  1 |  2 |  4 |  1 |  1 |  0 |  0 |  0 |  0 |  0 |  0 |
 26|  0 |  0 |  1 |  2 |  3 |  3 |  2 |  1 |  1 |  1 |  2 |  1 |  0 |  2 |  3 |  0 |  1 |  1 |  0 |  0 |  0 |  0 |  0 |  0 |
 27|  0 |  0 |  3 |  1 |  4 |  1 |  3 |  2 |  0 |  0 |  1 |  0 |  2 |  2 |  1 |  0 |  2 |  1 |  2 |  1 |  0 |  1 |  3 |  2 |
 28|  2 |  2 |  2 |  2 |  4 |  4 |  5 |  2 |  1 |  0 |  3 |  1 |  0 |  0 |  3 |  2 |  0 |  3 |  0 |  1 |  4 |  3 |  0 |  2 |
 29|  3 |  5 |  2 |  2 |  1 |  2 |  4 |  1 |  0 |  0 |  0 |  3 |  0 |  0 |  2 |  1 |  3 |  1 |  1 |  0 |  0 |  2 |  2 |  0 |
 30|  0 |  2 |  0 |  3 |  2 |  5 |  1 |  3 |  1 |  1 |  1 |  3 |  1 |  1 |  2 |  1 |  2 |  2 |  1 |  1 |  1 |  0 |  2 |  0 |
 31|  1 |  1 |  1 |  6 |  3 |  3 |  5 |  4 |  4 |  3 |  4 |  1 |  4 |  2 |  0 |  2 |  2 |  1 |  3 |  1 |  1 |  0 |  0 |  0 |
[Observer]Lockyer_Observatory
[Country]United Kingdom 
[City]Sidmouth
[Longitude]003°1307
[Latitude]050°4116
[Frequencies]
[Antenna]Quad Yagi
[Azimut Antenna]135
[Elevation Antenna]0
[Pre-Amplifier]None
[Receiver]ICOM IC-706 MKIIG
[Observing Method]HROFFT30dB Count Datas
[Remarks]winxp
