nov| 00h| 01h| 02h| 03h| 04h| 05h| 06h| 07h| 08h| 09h| 10h| 11h| 12h| 13h| 14h| 15h| 16h| 17h| 18h| 19h| 20h| 21h| 22h| 23h|
 01|  13|  18|  34|  39|  39|  22|  31|  29|  24|  34|  35|  30|  23|  21|  27|  25|  19|  21|  23|  25|  39|  37| 321|  17|
 02|  13|  27|  16|  27|  23|  27|  33|  18|  38|  34|  15|  26|  28|  25|  20|  21|  19|  10|  22|  33|  27|  28|  15|  16|
 03|  13|  17|  19|  29|  45|  31|  42|  40|  49|  35|  24|  17|  28|  18|  34|  34|  25|  29|  29|  15|  20|  21|  20|  20|
 04|  24|  26|  17|  50|  20|  43|  37|  40|  29|  44|  28|  19|  17|  10|  24|  23|  25|  13|  30|  23|  37|  16|  17|  11|
 05|  27|  14|  26|  16|  31|  40|  30|  29|  35|  43|  24|  29|  20|  19|  14|  20|  32|  10|  35|  20|  17|  16|  16|  21|
 06|  12|  39|  23|  41|  29|  28|  39|  35|  18|  21|  21|  23|  16|  23|  27|  28|  21|  32|  33|  17|  26|  19|  22|  11|
 07|  22|  19|  15|  23|  20|  20|  28|  39|  37|  48|  24|  22|  19|  11|  13|  9 |  23|  32|  30|  18|  31|  26|  14|  13|
 08|  17|  24|  37|  16|  27|  52|  18|  29|  33|  25|  35|  17|  16|  24|  29|  12|  21|  25|  17|  21|  26|  24|  19|  8 |
 09|  18|  13|  18|  19|  34|  28|  29|  27|  25|  28|  18|  26|  32|  26|  33|  35|  23|  20|  32|  22|  26|  18|  7 |  15|
 10|  12|  29|  7 |  0 |  0 |  14|  53|  31|  45|  33|  29|  33|  40|  10|  23|  21|  26|  28|  30|  23|  35|  30|  20|  20|
 11|  19|  26|  30|  28|  41|  44|  44|  54|  26|  30|  20|  23|  27|  53|  25|  21|  16|  29|  28|  21|  43|  18|  23|  13|
 12|  17|  20|  22|  37|  33|  26|  28|  48|  36|  23|  48|  30|  27|  25|  22|  24|  22|  19|  20|  14|  31|  25|  17|  18|
 13|  23|  23|  30|  37|  30|  26|  32|  33|  34|  43|  31|  39|  35|  33|  38|  20|  32|  23|  18|  29|  33|  21|  13|  15|
 14|  24|  31|  27|  26|  39|  22|  48|  28|  27|  28|  29|  22|  28|  22|  23|  30|  17|  23|  24|  17|  19|  32|  18|  25|
 15|  25|  25|  17|  20|  44|  31|  63|  39|  39|  26|  36|  24|  24|  40|  17|  24|  24|  0 |  26|  5 |  6 |  0 |  4 |  0 |
 16|  0 |  0 |  0 |  0 |  0 |  0 |  0 |  0 |  0 |  0 |  0 |  0 |  2 |  0 |  0 |  0 |  0 |  0 |  0 |  0 |  0 |  0 |  0 |  0 |
 17|  0 |  0 |  0 |  0 |  0 |  0 |  0 |  0 |  0 |  0 |  0 |  0 |  0 |  0 |  0 |  0 |  0 |  0 |  2 |  0 |  0 |  0 |  0 |  0 |
 18|  0 |  0 |  0 |  0 |  0 |  0 |  0 |  0 |  0 |  0 |  16|  11|  28|  20|  31|  17|  10|  9 |  24|  22|  21|  17|  23|  22|
 19|  24|  20|  32|  22| 101| 108|  25|  53|  23|  37|  72|  15|  26|  24|  23|  23|  24|  15|  21|  29|  17|  30|  15|  17|
 20|  39|  28|  40|  61|  50|  51|  53|  55|  62|  55|  42|  49|  32|  40|  51|  25|  31|  25|  29|  31|  45|  29|  19|  18|
 21|  28|  31|  32|  42|  53|  0 |  0 |  0 |  27|  24|  12|  22|  33|  28|  22|  24|  31|  21|  21|  32|  36|  39|  18|  28|
 22|  31|  34|  47|  30|  27|  38|  41|  43|  30|  62|  42|  24|  40|  34|  26|  32|  25|  33|  24|  34|  28|  19|  22|  18|
 23|  14|  28|  22|  22|  12|  23|  30|  48|  32|  32|  36|  39|  38|  52|  26|  26|  15|  40|  28|  30|  37|  22|  13|  20|
 24|  33|  21|  20|  18|  30|  46|  21|  27|  28|  29|  32|  24|  12|  36|  29|  19|  20|  32|  7 |  0 |  0 |  0 |  0 |  0 |
 25|  0 |  0 |  0 |  0 |  0 |  0 |  0 |  0 |  0 |  0 |  0 |  0 |  0 |  0 |  0 |  0 |  0 |  0 |  0 |  0 |  0 |  0 |  0 |  15|
 26|  31|  24|  28|  32|  42|  40|  38|  43|  56|  30|  43|  32|  51|  17|  31|  38|  25|  26|  48|  26|  22|  25|  20|  26|
 27|  20|  26|  26|  26|  24|  31|  32|  33|  36|  44|  24|  24|  49|  20|  33|  20|  24|  14|  18|  26|  27|  18|  17|  11|
 28|  13|  16|  22|  52|  39|  34|  32|  38|  11|  31|  29|  13|  25|  25|  25|  18|  16|  13|  20|  20|  18|  19|  16|  36|
 29| 645| 951| 631|1710|1572| 902|1117| 829|  64|  47|  40|  36|  18|  28|  6 |  2 |  5 |  5 |  5 |  3 |  5 |  3 |  2 |  3 |
 30|  0 |  4 |  3 |  7 |  3 |  6 |  5 |  3 |  7 |  5 |  5 |  7 |  22|  1 |  4 |  5 |  2 |  7 |  1 |  7 |  5 |  2 |  1 |  5 |
 31|??? |??? |??? |??? |??? |??? |??? |??? |??? |??? |??? |??? |??? |??? |??? |??? |??? |??? |??? |??? |??? |??? |??? |??? |
[Observer]Lockyer_Observatory
[Country]United Kingdom 
[City]Sidmouth
[Longitude]003°1307
[Latitude]050°4116
[Frequencies]
[Antenna]Quad Yagi
[Azimut Antenna]135
[Elevation Antenna]0
[Pre-Amplifier]None
[Receiver]ICOM IC-706 MKIIG
[Observing Method]HROFFT20dB Length Datas
[Remarks]winxp
