oct| 00h| 01h| 02h| 03h| 04h| 05h| 06h| 07h| 08h| 09h| 10h| 11h| 12h| 13h| 14h| 15h| 16h| 17h| 18h| 19h| 20h| 21h| 22h| 23h|
 01|  68|  90| 106|  88| 141| 159| 219| 182| 205| 179| 164| 185| 178| 126| 130| 178| 117| 131|  99| 123| 114| 103|  72|  73|
 02|  84|  95|  98| 114| 124| 152| 178| 180| 162| 172| 204| 139| 133| 144| 104| 139| 108|  98|  87| 146| 102|  94|  82|  68|
 03|  84|  84|  89| 106| 113| 147| 166| 143| 141| 125| 168| 172| 124| 133| 132| 121|  93| 107|  78| 108|  92|  91| 153|  81|
 04|  68|  76| 106|  86|  92| 132| 179| 151| 122| 148| 141| 146| 154| 138| 112| 106| 130|  86|  95| 226| 198| 104|  84|  73|
 05| 182| 120|  92|  84| 130| 154| 232| 202| 153| 174| 141| 160| 160|  97|  91| 116|  87|  81| 116| 147| 109|  80|  72| 298|
 06|  64| 120| 305|  87| 150| 218| 183| 152| 144| 157| 171| 131| 208| 144| 142| 169| 144| 122| 125| 149| 175| 122| 102|  71|
 07|  78| 113|  84|  94| 144| 218| 154| 152| 250| 198| 237| 154| 163| 144| 143| 143| 126| 133| 130| 192| 170|  95| 102|  85|
 08|  86| 115| 114|  84| 109| 188| 168| 164| 175| 133| 129| 181| 173| 154| 123| 154| 116| 137| 126| 226| 146| 120|  84|  78|
 09|  85|  93| 100|  92| 136| 188| 174| 161| 207| 143| 185| 154| 148| 136| 138| 130| 104|  98| 125| 144| 157| 117| 113| 100|
 10| 112|  97| 111| 126| 135| 118| 136| 141| 124| 153| 129| 148| 140| 150| 135| 110| 133| 137| 108| 167| 158| 129|  92|  90|
 11|  81|  95| 154| 136| 163| 165| 183| 189| 161| 174| 130| 148| 142| 111| 110| 123| 125|  91|  83|  89|  96|  80|  74|  74|
 12|  74|  79|  92|  99| 140| 129| 129| 154| 146| 141| 140| 109| 148|  87| 105| 121| 110| 113| 107| 121| 116|  73|  69|  78|
 13|  93|  86|  87| 109| 177| 164| 196| 228| 142| 153| 170| 160| 149| 122| 135| 159|  81| 119|  86| 130| 108| 101|  97|  83|
 14|  83| 107| 106| 128| 146| 203| 190| 202| 164| 220| 175| 182| 166| 126| 123| 143| 110| 109| 108| 128| 174| 130| 116|  98|
 15| 105|  76| 113| 137| 168| 208| 238| 182| 290| 226| 214| 267| 183| 147| 138| 162| 128| 131| 138| 270| 134| 138| 108| 101|
 16|  91|  84| 110| 120| 152| 176| 216| 272| 213| 218| 242| 284| 232| 190| 131| 178| 150| 134| 136| 204| 159| 149|  99|  79|
 17|  97| 103| 115| 113| 177| 168| 218| 179| 241| 257| 209| 167| 160| 187| 172| 206| 122| 113| 151| 222| 237| 166|  84|  70|
 18|  88|  93| 110| 132| 154| 243| 285| 199| 191| 174| 192| 183| 135| 242| 538|  99| 209| 392| 305| 230| 151|  98|  48|  82|
 19|  81|  73| 102|  74| 138| 170| 209| 196| 188| 187| 154| 130| 174| 129| 112| 126|  47|  55|  73|  64|  73|  68|  65|  55|
 20|  52|  64|  59|  76| 103| 107| 102| 106| 101|  81|  89|  98|  90|  93|  59|  64|  63|  62|  63|  59|  77|  70|  35|  60|
 21|  69|  67|  82|  94|  82|  75|  87|  86| 109|  63|  89|  82|  77|  72|  65|  87|  65|  68|  64|  70|  79|  40|  48|  51|
 22|  51|  75|  76|  85|  88| 100| 108|  83| 118|  88|  94|  79| 111|  78|  67|  79|  52|  59|  61|  80|  39|  61|  36|  55|
 23|  56|  51|  84|  71|  99| 148| 110| 100| 119| 115|  65|  94|  84| 112| 101|  78|  64|  57|  83|  99|  85|  88|  56|  58|
 24|  67|  82|  67|  88| 126| 125| 129| 158| 127| 116|  88|  75|  77|  90|  85| 112| 104|  77|  78| 117|  77|  58|  57|  48|
 25|  68|  59|  82|  75|  83|  84| 115| 123| 140|  87| 117|  88|  61| 139|  99| 122| 108|  51| 142| 182| 110|  95|  85|  84|
 26|  84| 105| 133| 152| 199| 218| 297| 284| 213| 194| 265| 245| 235| 205| 188| 213| 159| 145| 158| 166| 218| 155| 114|  84|
 27| 149| 116|  77|??? |??? |??? |??? |??? |??? |??? |??? |??? |??? |??? |??? |??? |??? |??? |??? |??? |??? |??? |??? |  0 |
 28| 28|??? |??? |??? |??? |??? |??? |??? |??? |??? |??? |??? |??? |??? |??? |??? |??? |??? |??? |??? |??? |??? |??? |??? |??? |
 29|??? |??? |??? |??? |??? |??? |??? |??? | 141| 199| 213| 167| 211| 145| 127| 146| 150| 126| 143| 150| 198| 161| 101| 113|
 30| 118|  95| 105| 117| 148| 156| 231| 254| 325| 216| 202| 202| 202| 216|  86|??? |??? |??? |  64| 104| 114| 163| 114|  99|
 31|  88| 100| 102| 114| 129| 183| 210| 228| 277| 180| 226| 204| 167| 183| 179| 152| 121|  99| 115| 138| 195| 153|  92|  91|
[Observer]Lockyer_Observatory
[Country]United Kingdom 
[City]Sidmouth
[Longitude]003°1307
[Latitude]050°4116
[Frequencies]
[Antenna]Quad Yagi
[Azimut Antenna]135
[Elevation Antenna]0
[Pre-Amplifier]None
[Receiver]ICOM IC-706 MKIIG
[Observing Method]HROFFT10dB Count Datas
[Remarks]winxp
