may| 00h| 01h| 02h| 03h| 04h| 05h| 06h| 07h| 08h| 09h| 10h| 11h| 12h| 13h| 14h| 15h| 16h| 17h| 18h| 19h| 20h| 21h| 22h| 23h|
 01|  1 |  7 |  3 |  2 |  5 |  3 |  7 |  1 |  5 |  3 |  10|  12|  18|  4 |  2 |  18|  76|  2 |  1 |  6 |  17|  4 |  5 |  4 |
 02|  4 |  8 |  41|  21|  48|  14| 110| 106|  29|  38|  69|  19|  78|  20|  47|  38|  16|  46|  11|  1 |  3 |  4 |  5 |  5 |
 03|  9 |  4 |  9 |  10|  5 |  13|  20|  76|  36|  25|  17|  17|  50|  8 |  15|  15|  8 |  8 |  8 |  3 |  6 |  7 |  10|  13|
 04|  11|  5 |  15|  27|  27|  16|  33|  34|  32|  20|  16|  8 |  15|  14|  9 |  10|  19|  5 |  5 |  1 |  1 |  1 |  0 |  1 |
 05|  4 |  5 |  11|  12|  15|  25|  29|  34|  37|  43|  48|  19|  20|  16|  7 |  5 |  8 |  5 |  2 |  3 |  8 |  3 |  4 |  9 |
 06|  9 |  7 |  15|  43|  60|  40|  53|  53|  69|  83|  37|  31|  31|  15|  9 |  5 |  6 |  3 |  0 |  3 |  2 |  1 |  6 |  6 |
 07|  7 |  8 |  15|  17|  27|  28|  25|  29|  30|  16|  16|  19|  19|  11|  5 |  4 |  4 |  7 |  4 |  2 |  4 |  3 |  9 |  14|
 08|  10|  11|  11|  18|  18|  16|  21|  22|  26|  29|  24|  31|  15|  10|  7 |  4 |  6 |  5 |  3 |  6 |  2 |  5 |  5 |  7 |
 09|  11|  8 |  11|  5 |  28|  14|  12|  20|  19|  19|  28|  17|  18|  9 |  8 |  7 |  4 |  4 |  2 |  4 |  5 |  3 |  9 |  8 |
 10|  4 |  4 |  7 |  11|  8 |  7 |  14|  10|  7 |  16|  11|  6 |  10|  11|  0 |  0 |  0 |  0 |  0 |  0 |  0 |  0 |  0 |  0 |
 11|  0 |  0 |  0 |  0 |  0 |  0 |  0 |  0 |  0 |  0 |  0 |  0 |  0 |  0 |  0 |  0 |  0 |  0 |  8 |  7 |  4 |  5 |  5 |  7 |
 12|  4 |  5 |  6 |  9 |  8 |  8 |  9 |  11|  15|  15|  21|  23|  17|  13|  10|  11|  8 |  4 |  3 |  1 |  2 |  5 |  7 |  9 |
 13|  6 |  4 |  11|  8 |  12|  9 |  9 |  12|  12|  10|  6 |  11|  10|  11|  3 |  8 |  6 |  5 |  6 |  6 |  5 |  5 |  8 |  8 |
 14|  6 |  12|  6 |  10|  13|  14|  7 |  11|  11|  16|  15|  18|  20|  18|  12|  9 |  4 |  7 |  6 |  3 |  6 |  6 |  9 |  12|
 15|  9 |  11|  7 |  9 |  23|  13|  20|  9 |  16|  6 |  23|  16|  19|  12|  15|  10|  7 |  5 |  2 |  4 |  10|  9 |  7 |  5 |
 16|  10|  11|  8 |  10|  15|  7 |  5 |  8 |  7 |  4 |  12|  14|  13|  10|  10|  8 |  7 |  5 |  0 |  1 |  2 |  4 |  7 |  6 |
 17|  11|  10|  12|  9 |  14|  8 |  10|  6 |  9 |  10|  15|  10|  11|  17|  9 |  5 |  4 |  4 |  5 |  17|  22|  6 |  10|  8 |
 18|  9 |  15|  16|  13|  32|  17|  7 |  10|  10|  10|  20|  18|  15|  13|  8 |  6 |  6 |  6 |  1 |  6 |  6 |  4 |  2 |  9 |
 19|  6 |  10|  3 |  11|  13|  11|  11|  9 |  15|  12|  9 |  23|  9 |  13|  10|  9 |  6 |  3 |  0 |  4 |  4 |  8 |  4 |  8 |
 20|  6 |  9 |  10|  17|  11|  12|  10|  8 |  5 |  11|  8 |  6 |  6 |  3 |  8 |  2 |  0 |  1 |  4 |  1 |  3 |  2 |  4 |  4 |
 21|  2 |  9 |  2 |  2 |  6 |  7 |  8 |  3 |  2 |  7 |  5 |  1 |  9 |  2 |  6 |  3 |  2 |  2 |  0 |  6 |  2 |  5 |  3 |  6 |
 22|  4 |  8 |  6 |  2 |  8 |  7 |  1 |  5 |  3 |  1 |  2 |  4 |  4 |  5 |  4 |  4 |  3 |  3 |  6 |  5 |  4 |  1 |  4 |  5 |
 23|  5 |  2 |  2 |  2 |  3 |  6 |  10|  9 |  3 |  5 |  5 |  4 |  3 |  2 |  4 |  4 |  0 |  2 |  6 |  0 |  2 |  3 |  6 |  4 |
 24|  1 |  4 |  3 |  5 |  6 |  13|  6 |  7 |  9 |  7 |  9 |  9 |  7 |  11|  7 |  6 |  7 |  1 |  1 |  4 |  2 |  11|  12|  7 |
 25|  21|  14|  8 |  13|  12|  14|  14|  6 |  4 |  13|  11|  22|  14|  9 |  10|  6 |  3 |  6 |  6 |  5 |  0 |  2 |  2 |  4 |
 26|  2 |  4 |  6 |  5 |  8 |  8 |  6 |  4 |  7 |  1 |  5 |  5 |  4 |  3 |  7 |  6 |  2 |  4 |  6 |  1 |  0 |  0 |  0 |  0 |
 27|  8 |  17|  14|  9 |  18|  14|  12|  4 |  8 |  8 |  13|  5 |  8 |  5 |  6 |  6 |  7 |  4 |  4 |  4 |  3 |  8 |  8 |  9 |
 28|  12|  19|  17|  19|  15|  18|  24|  16|  11|  10|  13|  16|  12|  7 |  8 |  11|  9 |  11|  4 |  6 |  13|  10|  14|  15|
 29|  11|  19|  22|  15|  24|  14|  22|  2 |  0 |  0 |  9 |  10|  4 |  12|  5 |  3 |  10|  5 |  5 |  4 |  7 |  7 |  9 |  11|
 30|  3 |  7 |  4 |  10|  8 |  19|  18|  13|  11|  9 |  9 |  15|  5 |  7 |  10|  4 |  8 |  4 |  6 |  3 |  8 |  7 |  11|  11|
 31|  13|  11|  15|  18|  12|  21|  22|  11|  17|  18|  17|  14|  13|  15|  13|  10|  6 |  8 |  7 |  7 |  3 |  1 |  1 |  1 |
[Observer]Lockyer_Observatory
[Country]United Kingdom 
[City]Sidmouth
[Longitude]003°1307
[Latitude]050°4116
[Frequencies]
[Antenna]Quad Yagi
[Azimut Antenna]135
[Elevation Antenna]0
[Pre-Amplifier]None
[Receiver]ICOM IC-706 MKIIG
[Observing Method]HROFFT20dB Count Datas
[Remarks]winxp
