oct| 00h| 01h| 02h| 03h| 04h| 05h| 06h| 07h| 08h| 09h| 10h| 11h| 12h| 13h| 14h| 15h| 16h| 17h| 18h| 19h| 20h| 21h| 22h| 23h|
 01|  76| 107| 126| 103| 176| 196| 260| 231| 295| 212| 201| 244| 251| 140| 146| 212| 134| 152| 112| 133| 135| 128|  78|  82|
 02|  93| 108| 111| 132| 139| 174| 210| 231| 226| 206| 275| 171| 162| 174| 123| 157| 119| 105| 102| 170| 117| 106|  96|  71|
 03| 101| 101| 111| 115| 127| 194| 209| 198| 202| 152| 229| 215| 150| 151| 149| 160|  97| 123|  89| 123| 103| 102| 176|  94|
 04|  76|  79| 124| 100| 109| 143| 225| 187| 196| 177| 168| 194| 183| 159| 124| 127| 136|  98| 164| 284| 225| 116|  93|  82|
 05| 212| 140| 112|  91| 160| 200| 288| 272| 195| 213| 176| 188| 207| 112| 106| 125|  96|  86| 139| 180| 121|  93|  80| 457|
 06|  72| 132| 373|  94| 194| 256| 231| 191| 157| 188| 226| 168| 257| 173| 202| 206| 159| 145| 142| 179| 210| 152| 115|  79|
 07|  90| 124|  90| 112| 200| 264| 210| 180| 399| 238| 293| 180| 235| 167| 220| 194| 142| 162| 153| 240| 221| 102| 126|  97|
 08|  94| 135| 134|  91| 126| 264| 200| 212| 243| 168| 172| 250| 201| 193| 146| 195| 133| 162| 147| 298| 179| 167|  98| 110|
 09|  97| 128| 113| 100| 164| 226| 230| 188| 293| 171| 216| 244| 190| 167| 149| 146| 115| 113| 146| 182| 191| 135| 132| 107|
 10| 136| 115| 128| 145| 155| 144| 172| 162| 197| 265| 167| 195| 186| 171| 161| 124| 141| 156| 118| 208| 190| 165| 106| 103|
 11|  86| 117| 189| 170| 209| 185| 219| 242| 189| 238| 152| 175| 183| 143| 123| 137| 175| 108|  93| 102| 102|  86|  86|  80|
 12|  90|  86| 100| 112| 157| 147| 165| 180| 189| 181| 217| 123| 210| 101| 129| 138| 123| 132| 118| 137| 172|  85|  79| 102|
 13| 107| 114| 113| 154| 307| 252| 282| 361| 222| 217| 230| 234| 222| 141| 178| 198|  91| 136|  92| 158| 135| 122| 109|  96|
 14|  96| 120| 126| 178| 230| 300| 246| 250| 234| 373| 287| 233| 219| 152| 151| 214| 126| 122| 119| 159| 265| 185| 132| 111|
 15| 134|  83| 138| 177| 294| 283| 310| 273| 507| 336| 378| 491| 269| 219| 169| 215| 146| 160| 173| 474| 171| 198| 150| 126|
 16| 116|  94| 134| 160| 266| 238| 260| 443| 332| 369| 431| 414| 353| 284| 161| 215| 190| 171| 187| 328| 258| 181| 118|  89|
 17| 109| 123| 126| 137| 258| 254| 314| 245| 339| 338| 294| 246| 223| 241| 208| 279| 151| 141| 189| 306| 347| 230|  93|  99|
 18| 111| 112| 133| 153| 191| 320| 369| 270| 267| 225| 232| 235| 200| 306|2065|3491|3236|1657| 947| 532| 184| 117|  53| 100|
 19| 117|  90| 120| 102| 172| 227| 312| 296| 289| 275| 210| 153| 232| 162| 175| 178|  51|  59|  83|  69|  87|  80|  70|  96|
 20|  69|  73|  73| 111| 140| 165| 134| 119| 128| 112| 103| 111| 102| 118|  61|  75|  81|  76|  78|  66|  86|  77|  37|  68|
 21|  77|  98| 124| 121|  94|  82| 135| 102| 150|  68| 115|  98|  83|  84|  74| 103|  73|  73|  68|  79|  89|  45|  55|  53|
 22|  64|  84|  98| 114|  98| 129| 133|  96| 219| 102| 114|  93| 157|  88|  77|  87|  59|  71|  65|  94|  44|  65|  40|  65|
 23|  64|  58| 104|  87| 112| 183| 137| 131| 190| 176|  79| 126| 106| 148| 148|  91|  72|  65|  98| 137|  91| 105|  59|  67|
 24|  73| 101|  76|  96| 199| 150| 151| 225| 220| 156| 109|  92|  90| 104|  93| 128| 124|  85|  88| 139|  94|  72|  71|  53|
 25|  77|  73|  94|  97|  98| 101| 151| 177| 225| 111| 142| 121|  66| 192| 125| 161| 147|  59| 180| 230| 138| 128|  96| 103|
 26|  98| 119| 164| 195| 309| 298| 387| 437| 297| 331| 422| 318| 349| 325| 263| 300| 202| 183| 202| 185| 302| 216| 156| 100|
 27| 203| 133|  92|  0 |  0 |  0 |  0 |  0 |  0 |  0 |  0 |  0 |  0 |  0 |  0 |  0 |  0 |  0 |  0 |  0 |  0 |  0 |  0 |  0 |
 28|??? |??? |??? |??? |??? |??? |??? |??? |??? |??? |??? |??? |??? |??? |??? |??? |??? |??? |??? |??? |??? |??? |??? |??? |
 29|  0 |  0 |  0 |  0 |  0 |  0 |  0 |  0 | 168| 226| 249| 188| 262| 166| 141| 173| 174| 160| 190| 191| 247| 203| 118| 131|
 30| 155| 111| 122| 150| 173| 175| 286| 335| 497| 281| 282| 242| 279| 260| 116|  0 |  0 |  0 |  73| 127| 155| 196| 147| 117|
 31| 101| 104| 112| 137| 140| 237| 285| 304| 373| 210| 285| 249| 214| 212| 239| 181| 134| 124| 139| 173| 237| 174| 105| 100|
[Observer]Lockyer_Observatory
[Country]United Kingdom 
[City]Sidmouth
[Longitude]003°1307
[Latitude]050°4116
[Frequencies]
[Antenna]Quad Yagi
[Azimut Antenna]135
[Elevation Antenna]0
[Pre-Amplifier]None
[Receiver]ICOM IC-706 MKIIG
[Observing Method]HROFFT10dB Length Datas
[Remarks]winxp
