may| 00h| 01h| 02h| 03h| 04h| 05h| 06h| 07h| 08h| 09h| 10h| 11h| 12h| 13h| 14h| 15h| 16h| 17h| 18h| 19h| 20h| 21h| 22h| 23h|
 01| 666| 323| 110| 107| 133|  88| 289| 549|  87| 174| 212|  38| 200| 611| 372| 317| 135|  87| 401| 393|  44| 241|  59|  78|
 02|  96|  73| 151|  6 |  6 |  6 |  6 |  6 |  6 |  6 |  6 |  21|  6 |  6 |  15|  6 |  6 |  7 |  17|  55|  57|  28|  31|  66|
 03| 172| 443| 526| 475| 447| 372| 147|  6 |  6 |  6 | 122|  11| 103| 312| 652| 542| 120| 167| 643| 465| 121|  78|  86|  93|
 04|  71|  75|  72| 146| 191| 124| 141| 173| 174| 549| 127| 162| 172| 119| 114|  67| 344|  28|  77|  59|  21|  10|  6 |  5 |
 05|  14|  40|  50|  59|  85|  94| 106|  90|  94| 129| 278| 131| 253| 165|  67|  50|  24|  28|  19|  32|  57| 217| 124|  47|
 06|  51| 172|  64| 113| 136| 146| 194| 148| 176| 191| 372| 442| 131| 187| 108| 160| 203|  11|  15|  19|  18|  18|  35|  35|
 07|  47|  41|  51|  63|  82|  83|  55|  71|  82|  61|  71|  68|  56|  40|  29| 199| 503| 323| 371| 153| 115| 150| 142|  76|
 08|  94| 178|  95| 196| 136| 298| 244| 157| 191| 130| 175| 210| 105| 184|  55| 212| 202|  37|  24|  29|  12|  87|  79|  53|
 09|  92| 110|  50|  29|  59|  55|  68|  67|  83| 114| 147| 246| 116|  56|  39|  25|  24|  22|  17|  24|  19|  17|  37|  31|
 10|  34|  38|  23|  44|  49|  46|  61|  37|  35|  46|  58|  31|  53|  43|??? |??? |??? |??? |??? |??? |??? |??? |??? |  0 |
 11|??? |??? |??? |??? |??? |??? |??? |??? |??? |??? |??? |??? |??? |??? |??? |??? |??? |??? |  25|  42|  34|  28|  41|  29|
 12|  31|  36|  70|  59| 190| 143| 158| 190| 167| 191| 187| 184| 175| 108| 147| 179| 143|  87|  80|  37|  40|  41|  39|  42|
 13|  67|  29|  52|  79| 188|  71| 109| 126| 134|  91| 122|  87| 134| 106| 117|  59|  31|  23|  30|  23|  32|  29|  35|  44|
 14|  57|  61|  51|  68|  99|  91|  89|  76|  59|  72|  68| 101|  80|  78|  57|  46|  29|  30|  42|  49|  37|  36|  51|  55|
 15|  39|  64|  50|  59|  80| 104| 101| 113| 107| 123| 129| 131|  90| 168|  79| 197| 101| 196| 122|  92|  76|  99| 103| 101|
 16| 124| 116| 107| 223|  87| 153|  49|  43|  55|  39|  69|  72|  62|  54|  41|  35|  19|  24|  14|  34|  23|  32|  40|  43|
 17|  41|  45|  45|  60|  59|  58| 229|  67| 116|  80|  89| 261| 136| 137|  53|  35|  22|  22|  22|  47|  54|  40|  49|  43|
 18|  41|  49|  59|  58|  80|  75|  56|  55|  49|  70|  76|  70|  68|  61|  36|  37|  29|  24|  14|  29|  23|  25|  24|  35|
 19|  46|  64|  48|  48|  46|  55|  51|  59|  59|  58|  44|  72| 117| 152|  88|  96|  43|  25|  20|  28|  37|  68|  57|  49|
 20|  44|  56|  70|  60|  60|  74| 193| 235| 151| 252| 168|  38|  28|  23|  26|  17|  13|  26|  15|  10|  17|  21|  20|  15|
 21|  20|  25|  35|  31|  34|  45|  36|  35|  26|  24|  28|  30|  38|  15|  35|  18|  15|  21|  19|  15|  14|  20|  17|  23|
 22|  23|  29|  23|  27|  30|  29|  23|  30|  19|  25|  31|  23|  27|  22|  18|  21|  22|  17|  27|  33|  15|  16|  17|  25|
 23|  31|  12|  17|  23|  26|  43|  31|  60|  92|  42|  55|  48|  70|  39|  56|  43|  24|  34|  15|  14|  16|  17|  20|  20|
 24|  23|  32|  22|  38|  32|  53|  45|  38|  39|  35| 309| 482| 434| 279| 190| 422| 199| 103| 100|  19|  7 |  53|  63|  61|
 25|  74| 103| 148| 194| 139| 367| 456| 486| 508| 403| 564| 218| 135| 148|  61|  84|  58|  27|  54| 438| 611| 134|  77|  30|
 26|  22|  33|  32|  67|  58| 397| 786| 512| 648| 724| 637| 709| 542|  90|  29|  21|  17|  44|  21|  13|??? |??? |??? |  0 |
 27|  55|  62|  54|  68| 139| 172| 290| 282| 339| 331| 215| 204| 224| 172| 103| 213| 347| 133|  81|  80|  95| 249| 455| 478|
 28| 346| 309| 258| 245| 252| 258| 257| 253| 251| 202| 164| 195| 222| 157| 231| 263| 138| 203| 167| 145| 175| 164| 170| 245|
 29| 293| 375| 374| 303| 360| 325| 497| 310| 230| 192| 262| 193| 238| 174| 259| 276| 188| 168| 139|  96| 152| 131| 143| 131|
 30| 153| 117| 232| 150| 213| 195| 184| 182| 190| 175| 292| 317| 234| 239| 183| 206| 199| 127| 139| 159| 161| 105| 205| 461|
 31| 535| 470| 546| 743| 600| 764| 554| 601| 788| 804| 654| 517| 542| 200| 234| 157|  79|  98| 140| 188|  34|  26|  12|  16|
[Observer]Norman Lockyer_Observatory
[Country]United Kingdom 
[City]Sidmouth
[Longitude]003°1307 E
[Latitude ]050°4116 N
[Longitude GMAP]-3.21899950504303 
[Latitude GMAP]50.688298383408
[Frequencies]143.050 MHz
[Antenna]Quad Yagi
[Azimut Antenna]135
[Elevation Antenna]0
[Pre-Amplifier]None
[Receiver]ICOM IC-706 MKIIG
[Observing Method]HROFFT
[Remarks]winxp
[Soft FTP]Colorgramme RMOB Lab v 2.5
[E]lqlzb`Ilqdf|}azb`je|k'jfd
