jan| 00h| 01h| 02h| 03h| 04h| 05h| 06h| 07h| 08h| 09h| 10h| 11h| 12h| 13h| 14h| 15h| 16h| 17h| 18h| 19h| 20h| 21h| 22h| 23h|
 01|  0 |  11|  4 |  3 |  6 |  1 |  2 |  1 |  1 |  6 |  12|  6 |  1 |  16|  5 |  2 |  8 |  0 |  1 |  1 |  1 |  3 |  5 |  0 |
 02|  2 |  7 |  10|  7 |  7 |  4 |  2 |  20|  5 |  7 |  3 |  3 |  8 |  2 |  3 |  3 |  0 |  3 |  0 |  2 |  1 |  0 |  3 |  5 |
 03|  3 |  10|  13|  24|  39|  53|  25|  4 |  5 |  24|  24|  31|  82|  32|  14|  21|  19|  16|  5 |  9 |  8 |  17|  5 |  7 |
 04|  0 |  1 |  5 |  3 |  4 |  6 |  1 |  1 |  3 |  5 |  4 |  2 |  1 |  16|  2 |  0 |  2 |  4 |  1 |  1 |  0 |  7 |  2 |  2 |
 05|  26|  4 |  8 |  16|  5 |  8 |  1 |  5 |  2 |  6 |  2 |  4 |  9 |  2 |  2 |  1 |  2 |  4 |  0 |  2 |  1 |  3 |  6 |  1 |
 06|  11|  1 |  4 |  5 |  3 |  4 |  2 |  3 |  6 |  11|  5 |  9 |  5 |  3 |  0 |  3 |  4 |  1 |  0 |  7 |  2 |  0 |  0 |  4 |
 07|  1 |  6 |  4 |  5 |  2 |  4 |  2 |  0 |  6 |  2 |  4 |  5 |  1 |  4 |  2 |  4 |  2 |  0 |  1 |  0 |  1 |  1 |  0 |  2 |
 08|  3 |  2 |  0 |  0 |  3 |  2 |  0 |  1 |  3 |  4 |  5 |  9 |  3 |  3 |  3 |  6 |  1 |  2 |  0 |  1 |  0 |  1 |  3 |  2 |
 09|  2 |  2 |  5 |  28|  6 |  3 |  3 |  1 |  2 |  3 |  2 |  9 |  4 |  2 |  0 |  2 |  2 |  2 |  0 |  1 |  2 |  1 |  0 |  2 |
 10|  1 |  2 |  13|  5 |  3 |  4 |  1 |  3 |  1 |  3 |  5 |  3 |  2 |  1 |  3 |  1 |  1 |  1 |  0 |  1 |  1 |  3 |  10|  2 |
 11|  3 |  4 |  4 |  2 |  2 |  6 |  4 |  10|  4 |  9 |  2 |  16|  0 |  6 |  10|  0 |  1 |  2 |  0 |  0 |  0 |  1 |  0 |  1 |
 12|  1 |  3 |  2 |  2 |  5 |  1 |  2 |  2 |  0 |  8 |  5 |  3 |  1 |  0 |  0 |  0 |  0 |  0 |  0 |  0 |  0 |  0 |  0 |  0 |
 13|??? |??? |??? |??? |??? |??? |??? |??? |??? |??? |??? |??? |??? |??? |??? |??? |??? |??? |??? |??? |??? |??? |??? |??? |
 14|  0 |  0 |  0 |  0 |  0 |  0 |  0 |  0 |  5 |  8 |  5 |  5 |  16|  8 |  5 |  4 |  1 |  3 |  1 |  7 |  0 |  0 |  9 |  3 |
 15|  5 |  7 |  5 |  0 |  0 |  0 |  0 |  0 |  0 |  0 |  0 |  0 |  0 |  0 |  0 |  0 |  0 |  0 |  0 |  0 |  0 |  0 |  0 |  0 |
 16|  0 |  0 |  0 |  0 |  0 |  0 |  0 |  0 |  0 |  0 |  0 |  0 |  0 |  0 |  0 |  0 |  0 |  0 |  1 |  4 |  1 |  3 |  3 |  8 |
 17|  6 |  4 |  2 |  9 |  7 |  12|  3 |  7 |  6 |  25|  1 |  5 |  4 |  6 |  1 |  1 |  4 |  0 |  3 |  0 |  4 |  4 |  5 |  3 |
 18|  1 |  3 |  5 |  2 |  4 |  4 |  1 |  6 |  2 |  3 |  3 |  3 |  7 |  3 |  1 |  0 |  0 |  1 |  1 |  2 |  1 |  0 |  12|  2 |
 19|  2 |  11|  9 |  7 |  7 |  1 |  4 |  3 |  1 |  4 |  3 |  8 |  3 |  12|  5 |  2 |  2 |  2 |  0 |  5 |  1 |  1 |  2 |  1 |
 20|  0 |  0 |  0 |  0 |  0 |  0 |  0 |  0 |  0 |  0 |  0 |  0 |  0 |  0 |  2 |  1 |  2 |  3 |  5 |  5 |  1 |  4 |  1 |  4 |
 21|  7 |  41|  11|  4 |  15|  11|  9 |  15|  7 |  53|  9 |  16|  11|  4 |  6 |  2 |  1 |  0 |  1 |  6 |  0 |  2 |  4 |  0 |
 22|  4 |  4 |  15|  6 |  9 |  12|  17|  3 |  6 |  11|  8 |  41|  7 |  6 |  8 |  1 |  2 |  2 |  2 |  2 |  2 |  4 |  4 |  4 |
 23|  5 |  10|  12|  6 |  6 |  4 |  1 |  4 |  4 |  2 |  9 |  7 |  6 |  10|  2 |  2 |  1 |  1 |  7 |  8 |  2 |  5 |  3 |  3 |
 24|  9 |  6 |  16|  11|  7 |  8 |  3 |  6 |  2 |  1 |  12|  2 |  6 |  6 |  0 |  6 |  2 |  0 |  1 |  5 |  7 |  1 |  3 |  7 |
 25|  6 |  8 |  8 |  7 |  6 |  6 |  7 |  10|  5 |  3 |  8 |  10|  10|  4 |  4 |  0 |  2 |  1 |  8 |  2 |  1 |  1 |  4 |  5 |
 26|  5 |  12|  3 |  2 |  5 |  6 |  11|  4 |  3 |  6 |  6 |  1 |  6 |  5 |  7 |  1 |  2 |  0 |  2 |  4 |  1 |  3 |  0 |  3 |
 27|  3 |  9 |  7 |  4 |  11|  21|  1 |  7 |  5 |  2 |  4 |  6 |  3 |  13|  1 |  5 |  2 |  4 |  2 |  2 |  1 |  2 |  4 |  3 |
 28|  9 |  7 |  3 |  3 |  6 |  3 |  8 |  3 |  10|  7 |  3 |  7 |  7 |  2 |  0 |  0 |  1 |  1 |  2 |  5 |  3 |  5 |  0 |  2 |
 29|  0 |  10|  5 |  4 |  4 |  9 |  5 |  4 |  12|  8 |  7 |  8 |  6 |  3 |  1 |  0 |  5 |  1 |  2 |  0 |  4 |  5 |  7 |  6 |
 30|  12|  2 |  5 |  3 |  9 |  5 |  4 |  3 |  14|  3 |  4 |  1 |  3 |  6 |  5 |  0 |  2 |  1 |  2 |  2 |  3 |  5 |  3 |  2 |
 31|  6 |  3 |  3 |  2 |  2 |  2 |  2 |  8 |  3 |  3 |  6 |  3 |  4 |  9 |  2 |  5 |  5 |  1 |  4 |  2 |  4 |  5 |  9 |  8 |
[Observer]Lockyer_Observatory
[Country]United Kingdom 
[City]Sidmouth
[Longitude]003°1307
[Latitude]050°4116
[Frequencies]
[Antenna]Quad Yagi
[Azimut Antenna]135
[Elevation Antenna]0
[Pre-Amplifier]None
[Receiver]ICOM IC-706 MKIIG
[Observing Method]HROFFT30dB Length Datas
[Remarks]winxp
