feb| 00h| 01h| 02h| 03h| 04h| 05h| 06h| 07h| 08h| 09h| 10h| 11h| 12h| 13h| 14h| 15h| 16h| 17h| 18h| 19h| 20h| 21h| 22h| 23h|
 01|  64|  81| 106| 116|  62|  78| 110| 184| 143| 148| 161| 155| 129| 137| 105|  55|  70|  79|  39|  34|  52|  69|  55|  53|
 02|  63|  74|  80| 131|  82|  74| 103| 133|  95| 110| 123| 142| 160| 179|  82|  87|  95|  66|  68|  74|  99|  89|  58|  70|
 03|  87|  85|  96| 171| 170| 124| 113|  97| 133| 150| 184| 248| 200| 171| 134| 123|  80|  45|  64|  82| 105| 126|  92|  78|
 04| 130|  75| 111|  99|  92|  82| 152| 160| 130| 165| 166| 179| 133| 131| 118| 112| 126| 122|  58| 260|  75|  74|  57|  73|
 05|  59|  93|  95| 116|  98| 115| 101| 191| 146| 137| 131| 141| 149| 124|  67|  79|  70| 186|  86|  83|  69|  83| 128|  67|
 06|  63|  99|  95| 108| 108|  73|  95|  87|  96| 120| 116| 119|  89|  90|  77|  60|  51|  62|  55|  59|  65|  91|  53|  70|
 07|  90| 103| 113| 116| 110| 113| 109|  91| 134| 183| 135| 132| 149| 124| 103|  65| 103| 186|  87| 132| 159| 147| 120| 103|
 08|  92| 122| 137| 143| 113| 176| 159| 227| 208| 152| 194| 124| 119| 125| 105|  64| 106|  46|  27|  22| 164| 249| 128| 141|
 09| 167| 255| 161| 254| 158| 325| 242| 158| 116| 198| 214| 341| 411| 579| 290| 155|  57| 147|  26| 327|  78|  57|  53|  67|
 10| 105|  87| 128| 503| 292|  14| 234|  6 |  6 |  6 |  6 |  53| 291| 472|  29| 538| 621| 261| 300| 282| 502| 430| 415| 317|
 11| 357| 348| 259| 325| 234| 333| 324| 294| 195| 254| 193| 241| 109| 198| 166| 145| 158| 121| 219| 200| 372| 364| 229| 318|
 12| 219| 292| 124| 287| 377| 314| 346| 346| 247| 331| 376| 351| 163| 221| 248| 157| 254| 198| 220| 122| 148| 193| 381| 227|
 13|  73| 137| 182| 353| 570| 424| 465| 478| 385| 415| 399| 490| 270| 426| 427| 445| 328| 368| 512| 450| 412| 494| 449| 212|
 14| 132| 164| 155| 124|  72| 121| 118| 129| 112| 109| 107| 144| 111| 103|  64|  78|  57|  74|  66|  71|  86|  90|  66|  77|
 15|  80| 101| 113| 114| 132| 100| 103|  99| 114| 149| 147| 108| 155| 100| 103|  85| 139|  90|  66|  37|  23|  35|  19|  17|
 16|  62|  92| 102| 112|  33|  30| 127|  63| 101| 109| 118| 111| 112| 115|  88|  72|??? |  79|  82|  59|  58|  45|  25|  0 |
 17|??? |??? |??? | 102|  92|  88| 119| 169| 127| 126| 129| 103|  96|  71|  61| 300|  33|  16|  30|  17|  25|  41|  41|  57|
 18|  69|  59|  74|  79|  80|  97| 109| 109|  69| 105| 122| 115|  79| 107|  72|  41|  58|  50|  41|  66|  88| 128|  92|  78|
 19|  72|  82|  81|  94|  94|  61|  92| 109|  81| 118| 107|  96|  91| 102|  87|  78|  90| 142|  65| 158| 367| 106| 277|  59|
 20|  60| 104| 100|  86| 102| 148| 157| 124| 133| 129| 126| 155| 107|  79|  84|  71|  87|  80|  76| 108|  95| 107|  73|  74|
 21|  74|  96|  94| 101|  97| 135| 133| 181| 155| 174| 139| 142| 134| 180|  90|  82|  74| 117| 114| 353| 575| 100|  79|  72|
 22|  82| 102| 106| 120| 116| 126| 168| 146| 121| 145| 173| 168| 120| 170|  98|  90| 233| 136|  41|  44|  33|  67|  44|  22|
 23|  38|  47|  65|  66|  70|  80| 106| 108|  85| 419|  72|  74|  80|  65|  35|  19|  23|  57|  54|  25|  47|  66|  85|  50|
 24|  44|  44|  43|  54|  59|  43|  65|  79|  58|  60|  67|  78| 249| 422| 196|  36|  17|  4 |  6 |  9 |  12|  19|  18|  47|
 25|  42|  52|  83|  82|  68|  78| 100| 133| 174| 169| 189| 195| 117| 125|  83|  82| 116|  67|  87|  86| 112| 179| 116|  84|
 26|  81| 108| 113|  99| 118| 103| 128| 170| 175| 159| 139| 170| 103| 151| 106|  78|  87|  96|  70|  81| 108|  92|  86|  64|
 27|  82|  75| 101| 109| 108| 147| 172| 176| 152| 189| 173| 416| 266| 262| 196| 222| 154| 138|  90|  11|  13|  20|  28|  40|
 28|  92|  53|  61|  90| 106| 118|  62|  59|  49|  61|  78|  51|  82|  43| 111| 148|  66|  56|  99|  50|  57|  57|  51|  69|
 29|??? |??? |??? |??? |??? |??? |??? |??? |??? |??? |??? |??? |??? |??? |??? |??? |??? |??? |??? |??? |??? |??? |??? |??? |
 30|??? |??? |??? |??? |??? |??? |??? |??? |??? |??? |??? |??? |??? |??? |??? |??? |??? |??? |??? |??? |??? |??? |??? |??? |
 31|??? |??? |??? |??? |??? |??? |??? |??? |??? |??? |??? |??? |??? |??? |??? |??? |??? |??? |??? |??? |??? |??? |??? |??? |
[Observer]Norman Lockyer_Observatory
[Country]United Kingdom 
[City]Sidmouth
[Longitude]003°1307 E
[Latitude ]050°4116 N
[Longitude GMAP]-3.21899950504303 
[Latitude GMAP]50.688298383408
[Frequencies]143.050 MHz
[Antenna]Quad Yagi
[Azimut Antenna]135
[Elevation Antenna]0
[Pre-Amplifier]None
[Receiver]ICOM IC-706 MKIIG
[Observing Method]HROFFT
[Remarks]winxp
[Soft FTP]Colorgramme RMOB Lab v 2.5
[E]lqlzb`Ilqdf|}azb`je|k'jfd
