aug| 00h| 01h| 02h| 03h| 04h| 05h| 06h| 07h| 08h| 09h| 10h| 11h| 12h| 13h| 14h| 15h| 16h| 17h| 18h| 19h| 20h| 21h| 22h| 23h|
 01| 112| 116| 128| 144| 139| 165| 176| 143| 121| 101|  93|  90| 101| 107| 122| 132| 112| 102|  98| 151| 113| 111| 128| 128|
 02| 118| 127| 162| 168| 181| 203| 223| 212| 252| 187| 180| 177| 116| 119|  97|  92|  79| 120| 105| 335| 244| 163| 155| 124|
 03| 146| 125| 213| 183| 303| 291| 381| 270| 240| 241| 188| 157| 199| 143| 169| 123| 128|  75|  90|  95| 163| 181| 121| 139|
 04| 147| 141| 150| 171| 240| 271| 343| 215| 229| 146| 232| 163| 157| 120| 168|  86| 104|  89| 127| 164| 111|  77| 170| 172|
 05| 159| 303| 269| 247| 301| 295| 329| 331| 253| 194| 269| 202| 211| 219| 147| 197| 194| 164| 151| 188| 250| 185| 158| 150|
 06| 163| 168| 167| 191| 260| 359| 358| 264| 231| 203| 197| 203| 210| 129| 130| 119| 128| 143| 168| 223| 186| 181| 129| 125|
 07| 149| 178| 159| 193| 238| 302| 289| 256| 250| 288| 274| 243| 244| 181| 168| 164| 179| 158| 252| 321| 258| 146| 136| 133|
 08| 145| 163| 177| 205| 259| 317| 323| 277| 256| 224| 263| 258| 237| 240| 228| 245| 223| 237| 194| 292| 216| 229| 177| 164|
 09| 169| 185| 191| 229| 312| 416| 365| 397| 300| 335| 269| 305| 274| 272| 245| 275| 451| 167| 217| 334| 238| 186| 186| 173|
 10| 228| 218| 229| 220| 314| 446| 531| 436| 410| 407| 397| 278| 373| 367| 234| 217| 216| 254| 270| 258| 298| 356| 209| 161|
 11| 146| 164| 172| 156| 238| 308| 316| 275| 290| 223| 197| 223| 330| 273| 212| 236| 284| 274| 382| 266| 173| 246| 452| 198|
 12| 196| 190| 187| 238| 291| 352| 359| 397| 392| 361| 237| 282| 244| 195| 439| 396| 194| 163| 168| 492| 140| 130| 126| 145|
 13| 156| 195| 178| 218| 238| 281| 305| 249| 250| 213| 174| 169| 157| 159| 127| 134| 149| 129| 131| 126| 126|  99| 111| 110|
 14| 135| 143| 158| 184| 256| 284| 254| 237| 254| 176| 210| 210| 152| 179| 168| 150| 148| 156| 132| 188| 130| 139| 132| 120|
 15| 115| 111| 128| 157| 199| 220| 187| 170| 185| 165| 137| 179| 153| 134| 147| 161| 126| 123| 124| 159| 127| 107|  97|  96|
 16| 107|  90| 141| 146| 171| 186| 201| 221| 187| 169| 203| 207| 155| 154| 107| 148| 130| 109| 106| 160| 132| 146| 107| 141|
 17| 115| 141| 127| 171| 298| 313| 340| 269| 230| 242| 263| 227| 167| 188| 169| 121| 152| 146| 140| 166| 147| 112| 126| 130|
 18| 109| 124| 133| 129| 229| 216| 249| 207| 225| 221| 228| 180| 138| 151| 122| 141| 141| 104| 117| 197| 140|  99|  84| 109|
 19| 139| 110| 121| 119| 227| 234| 273| 218| 182| 172| 172| 186| 185| 142| 136| 153| 105| 126| 110| 162| 162| 181| 129| 109|
 20| 122| 131| 130| 137| 180| 317| 286| 206| 296| 226| 200| 191| 213| 166| 140| 162| 154| 130| 119| 188| 191| 344| 199| 125|
 21| 238| 118| 419| 470| 521| 346| 125| 501| 542| 448| 479| 384| 535| 214| 213| 208| 340| 425| 446| 170| 219| 406| 418| 219|
 22| 400| 475| 461| 351| 367| 635| 243| 186| 260| 236| 151| 159| 160| 128| 136| 138| 115| 103|  93| 110| 114|  97|  83| 126|
 23| 105| 103| 113| 154| 186| 203| 265| 183| 277| 296| 290| 262| 185| 148| 124| 165| 165| 161| 109| 214| 142| 118| 165| 117|
 24| 109| 114| 138| 169| 190| 176| 235| 211| 187| 202| 230| 216| 191| 143| 128| 118| 147| 136| 136| 141| 129|  94|  98| 106|
 25| 103| 121| 120| 152| 222| 268| 228| 147| 157| 105| 114| 140| 121| 120| 149| 108|  90|  86|  92| 135|  96|  73|  80| 102|
 26| 102| 121| 116| 116| 172| 229| 173| 165| 155| 148| 133| 152| 161| 135| 110| 138| 111| 112| 123| 137| 127| 107|  93| 103|
 27| 101| 116| 116| 133| 113| 147| 192|??? |??? |??? | 112| 126| 117| 125| 109| 100|  96| 114| 108| 101| 107|  86| 105|  95|
 28|  82| 113| 125| 103| 110|??? |??? |??? |??? |??? |??? |??? |??? | 141| 174| 149| 150| 122| 155| 155| 134| 160| 111| 109|
 29| 115| 154| 136| 153| 212| 243| 231| 268| 233| 240| 221| 318| 213| 219| 166| 148| 108| 127| 150| 261| 134| 138| 118| 121|
 30| 153| 145| 141| 147| 200| 241| 321| 248| 247| 236| 268| 281| 319| 355| 329| 188| 161| 140| 139| 206| 124| 154| 112| 111|
 31| 126| 180| 156| 166| 228| 299| 400| 350| 406| 241| 241| 210| 241| 205| 217| 216| 158| 162| 143| 296| 229| 111| 129| 110|
[Observer]Lockyer_Observatory
[Country]United Kingdom 
[City]Sidmouth
[Longitude]003°1307
[Latitude]050°4116
[Frequencies]
[Antenna]Quad Yagi
[Azimut Antenna]135
[Elevation Antenna]0
[Pre-Amplifier]None
[Receiver]ICOM IC-706 MKIIG
[Observing Method]HROFFT10dB Count Datas
[Remarks]winxp
