aug| 00h| 01h| 02h| 03h| 04h| 05h| 06h| 07h| 08h| 09h| 10h| 11h| 12h| 13h| 14h| 15h| 16h| 17h| 18h| 19h| 20h| 21h| 22h| 23h|
 01|  30|  19|  23|  31|  38|  27|  29|  35|  15|  17|  18|  11|  20|  26|  15|  22|  20|  19|  18|  16|  17|  21|  29|  39|
 02|  30|  38|  36|  37|  49|  41|  37|  30|  36|  24|  15|  21|  17|  14|  15|  13|  8 |  27|  23|  23|  27|  27|  24|  38|
 03|  31|  30|  36|  44|  46|  45|  52|  46|  37|  32|  33|  23|  36|  27|  19|  22|  17|  21|  16|  11|  22|  23|  27|  35|
 04|  32|  31|  36|  32|  48|  29|  42|  42|  30|  18|  42|  22|  28|  25|  13|  20|  17|  21|  24|  17|  20|  20|  39|  34|
 05|  32|  50|  50|  51|  56|  68|  59|  53|  40|  26|  29|  31|  36|  30|  30|  21|  21|  27|  22|  25|  32|  30|  28|  40|
 06|  37|  35|  42|  55|  56|  59|  59|  49|  33|  42|  28|  27|  35|  24|  19|  17|  36|  30|  32|  30|  39|  31|  25|  29|
 07|  56|  42|  55|  40|  46|  62|  52|  60|  42|  33|  18|  23|  30|  15|  23|  23|  21|  24|  27|  40|  32|  26|  32|  41|
 08|  38|  50|  49|  51|  56|  48|  67|  70|  26|  37|  32|  36|  36|  25|  35|  25|  35|  39|  28|  16|  29|  32|  26|  32|
 09|  40|  35|  53|  43|  66|  86|  71|  56|  45|  39|  37|  35|  34|  38|  33|  24|  20|  31|  30|  20|  29|  20|  29|  34|
 10|  56|  38|  48|  64|  59|  74|  73|  80|  51|  49|  31|  37|  44|  38|  24|  22|  19|  20|  26|  26|  34|  26|  38|  34|
 11|  36|  36|  54|  47|  61|  55|  60|  58|  51|  28|  41|  40|  41|  36|  27|  32|  22|  33|  40|  27|  31|  40|  35|  55|
 12|  57|  64|  75|  96|  96|  98| 117|  87|  86|  73|  83|  96|  75|  45|  50|  50|  37|  34|  30|  23|  40|  27|  42|  42|
 13|  46|  81|  74|  88|  96|  97|  99|  83|  86|  50|  51|  46|  32|  31|  27|  23|  25|  28|  26|  43|  20|  21|  33|  26|
 14|  34|  39|  32|  45|  66|  60|  44|  63|  45|  40|  36|  29|  24|  34|  24|  28|  26|  23|  21|  19|  25|  28|  25|  31|
 15|  38|  30|  39|  47|  39|  39|  42|  40|  40|  27|  29|  27|  26|  27|  23|  24|  20|  22|  16|  20|  28|  21|  19|  22|
 16|  30|  25|  36|  36|  23|  43|  36|  38|  39|  21|  19|  32|  23|  12|  13|  24|  16|  22|  22|  16|  15|  19|  25|  29|
 17|  26|  37|  22|  33|  52|  30|  37|  29|  35|  21|  22|  24|  15|  20|  21|  15|  28|  24|  19|  14|  12|  19|  22|  21|
 18|  18|  30|  32|  25|  27|  42|  43|  28|  25|  19|  17|  16|  18|  26|  31|  14|  18|  30|  13|  13|  18|  18|  21|  22|
 19|  30|  28|  32|  28|  31|  27|  28|  38|  25|  23|  26|  29|  17|  26|  19|  23|  24|  20|  22|  23|  23|  19|  17|  14|
 20|  25|  39|  22|  36|  36|  37|  34|  25|  34|  22|  29|  18|  23|  19|  18|  33|  31|  26|  20|  24|  17|  15|  17|  19|
 21|  26|  25|  24|  53|  61| 208| 228|  35|  26|  18|  31| 270|  65|  30|  21|  23|  19|  38|  55| 344| 331|  25| 102|  25|
 22|  27|  27|  22|  23|  61|  34|  32|  26|  23|  19|  18|  23|  20|  11|  18|  23|  15|  16|  15|  19|  19|  22|  18|  25|
 23|  28|  29|  20|  30|  34|  23|  28|  30|  27|  27|  25|  14|  23|  18|  23|  25|  26|  24|  17|  22|  16|  21|  22|  27|
 24|  18|  29|  26|  37|  33|  23|  32|  38|  25|  26|  24|  20|  21|  22|  16|  17|  30|  19|  21|  22|  33|  16|  18|  19|
 25|  23|  31|  33|  31|  24|  28|  31|  24|  22|  23|  17|  24|  18|  26|  29|  12|  23|  16|  18|  22|  20|  10|  15|  24|
 26|  22|  20|  23|  33|  30|  34|  28|  29|  17|  18|  19|  22|  26|  26|  16|  18|  28|  19|  21|  20|  22|  20|  11|  23|
 27|  23|  26|  23|  27|  23|  38|  28|  0 |  0 |  0 |  27|  19|  28|  17|  22|  17|  20|  27|  21|  20|  9 |  22|  25|  18|
 28|  18|  19|  29|  27|  14|  0 |  0 |  0 |  0 |  0 |  0 |  0 |  0 |  22|  22|  19|  21|  26|  17|  22|  21|  32|  22|  22|
 29|  30|  31|  28|  28|  24|  23|  35|  27|  27|  26|  22|  31|  27|  25|  21|  21|  21|  21|  15|  18|  19|  14|  21|  21|
 30|  26|  30|  28|  29|  36|  37|  31|  36|  28|  20|  27|  22|  35|  19|  22|  30|  23|  20|  20|  24|  15|  16|  27|  24|
 31|  23|  34|  24|  32|  30|  35|  39|  36|  24|  32|  29|  29|  23|  30|  13|  18|  28|  22|  21|  11|  9 |  18|  15|  25|
[Observer]Lockyer_Observatory
[Country]United Kingdom 
[City]Sidmouth
[Longitude]003°1307
[Latitude]050°4116
[Frequencies]
[Antenna]Quad Yagi
[Azimut Antenna]135
[Elevation Antenna]0
[Pre-Amplifier]None
[Receiver]ICOM IC-706 MKIIG
[Observing Method]HROFFT20dB Count Datas
[Remarks]winxp
