aug| 00h| 01h| 02h| 03h| 04h| 05h| 06h| 07h| 08h| 09h| 10h| 11h| 12h| 13h| 14h| 15h| 16h| 17h| 18h| 19h| 20h| 21h| 22h| 23h|
 01|  11|  4 |  10|  3 |  26|  9 |  14|  10|  3 |  5 |  2 |  6 |  5 |  6 |  5 |  2 |  4 |  6 |  2 |  3 |  6 |  6 |  11|  6 |
 02|  18|  10|  21|  26|  49|  20|  6 |  15|  18|  9 |  27|  13|  5 |  7 |  2 |  7 |  0 |  10|  9 |  8 |  5 |  4 |  6 |  15|
 03|  28|  15|  21|  17|  44|  21|  18|  17|  9 |  13|  13|  11|  7 |  10|  2 |  9 |  3 |  8 |  1 |  1 |  10|  14|  7 |  9 |
 04|  9 |  9 |  15|  11|  37|  14|  27|  22|  15|  5 |  12|  6 |  7 |  13|  2 |  4 |  2 |  7 |  4 |  4 |  7 |  4 |  20|  9 |
 05|  24|  9 |  25|  33|  39|  32|  47|  32|  21|  11|  14|  10|  19|  17|  14|  5 |  4 |  6 |  2 |  8 |  8 |  6 |  8 |  12|
 06|  10|  21|  19|  26|  59|  27|  27|  26|  22|  15|  6 |  5 |  18|  22|  11|  6 |  6 |  9 |  13|  7 |  14|  16|  8 |  5 |
 07|  38|  21|  61|  18|  24|  39|  19|  27|  39|  9 |  6 |  11|  4 |  10|  9 |  4 |  2 |  10|  7 |  14|  9 |  17|  10|  44|
 08|  11|  16|  42|  33|  23|  46|  38|  64|  11|  39|  38|  13|  17|  37|  24|  6 |  13|  13|  9 |  7 |  4 |  18|  7 |  10|
 09|  41|  21|  97|  29|  73|  45|  56|  33|  12|  10|  22|  7 |  5 |  10|  5 |  6 |  4 |  3 |  7 |  4 |  14|  8 |  6 |  17|
 10|  25|  19|  36|  71|  30|  61|  42|  60|  54|  76|  3 |  19|  25|  21|  9 |  24|  4 |  10|  12|  14|  13|  12|  33|  17|
 11|  16|  11|  26|  64|  49|  60|  65|  67|  40|  21|  18|  27|  39|  13|  20|  27|  6 |  13|  11|  15|  33|  8 |  13|  47|
 12|  54|  44| 144| 149| 122| 102|  93|  70| 117|  64| 113| 202|  69|  30| 100|  45|  38|  29|  16|  22|  31|  11|  47|  81|
 13|  58|  74| 117| 113|  78| 121|  80|  63|  90|  58|  63|  53|  53|  26|  17|  2 |  8 |  26|  15|  31|  6 |  16|  31|  17|
 14|  22|  27|  51|  23|  78|  78|  27|  27|  33|  37|  25|  17|  21|  17|  2 |  5 |  4 |  4 |  4 |  3 |  15|  5 |  10|  9 |
 15|  11|  10|  69|  23|  32|  12|  41|  22|  16|  21|  9 |  20|  3 |  10|  7 |  11|  7 |  6 |  5 |  5 |  11|  8 |  9 |  16|
 16|  11|  15|  33|  13|  14|  10|  10|  19|  8 |  12|  12|  12|  8 |  2 |  27|  5 |  3 |  8 |  7 |  14|  4 |  12|  14|  10|
 17|  12|  20|  7 |  11|  20|  31|  8 |  6 |  12|  12|  8 |  18|  8 |  3 |  12|  4 |  6 |  7 |  4 |  5 |  1 |  11|  8 |  11|
 18|  7 |  18|  11|  9 |  23|  13|  13|  15|  10|  4 |  4 |  5 |  7 |  16|  6 |  7 |  3 |  7 |  2 |  4 |  9 |  1 |  7 |  3 |
 19|  9 |  20|  2 |  4 |  13|  14|  13|  7 |  14|  10|  18|  5 |  9 |  5 |  2 |  12|  7 |  5 |  7 |  2 |  8 |  16|  6 |  2 |
 20|  5 |  12|  5 |  19|  9 |  18|  14|  12|  6 |  4 |  8 |  7 |  6 |  19|  23|  5 |  5 |  8 |  4 |  5 |  4 |  2 |  2 |  4 |
 21|  2 |  10|  12|  11|  14|  18| 784|  25|  8 |  6 |  5 |  9 |  1 |  6 |  2 |  10|  6 |  10|  6 |  80|  64|  9 |  10|  4 |
 22|  2 |  6 |  8 |  5 |  8 |  22|  4 |  18|  3 |  5 |  6 |  6 |  6 |  3 |  4 |  12|  7 |  5 |  5 |  7 |  9 |  9 |  3 |  5 |
 23|  8 |  7 |  14|  5 |  7 |  5 |  5 |  10|  9 |  5 |  8 |  5 |  7 |  4 |  4 |  3 |  8 |  2 |  3 |  6 |  5 |  6 |  5 |  7 |
 24|  7 |  10|  13|  16|  5 |  8 |  7 |  7 |  3 |  9 |  5 |  6 |  3 |  6 |  9 |  3 |  8 |  3 |  10|  7 |  4 |  1 |  13|  6 |
 25|  14|  5 |  15|  2 |  9 |  11|  9 |  5 |  5 |  4 |  5 |  5 |  7 |  5 |  10|  2 |  10|  3 |  6 |  6 |  7 |  1 |  1 |  18|
 26|  4 |  1 |  21|  8 |  10|  5 |  3 |  8 |  12|  13|  7 |  5 |  5 |  8 |  2 |  1 |  10|  4 |  1 |  11|  6 |  5 |  0 |  10|
 27|  4 |  11|  9 |  6 |  2 |  17|  8 |  0 |  0 |  0 |  15|  2 |  7 |  2 |  15|  5 |  4 |  5 |  8 |  11|  3 |  4 |  6 |  10|
 28|  12|  19|  6 |  7 |  3 |  0 |  0 |  0 |  0 |  0 |  0 |  0 |  0 |  7 |  7 |  5 |  4 |  8 |  8 |  7 |  5 |  15|  3 |  2 |
 29|  5 |  7 |  7 |  9 |  13|  3 |  13|  3 |  8 |  3 |  5 |  7 |  25|  4 |  5 |  5 |  5 |  11|  5 |  2 |  2 |  5 |  5 |  3 |
 30|  15|  2 |  2 |  6 |  8 |  13|  9 |  9 |  6 |  2 |  3 |  9 |  6 |  5 |  6 |  7 |  7 |  7 |  5 |  2 |  4 |  5 |  8 |  3 |
 31|  9 |  16|  4 |  8 |  21|  8 |  12|  1 |  4 |  20|  10|  23|  3 |  10|  4 |  4 |  4 |  7 |  2 |  4 |  7 |  9 |  0 |  7 |
[Observer]Lockyer_Observatory
[Country]United Kingdom 
[City]Sidmouth
[Longitude]003°1307
[Latitude]050°4116
[Frequencies]
[Antenna]Quad Yagi
[Azimut Antenna]135
[Elevation Antenna]0
[Pre-Amplifier]None
[Receiver]ICOM IC-706 MKIIG
[Observing Method]HROFFT30dB Length Datas
[Remarks]winxp
