nov| 00h| 01h| 02h| 03h| 04h| 05h| 06h| 07h| 08h| 09h| 10h| 11h| 12h| 13h| 14h| 15h| 16h| 17h| 18h| 19h| 20h| 21h| 22h| 23h|
 01|  12|  16|  30|  32|  27|  21|  25|  21|  19|  24|  29|  26|  18|  19|  25|  22|  16|  18|  19|  18|  34|  31| 135|  15|
 02|  13|  23|  16|  26|  23|  20|  25|  16|  33|  25|  15|  23|  26|  18|  20|  17|  19|  9 |  21|  30|  23|  21|  13|  15|
 03|  11|  14|  18|  29|  36|  27|  34|  26|  31|  19|  19|  16|  21|  16|  28|  24|  19|  27|  24|  14|  18|  19|  18|  14|
 04|  21|  21|  15|  27|  19|  32|  31|  31|  26|  14|  24|  17|  17|  9 |  21|  17|  18|  11|  22|  18|  27|  15|  13|  11|
 05|  24|  13|  22|  15|  27|  25|  28|  28|  26|  34|  17|  19|  18|  19|  12|  14|  26|  10|  26|  18|  17|  13|  14|  17|
 06|  11|  19|  17|  27|  25|  19|  28|  26|  15|  19|  20|  21|  14|  20|  15|  19|  19|  24|  22|  14|  22|  17|  14|  10|
 07|  21|  18|  13|  21|  19|  18|  25|  34|  26|  29|  21|  15|  18|  11|  11|  9 |  19|  28|  28|  16|  23|  23|  11|  12|
 08|  11|  19|  20|  15|  19|  33|  12|  20|  21|  21|  16|  15|  14|  19|  27|  12|  17|  21|  15|  17|  22|  23|  16|  8 |
 09|  15|  12|  16|  15|  31|  26|  27|  23|  17|  24|  16|  19|  19|  24|  28|  22|  21|  17|  27|  21|  22|  15|  7 |  13|
 10|  12|  27|  7 |  0 |  0 |  12|  42|  24|  41|  26|  26|  23|  26|  7 |  22|  19|  23|  26|  27|  20|  31|  22|  18|  17|
 11|  17|  24|  23|  26|  35|  32|  34|  35|  24|  19|  18|  22|  20|  41|  19|  20|  13|  25|  24|  18|  32|  16|  19|  13|
 12|  17|  16|  21|  32|  30|  25|  21|  24|  24|  21|  30|  29|  23|  22|  20|  20|  19|  19|  19|  14|  24|  20|  16|  18|
 13|  15|  22|  25|  30|  30|  22|  26|  30|  29|  34|  26|  27|  28|  27|  23|  19|  26|  20|  18|  21|  23|  20|  9 |  15|
 14|  22|  25|  22|  24|  35|  21|  35|  24|  24|  25|  26|  19|  26|  20|  23|  23|  17|  21|  23|  15|  19|  18|  16|  20|
 15|  17|  15|  17|  19|  27|  23|  24|  26|  28|  21|  27|  21|  21|  29|  16|  23|  18|  0 |  6 |  2 |  2 |  0 |  2 |  0 |
 16|  0 |  0 |  0 |  0 |  0 |  0 |  0 |  0 |  0 |  0 |  0 |  0 |  2 |  0 |  0 |  0 |  0 |  0 |  0 |  0 |  0 |  0 |  0 |  0 |
 17|  0 |  0 |  0 |  0 |  0 |  0 |  0 |  0 |  0 |  0 |  0 |  0 |  0 |  0 |  0 |  0 |  0 |  0 |  2 |  0 |  0 |  0 |  0 |  0 |
 18|  0 |  0 |  0 |  0 |  0 |  0 |  0 |  0 |  0 |  0 |  14|  9 |  22|  17|  16|  11|  9 |  9 |  21|  19|  21|  16|  21|  16|
 19|  21|  17|  26|  19|  40|  42|  20|  32|  19|  25|  26|  12|  23|  21|  19|  20|  19|  13|  20|  23|  15|  29|  14|  15|
 20|  31|  23|  34|  30|  39|  32|  30|  34|  44|  44|  37|  31|  29|  30|  39|  20|  29|  22|  25|  23|  39|  25|  17|  15|
 21|  21|  27|  29|  37|  42|  0 |  0 |  0 |  25|  21|  9 |  15|  29|  22|  22|  22|  27|  18|  18|  30|  33|  36|  16|  24|
 22|  22|  31|  43|  26|  24|  30|  38|  33|  27|  47|  33|  23|  27|  27|  24|  24|  24|  25|  21|  31|  24|  18|  19|  16|
 23|  14|  25|  17|  22|  11|  23|  26|  28|  19|  26|  29|  32|  24|  31|  24|  25|  13|  26|  21|  27|  32|  19|  10|  18|
 24|  24|  18|  18|  17|  23|  35|  18|  24|  22|  23|  19|  20|  12|  28|  23|  18|  17|  21|  5 |  0 |  0 |  0 |  0 |  0 |
 25|  0 |  0 |  0 |  0 |  0 |  0 |  0 |  0 |  0 |  0 |  0 |  0 |  0 |  0 |  0 |  0 |  0 |  0 |  0 |  0 |  0 |  0 |  0 |  12|
 26|  17|  20|  24|  30|  37|  32|  32|  36|  35|  26|  33|  28|  30|  17|  28|  28|  23|  24|  35|  25|  20|  23|  18|  17|
 27|  18|  23|  21|  20|  22|  25|  30|  24|  24|  29|  20|  20|  33|  14|  21|  18|  20|  13|  17|  21|  22|  17|  14|  10|
 28|  12|  13|  20|  28|  32|  29|  28|  22|  10|  23|  22|  12|  14|  20|  20|  16|  13|  13|  18|  20|  17|  15|  16|  33|
 29| 155| 191| 162| 154| 216| 198| 199| 155|  48|  35|  33|  27|  15|  8 |  6 |  1 |  2 |  5 |  4 |  2 |  5 |  3 |  2 |  3 |
 30|  0 |  3 |  2 |  7 |  3 |  5 |  4 |  3 |  3 |  4 |  5 |  6 |  6 |  1 |  3 |  4 |  2 |  7 |  1 |  4 |  5 |  2 |  1 |  5 |
 31|??? |??? |??? |??? |??? |??? |??? |??? |??? |??? |??? |??? |??? |??? |??? |??? |??? |??? |??? |??? |??? |??? |??? |??? |
[Observer]Lockyer_Observatory
[Country]United Kingdom 
[City]Sidmouth
[Longitude]003°1307
[Latitude]050°4116
[Frequencies]
[Antenna]Quad Yagi
[Azimut Antenna]135
[Elevation Antenna]0
[Pre-Amplifier]None
[Receiver]ICOM IC-706 MKIIG
[Observing Method]HROFFT20dB Count Datas
[Remarks]winxp
