apr| 00h| 01h| 02h| 03h| 04h| 05h| 06h| 07h| 08h| 09h| 10h| 11h| 12h| 13h| 14h| 15h| 16h| 17h| 18h| 19h| 20h| 21h| 22h| 23h|
 01|  7 |  15|  11|  9 |  8 |  9 |  12|  7 |  10|  16|  13|  8 |  14|  8 |  9 |  5 |  9 |  7 |  6 |  3 |  10|  5 |  2 |  5 |
 02|  7 |  13|  8 |  15|  9 |  7 |  15|  6 |  17|  9 |  10|  9 |  15|  10|  5 |  9 |  7 |  11|  4 |  7 |  2 |  6 |  7 |  14|
 03|  11|  5 |  9 |  14|  9 |  11|  10|  10|  11|  9 |  11|  13|  7 |  5 |  7 |  8 |  8 |  7 |  3 |  1 |  5 |  7 |  4 |  10|
 04|  13|  11|  13|  9 |  11|  5 |  14|  10|  7 |  13|  23|  16|  13|  7 |  2 |  9 |  2 |  1 |  1 |  2 |  3 |  4 |  9 |  3 |
 05|  10|  6 |  4 |  9 |  3 |  5 |  6 |  6 |  8 |  7 |  5 |  10|  5 |  4 |  5 |  10|  7 |  7 |  9 |  1 |  10|  11|  15|  9 |
 06|  12|  14|  16|  14|  8 |  14|  15|  7 |  0 |  0 |  0 |  5 |  24|  11|  10|  7 |  8 |  7 |  7 |  6 |  3 |  5 |  5 |  10|
 07|  8 |  11|  11|  10|  17|  10|  13|  12|  19|  10|  9 |  12|  10|  12|  6 |  2 |  3 |  4 |  3 |  5 |  2 |  6 |  6 |  8 |
 08|  9 |  9 |  10|  13|  13|  6 |  14|  7 |  11|  10|  9 |  9 |  17|  9 |  10|  3 |  3 |  2 |  8 |  3 |  6 |  4 |  5 |  14|
 09|  9 |  10|  7 |  10|  10|  13|  6 |  16|  8 |  9 |  19|  12|  18|  14|  4 |  11|  9 |  6 |  6 |  6 |  9 |  11|  9 |  21|
 10|  11|  21|  23|  15|  15|  14|  8 |  8 |  7 |  18|  8 |  19|  15|  12|  8 |  6 |  9 |  6 |  2 |  4 |  2 |  2 |  8 |  11|
 11|  10|  17|  12|  12|  11|  17|  18|  12|  22|  11|  13|  11|  9 |  16|  10|  3 |  4 |  5 |  2 |  4 |  7 |  8 |  9 |  15|
 12|  14|  9 |  9 |  4 |  7 |  6 |  8 |  11|  5 |  14|  17|  16|  14|  11|  9 |  11|  7 |  5 |  7 |  2 |  1 |  6 |  8 |  10|
 13|  4 |  9 |  9 |  8 |  13|  14|  11|  7 |  6 |  11|  18|  13|  8 |  8 |  9 |  4 |  3 |  0 |  4 |  3 |  2 |  2 |  4 |  12|
 14|  14|  10|  9 |  13|  7 |  8 |  8 |  4 |  5 |  6 |  12|  8 |  5 |  4 |  0 |  0 |  0 |  0 |  0 |  0 |  0 |  0 |  0 |  0 |
 15|  0 |  0 |  0 |  0 |  0 |  0 |  0 |  0 |  0 |  0 |  0 |  0 |  0 |  0 |  0 |  0 |  0 |  0 |  0 |  0 |  0 |  5 |  9 |  9 |
 16|  1 |  10|  8 |  5 |  6 |  4 |  8 |  10|  8 |  6 |  7 |  7 |  2 |  8 |  5 |  4 |  4 |  4 |  3 |  5 |  1 |  0 |  0 |  0 |
 17|  0 |  0 |  0 |  0 |  0 |  0 |  0 |  0 |  0 |  0 |  0 |  0 |  0 |  0 |  0 |  0 |  0 |  8 |  3 |  1 |  3 |  3 |  6 |  10|
 18|  6 |  8 |  6 |  1 |  3 |  5 |  6 |  4 |  2 |  2 |  3 |  5 |  8 |  8 |  1 |  2 |  2 |  1 |  1 |  1 |  2 |  5 |  4 |  2 |
 19|  3 |  5 |  4 |  8 |  7 |  7 |  3 |  7 |  5 |  5 |  9 |  6 |  10|  6 |  2 |  1 |  4 |  1 |  1 |  1 |  1 |  4 |  5 |  4 |
 20|  1 |  6 |  5 |  1 |  3 |  3 |  9 |  3 |  1 |  7 |  9 |  5 |  4 |  12|  5 |  1 |  3 |  4 |  4 |  0 |  4 |  1 |  4 |  1 |
 21|  2 |  5 |  3 |  6 |  3 |  4 |  10|  6 |  15|  9 |  8 |  9 |  6 |  4 |  2 |  1 |  10|  3 |  5 |  4 |  5 |  7 |  10|  13|
 22|  25|  31|  35|  38|  46|  70|  79|  57|  58|  38|  56|  20|  33|  28|  29|  22|  14|  10|  21|  10|  9 |  11|  12|  13|
 23|  25|  6 |  26|  10|  40|  32|  26|  57|  80| 157| 144|  1 |  1 |  1 |  1 |  0 |  0 |  2 |  2 |  0 |  0 |  2 |  1 |  1 |
 24|  1 |  2 |  3 |  1 |  3 |  4 |  2 |  3 |  5 |  1 |  2 |  2 |  1 |  2 |  0 |  2 |  0 |  4 |  0 |  0 |  3 |  1 |  1 |  1 |
 25|  1 |  2 |  1 |  1 |  4 |  2 |  2 |  5 |  2 |  1 |  5 |  6 |  4 |  5 |  2 |  3 |  1 |  1 |  3 |  0 |  1 |  2 |  2 |  4 |
 26|  1 |  3 |  1 |  1 |  2 |  1 |  2 |  1 |  6 |  1 |  4 |  7 |  9 |  15|  8 |  11|  4 |  3 |  2 |  2 |  1 |  1 |  0 |  4 |
 27|  3 |  2 |  7 |  6 |  9 |  10|  10|  8 |  10|  6 |  11|  8 |  8 |  11|  4 |  4 |  4 |  0 |  4 |  5 |  1 |  8 |  8 |  12|
 28|  9 |  8 |  18|  8 |  17|  9 |  14|  10|  9 |  17|  26|  56|  60|  4 |  1 |  1 |  2 |  3 |  1 |  0 |  3 |  1 |  1 |  1 |
 29|  0 |  1 |  2 |  0 |  0 |  0 |  0 |  0 |  0 |  0 |  0 |  0 |  1 |  4 |  1 |  2 |  1 |  4 |  2 |  1 |  1 |  1 |  1 |  2 |
 30|  1 |  2 |  1 |  1 |  7 |  2 |  1 |  7 |  0 |  2 |  3 |  5 |  4 |  3 |  4 |  0 |  3 |  3 |  0 |  1 |  0 |  2 |  2 |  1 |
 31|??? |??? |??? |??? |??? |??? |??? |??? |??? |??? |??? |??? |??? |??? |??? |??? |??? |??? |??? |??? |??? |??? |??? |??? |
[Observer]Lockyer_Observatory
[Country]United Kingdom 
[City]Sidmouth
[Longitude]003°1307
[Latitude]050°4116
[Frequencies]
[Antenna]Quad Yagi
[Azimut Antenna]135
[Elevation Antenna]0
[Pre-Amplifier]None
[Receiver]ICOM IC-706 MKIIG
[Observing Method]HROFFT20dB Count Datas
[Remarks]winxp
