may| 00h| 01h| 02h| 03h| 04h| 05h| 06h| 07h| 08h| 09h| 10h| 11h| 12h| 13h| 14h| 15h| 16h| 17h| 18h| 19h| 20h| 21h| 22h| 23h|
 01|2566| 827| 544| 167| 501| 181|3275|2889|2266| 253|1405|  47|2338|1514|2155|2392|2376| 201|1143|1825|3531| 333|  93| 122|
 02| 308|  94|2599|3600|3600|3600|3600|3600|3600|3600|3600|3585|3600|3600|3590|3600|3600|3599|2687|  86|  86|  28|  40|  94|
 03| 498| 782|1315| 853| 760| 925|2671|3600|3600|3600|3422|3594|3239| 907|2108|1111| 143| 193| 986| 706| 144|  91|  97| 119|
 04|  88|  84|  88| 174| 272| 155| 304| 291| 271| 851| 285| 192| 219| 159| 158|  80|1440| 985| 312| 108|  29|  15|  7 |  5 |
 05|  21|  45|  54|  81| 121| 154| 199| 214| 287| 315| 613| 257| 416| 212| 222|  56|  27|  38|  23|  36|  65| 242| 148|  53|
 06|  58| 712| 123| 383| 493| 424| 487| 498| 594| 803|1991|2915| 313| 278| 116| 615| 470|  12|  18|  26|  18|  24|  42|  38|
 07|  57|  47| 107|  98| 208| 176| 196| 252| 172| 112| 120| 110|  69|  52|  34| 570|1147|1007| 703| 212| 161| 201| 197|  96|
 08| 111| 348| 143| 479| 212| 911| 734| 396| 408| 252| 262| 696| 167| 361|  66| 600| 481|  54|  29|  32|  14| 115| 101|  67|
 09| 117| 142|  68|  33| 163|  73|  98| 116| 175| 162| 225| 528| 235|  65|  51|  27|  28|  24|  18|  24|  22|  19|  42|  35|
 10|  37|  48|  35|  70|  56|  53|  82|  56|  45|  87|  71|  36|  76|  54|  0 |  0 |  0 |  0 |  0 |  0 |  0 |  0 |  0 |  0 |
 11|  0 |  0 |  0 |  0 |  0 |  0 |  0 |  0 |  0 |  0 |  0 |  0 |  0 |  0 |  0 |  0 |  0 |  0 |  37|  49|  39|  32|  47|  37|
 12|  37|  41|  80|  68| 319| 306| 287| 285| 446| 281| 460| 240| 568| 189| 239| 461| 301| 157| 188|  39|  41|  43|  39|  53|
 13|  96|  36|  65| 125| 296|  95| 185| 222| 266| 132| 173| 101| 184| 147| 191|  68|  37|  26|  36|  28|  40|  34|  42|  51|
 14|  75|  77|  56|  96| 135| 108| 126|  88|  62|  81|  85| 113|  97|  96|  64|  58|  34|  41|  46|  57|  42|  42|  57|  65|
 15|  47|  69|  60|  66| 100| 119| 117| 160| 189| 165| 217| 199| 116| 310|  96| 434| 295| 709| 327| 205| 104| 136| 146| 130|
 16| 233| 324| 150| 454| 108| 594|  54|  59|  70|  47|  78|  80|  72|  72|  43|  40|  23|  28|  15|  39|  28|  39|  42|  49|
 17|  49|  51|  49|  70|  69|  78| 374|  82| 182| 122| 110| 395| 172| 207|  63|  39|  24|  25|  27| 120| 215|  47|  56|  48|
 18|  46|  53|  69|  72|  92|  88|  65|  65|  56|  85| 132|  91|  80|  68|  40|  41|  37|  30|  15|  33|  24|  27|  27|  40|
 19|  50|  73|  50|  62|  58|  70|  58|  70|  81|  70|  52|  97| 194| 529| 101| 131|  55|  25|  23|  35|  41|  78|  68|  52|
 20|  50|  71|  98|  72|  71|  85| 242| 533| 340| 318| 366|  53|  30|  25|  28|  17|  13|  30|  17|  14|  25|  35|  21|  17|
 21|  22|  36|  49|  44|  45|  55|  52|  47|  41|  34|  31|  32|  53|  15|  40|  20|  17|  27|  24|  31|  16|  24|  17|  52|
 22|  26|  30|  29|  32|  36|  39|  31|  38|  26|  27|  38|  31|  33|  24|  18|  22|  24|  19|  55|  44|  22|  17|  19|  29|
 23|  51|  15|  18|  26|  27|  53|  38|  97| 146|  55|  73|  53|  96|  52| 100|  52|  25|  52|  17|  15|  18|  18|  25|  23|
 24|  25|  39|  24|  42|  39|  95|  51|  44|  45|  47| 427|1046| 760|1247| 280|1823| 248| 136| 396|  24|  9 |  69|  66|  81|
 25|  83| 367| 191| 545| 171|1256|1703|1744|2956|1510|1963| 550| 176| 239|  76| 243|  90|  32|  69| 588| 823| 171|  92|  36|
 26|  25|  37|  42|  95|  93|1065|1512|1145| 987|1163| 946|1863|2853| 295|  36|  26|  22|  47|  26|  15|  0 |  0 |  0 |  0 |
 27|  59|  70|  65|  74| 163| 210| 883| 337| 398| 606| 285| 375| 318| 337| 837| 826|1283| 374| 190| 143| 111| 304| 605| 638|
 28| 446| 696| 380|1147| 963| 761| 561| 653| 404| 255| 211| 479| 571| 445| 711| 566| 477| 797| 638| 186| 205| 199| 197| 280|
 29| 359| 682| 807| 478|1558| 737| 987| 549| 473| 238| 474| 359| 844| 203|1086| 683| 734| 656| 531| 129| 213| 176| 195| 174|
 30| 451| 162| 765| 188|1277| 731| 727| 529| 288| 241| 641| 426|1230| 325|1315| 603| 876| 995| 187| 219| 206| 150| 320| 606|
 31| 998| 654|1617|1299|2291|2192|2812|2649|2254|1754|1307| 758|1501| 307| 643| 244| 109| 165| 319| 382|  73|  27|  13|  17|
[Observer]Lockyer_Observatory
[Country]United Kingdom 
[City]Sidmouth
[Longitude]003°1307
[Latitude]050°4116
[Frequencies]
[Antenna]Quad Yagi
[Azimut Antenna]135
[Elevation Antenna]0
[Pre-Amplifier]None
[Receiver]ICOM IC-706 MKIIG
[Observing Method]HROFFT10dB Length Datas
[Remarks]winxp
