jul| 00h| 01h| 02h| 03h| 04h| 05h| 06h| 07h| 08h| 09h| 10h| 11h| 12h| 13h| 14h| 15h| 16h| 17h| 18h| 19h| 20h| 21h| 22h| 23h|
 01| 145| 169| 132| 192| 266| 361| 353| 331| 228| 172| 177| 245| 223| 183| 178| 221| 189| 156| 128| 214| 224| 236| 165| 150|
 02| 283| 187| 290| 545|1119|1020|1942|1452|2324| 415| 284| 328| 372| 256| 244| 365| 216| 209| 264| 289| 322| 347| 226| 193|
 03| 226| 180| 215| 329| 376| 395| 489| 356| 496| 253| 258| 334| 285| 269| 314| 247| 189| 136| 178| 332| 196| 161| 195| 207|
 04| 181| 172| 175| 216| 351| 375| 502| 364| 362| 303| 349| 262| 235| 275| 198| 332| 185| 201| 165| 318| 229| 158| 189| 195|
 05| 163| 126| 148| 226| 183| 322| 311| 266| 305| 243| 249| 295| 210| 311| 253| 251| 184| 244| 523| 177| 230| 273| 145| 166|
 06| 534| 411| 536| 266| 437| 595| 533| 380| 303| 497| 514| 355| 566| 647|1373| 637|1221|2019| 823|1176| 595| 223|2091|2088|
 07| 596| 303| 553| 188| 520| 606| 497| 507| 655| 224| 256| 216| 210| 191| 174| 127| 143|  91|  38| 130| 148| 116| 118| 134|
 08| 138| 119| 131| 313|1234|1965|1408| 998| 671| 954| 662| 290| 218| 112| 114|  98|  87|  78|  73|  97|  92| 122| 107| 124|
 09| 127| 144|1721|2885|1754|1334| 835| 392| 348| 227| 242| 227| 206|  93| 132| 121|  83|  93|  87|  86| 153| 112| 134| 131|
 10| 100| 145| 159| 184| 200| 224| 622|1490| 246| 172| 191| 212| 187| 185| 125| 107|  86|  73|  54| 104| 102| 137| 290|3550|
 11|3450|1339|2041|1739|2176|1546|3370|3278|2775|3217|2956|2308|1424| 551| 199| 159| 256|2084| 892|1081|2155|2304|1880|1815|
 12|1459|2564|2091|3499|2335|1060|2157|2013|3365|3514|3599|3293| 904| 244| 205| 204| 241| 185| 157| 369| 415| 862| 808| 320|
 13| 278| 203| 181| 406| 488|1542| 836| 880| 180| 148| 141| 131| 132| 143| 148| 150| 107| 100|  89| 170| 110| 113| 152| 165|
 14| 146| 130| 183| 392| 403| 537| 513| 367| 337| 336| 278| 210| 208| 187| 224| 156| 125| 149| 102|  93| 102| 191| 121| 119|
 15| 160| 167| 222| 208| 269| 316| 372| 260| 264| 208| 187| 243| 254| 227| 194| 184| 155| 188| 440| 328| 170| 111| 133| 292|
 16| 230| 799| 995| 584|1018| 738| 454| 471| 452| 393| 252| 161| 165| 114| 118|  84| 104|  94|1337|2825|1811| 499|2691|3583|
 17|2918| 493| 170| 226| 275| 308| 359| 263| 222| 175| 252| 131| 176| 178| 119| 133|  90| 127| 114| 112| 106| 123| 110| 110|
 18| 174| 157| 168| 189| 226| 222| 196| 181| 179| 137| 127| 139| 112| 124| 116|  92|  97|  83|  69|  60|  71| 109|  90| 128|
 19| 149| 140| 183| 168| 208| 354| 305| 242| 180| 149| 174| 113| 143| 142| 171| 135| 206| 148|  99| 232| 272| 214| 335| 224|
 20| 179| 150| 160| 152| 317| 398| 392| 344| 337| 236| 231| 184| 170| 124| 108| 166| 116| 157| 147| 255| 239| 203| 246| 241|
 21| 200| 194| 166| 259| 260| 304| 296| 229| 240| 227| 151| 159| 199| 167| 141| 118| 118|  65|  54|  53| 101| 126| 120| 107|
 22| 132| 146| 122| 132| 163| 160| 174| 145| 117| 102| 129|  79|  65|  78|  47|  63|  50|  62|  65|  79|  63|  85| 104| 125|
 23| 139| 167| 163| 143| 185| 184| 181| 189| 153|  89|  74|  78|  68|  55|  83|  67|  69|  62|  58|  55|  43|  71| 128|  93|
 24|  99| 123| 148| 143| 156| 170| 147| 140| 130|  90| 110| 106| 104|  80|  63|  75|  82|  86|  70|  85|  68| 102| 106|  97|
 25| 142| 147| 150| 216| 166| 186| 211| 187| 154| 131| 114| 102| 107|  99| 111|  74|  74|  80|  98| 117| 106|  93| 113| 183|
 26| 162| 151| 163| 149| 183| 191| 172| 135| 181| 142| 153| 130| 122|  76|  98|  96|  70| 115| 112| 149| 120| 112| 116| 168|
 27| 162| 181| 248| 223| 255| 250| 315| 219| 147| 145|  99|  83| 126| 118| 100| 109| 122| 121| 127| 107| 153| 113| 123| 157|
 28| 155| 147| 133| 157| 268| 170| 148| 137| 134|  85| 103| 111|  74|  82| 118| 158| 164| 463| 191| 206| 171| 184| 121| 143|
 29| 158| 178| 159| 170| 233| 176| 255| 228| 204| 216| 193| 129| 137| 149| 147| 166|  97| 145| 126| 166| 152| 176| 100| 166|
 30| 144| 168| 217| 161| 193| 225| 217| 191| 167| 124| 122| 103| 105| 112|  99| 104|  95| 115|  74| 109|  85| 123| 113| 185|
 31| 131| 132| 150| 152| 229| 275| 231| 230| 241| 132| 198|  95| 119| 144| 165| 122| 107| 148| 151| 203| 123| 140| 111| 133|
[Observer]Lockyer_Observatory
[Country]United Kingdom 
[City]Sidmouth
[Longitude]003°1307
[Latitude]050°4116
[Frequencies]
[Antenna]Quad Yagi
[Azimut Antenna]135
[Elevation Antenna]0
[Pre-Amplifier]None
[Receiver]ICOM IC-706 MKIIG
[Observing Method]HROFFT10dB Length Datas
[Remarks]winxp
