may| 00h| 01h| 02h| 03h| 04h| 05h| 06h| 07h| 08h| 09h| 10h| 11h| 12h| 13h| 14h| 15h| 16h| 17h| 18h| 19h| 20h| 21h| 22h| 23h|
 01|  1 |  7 |  3 |  2 |  6 |  3 |  13|  2 |  6 |  4 |  10|  14|  19|  5 |  2 |  35| 218|  3 |  1 |  7 |  19|  4 |  6 |  5 |
 02|  4 |  8 |  70|  22|  66|  17| 194| 208|  37|  50| 150|  23| 115|  25|  73|  51|  16|  81|  13|  1 |  3 |  4 |  11|  5 |
 03|  11|  4 |  13|  10|  5 |  20|  37| 123|  44|  32|  23|  20|  82|  12|  20|  17|  8 |  11|  9 |  3 |  6 |  8 |  10|  26|
 04|  18|  5 |  26|  32|  48|  19| 113|  59|  58|  44|  23|  11|  18|  15|  11|  10|  30|  5 |  5 |  1 |  3 |  1 |  0 |  1 |
 05|  8 |  6 |  12|  22|  22|  55|  57|  92| 130| 142| 163|  41|  49|  29|  10|  5 |  9 |  5 |  4 |  3 |  10|  4 |  5 |  10|
 06|  11|  11|  30| 200| 246| 185| 154| 233| 230| 205| 172|  77| 137|  17|  9 |  7 |  11|  4 |  0 |  9 |  2 |  2 |  7 |  7 |
 07|  7 |  9 |  54|  34|  92|  44|  89| 133|  49|  20|  31|  35|  21|  14|  7 |  4 |  7 |  8 |  5 |  2 |  9 |  4 |  9 |  18|
 08|  10|  29|  16|  43|  23|  16|  24|  76|  39|  77|  44| 118|  21|  13|  11|  4 |  6 |  5 |  5 |  6 |  3 |  6 |  5 |  9 |
 09|  14|  9 |  19|  5 |  60|  20|  21|  40|  60|  29|  39|  21|  23|  10|  9 |  7 |  5 |  6 |  2 |  4 |  5 |  4 |  12|  10|
 10|  4 |  10|  8 |  27|  10|  10|  25|  18|  7 |  21|  14|  6 |  16|  13|  0 |  0 |  0 |  0 |  0 |  0 |  0 |  0 |  0 |  0 |
 11|  0 |  0 |  0 |  0 |  0 |  0 |  0 |  0 |  0 |  0 |  0 |  0 |  0 |  0 |  0 |  0 |  0 |  0 |  12|  7 |  5 |  6 |  6 |  10|
 12|  5 |  5 |  7 |  10|  9 |  8 |  9 |  18|  19|  17|  25|  33|  17|  14|  10|  12|  8 |  4 |  4 |  1 |  2 |  5 |  7 |  10|
 13|  6 |  4 |  15|  10|  14|  11|  25|  20|  19|  12|  8 |  13|  10|  11|  5 |  8 |  6 |  6 |  9 |  8 |  5 |  6 |  12|  11|
 14|  7 |  15|  6 |  18|  16|  15|  10|  13|  11|  18|  21|  20|  24|  20|  14|  13|  5 |  9 |  6 |  3 |  8 |  7 |  12|  16|
 15|  13|  11|  9 |  9 |  25|  17|  22|  15|  26|  7 |  36|  19|  24|  12|  20|  12|  8 |  6 |  2 |  5 |  11|  9 |  10|  8 |
 16|  10|  12|  13|  11|  15|  9 |  7 |  8 |  8 |  7 |  14|  15|  15|  19|  10|  8 |  8 |  5 |  0 |  1 |  2 |  6 |  7 |  8 |
 17|  12|  10|  12|  11|  17|  18|  10|  8 |  10|  11|  16|  11|  13|  18|  14|  5 |  6 |  5 |  6 |  30|  89|  7 |  11|  9 |
 18|  9 |  16|  20|  17|  35|  24|  11|  14|  11|  15|  60|  23|  19|  14|  10|  6 |  8 |  8 |  1 |  6 |  7 |  4 |  2 |  12|
 19|  8 |  12|  3 |  16|  16|  17|  11|  10|  27|  14|  10|  30|  11|  13|  11|  10|  11|  3 |  0 |  5 |  5 |  8 |  4 |  9 |
 20|  7 |  12|  21|  17|  11|  13|  13|  8 |  5 |  14|  8 |  7 |  7 |  3 |  8 |  2 |  0 |  1 |  4 |  1 |  3 |  5 |  5 |  4 |
 21|  3 |  15|  4 |  2 |  6 |  7 |  10|  3 |  2 |  7 |  6 |  1 |  16|  2 |  8 |  3 |  3 |  3 |  0 |  6 |  3 |  5 |  3 |  21|
 22|  4 |  8 |  7 |  2 |  9 |  8 |  1 |  10|  3 |  1 |  4 |  5 |  8 |  6 |  4 |  4 |  3 |  4 |  11|  6 |  4 |  1 |  4 |  8 |
 23|  6 |  2 |  2 |  2 |  4 |  7 |  12|  14|  3 |  6 |  7 |  4 |  4 |  5 |  4 |  4 |  0 |  2 |  6 |  0 |  3 |  3 |  8 |  4 |
 24|  1 |  4 |  4 |  5 |  6 |  24|  8 |  7 |  10|  11|  10|  11|  8 |  13|  7 |  6 |  7 |  2 |  1 |  6 |  2 |  14|  13|  8 |
 25|  22|  14|  10|  13|  12|  21|  14|  9 |  4 |  16|  17|  26|  21|  12|  13|  11|  3 |  7 |  7 |  5 |  0 |  2 |  2 |  4 |
 26|  2 |  5 |  7 |  8 |  9 |  9 |  7 |  6 |  11|  1 |  12|  5 |  4 |  5 |  8 |  7 |  3 |  4 |  8 |  1 |  0 |  0 |  0 |  0 |
 27|  9 |  20|  14|  11|  25|  19|  15|  6 |  8 |  9 |  13|  5 |  9 |  7 |  7 |  11|  7 |  4 |  4 |  4 |  3 |  10|  9 |  12|
 28|  15|  22|  20|  22|  21|  19|  29|  20|  12|  10|  18|  19|  13|  8 |  14|  11|  11|  17|  5 |  8 |  14|  11|  14|  16|
 29|  14|  28|  26|  17|  28|  16|  25|  2 |  0 |  0 |  12|  13|  4 |  12|  6 |  3 |  15|  6 |  7 |  6 |  8 |  8 |  11|  12|
 30|  4 |  7 |  4 |  16|  9 |  25|  20|  20|  15|  10|  9 |  15|  10|  9 |  11|  4 |  10|  4 |  7 |  6 |  11|  10|  15|  15|
 31|  15|  13|  19|  25|  19|  23|  24|  20|  31|  23|  20|  14|  16|  17|  30|  10|  8 |  9 |  8 |  8 |  4 |  1 |  1 |  1 |
[Observer]Lockyer_Observatory
[Country]United Kingdom 
[City]Sidmouth
[Longitude]003°1307
[Latitude]050°4116
[Frequencies]
[Antenna]Quad Yagi
[Azimut Antenna]135
[Elevation Antenna]0
[Pre-Amplifier]None
[Receiver]ICOM IC-706 MKIIG
[Observing Method]HROFFT20dB Length Datas
[Remarks]winxp
