jan| 00h| 01h| 02h| 03h| 04h| 05h| 06h| 07h| 08h| 09h| 10h| 11h| 12h| 13h| 14h| 15h| 16h| 17h| 18h| 19h| 20h| 21h| 22h| 23h|
 01|  11|  38|  20|  18|  32|  12|  10|  10|  11|  18|  28|  15|  13|  31|  12|  16|  25|  5 |  16|  8 |  7 |  12|  14|  9 |
 02|  23|  22|  24|  36|  16|  17|  14|  40|  16|  15|  11|  16|  24|  26|  9 |  10|  7 |  10|  2 |  4 |  5 |  4 |  10|  13|
 03|  26|  37|  37|  84|  88| 139|  89|  33|  40| 140| 139| 143| 281| 144|  53|  71|  49|  49|  19|  19|  19|  36|  21|  27|
 04|  18|  18|  19|  22|  21|  19|  8 |  12|  12|  13|  15|  12|  3 |  38|  9 |  2 |  7 |  17|  8 |  9 |  7 |  17|  16|  13|
 05|  40|  16|  26|  48|  28|  32|  22|  20|  17|  21|  17|  21|  32|  18|  17|  4 |  60|  15|  0 |  9 |  8 |  10|  11|  4 |
 06|  23|  7 |  15|  27|  13|  30|  11|  23|  31|  36|  16|  33|  15|  11|  6 |  5 |  9 |  4 |  6 |  8 |  9 |  3 |  8 |  11|
 07|  12|  20|  12|  18|  19|  24|  15|  13|  25|  16|  16|  20|  9 |  14|  10|  13|  7 |  4 |  10|  6 |  7 |  8 |  10|  11|
 08|  13|  19|  8 |  18|  18|  17|  6 |  15|  20|  21|  24|  23|  12|  18|  7 |  13|  8 |  7 |  3 |  6 |  6 |  4 |  11|  8 |
 09|  12|  15|  20|  52|  18|  13|  7 |  13|  13|  14|  7 |  26|  16|  10|  17|  6 |  5 |  7 |  4 |  8 |  4 |  5 |  5 |  9 |
 10|  13|  15|  32|  14|  25|  12|  9 |  15|  9 |  45|  17|  13|  16|  15|  10|  6 |  6 |  8 |  6 |  9 |  9 |  13|  19|  14|
 11|  8 |  17|  24|  10|  14|  14|  22|  25|  14|  16|  15|  37|  12|  16|  18|  6 |  7 |  5 |  4 |  5 |  1 |  4 |  1 |  2 |
 12|  5 |  6 |  11|  12|  14|  11|  12|  14|  12|  17|  9 |  12|  9 |  1 |  0 |  0 |  2 |  0 |  0 |  0 |  0 |  0 |  0 |  0 |
 13|??? |??? |??? |??? |??? |??? |??? |??? |??? |??? |??? |??? |??? |??? |??? |??? |??? |??? |??? |??? |??? |??? |??? |??? |
 14|  0 |  0 |  0 |  0 |  0 |  0 |  0 |  0 |  29|  28|  27|  25|  43|  32|  21|  19|  16|  10|  10|  21|  8 |  4 |  18|  19|
 15|  19|  37|  23|  6 |  0 |  0 |  0 |  0 |  0 |  0 |  0 |  0 |  0 |  0 |  0 |  0 |  0 |  0 |  0 |  0 |  0 |  0 |  0 |  0 |
 16|  0 |  0 |  0 |  0 |  0 |  0 |  0 |  0 |  0 |  0 |  0 |  0 |  0 |  0 |  0 |  0 |  0 |  0 |  8 |  9 |  4 |  13|  13|  19|
 17|  17|  16|  21|  25|  27|  27|  17|  23|  17|  46|  9 |  20|  14|  21|  12|  10|  10|  2 |  13|  6 |  13|  10|  9 |  12|
 18|  9 |  22|  20|  18|  15|  17|  21|  18|  13|  31|  11|  71|  20|  18|  7 |  0 |  0 |  4 |  8 |  10|  5 |  6 |  18|  5 |
 19|  18|  30|  26|  18|  23|  14|  19|  16|  13|  28|  21|  27|  10|  27|  16|  8 |  7 |  5 |  4 |  16|  8 |  5 |  6 |  5 |
 20|  0 |  0 |  0 |  0 |  0 |  0 |  0 |  0 |  0 |  0 |  0 |  0 |  0 |  0 |  13|  9 |  11|  10|  14|  13|  14|  13|  15|  26|
 21|  21|  66|  42|  22|  44|  27|  33|  49|  30|  88|  33|  40|  28|  24|  18|  17|  9 |  3 |  6 |  10|  7 |  7 |  13|  14|
 22|  21|  21|  49|  32|  45|  29|  38|  19|  24|  31|  35|  83|  24|  18|  21|  12|  11|  16|  13|  12|  10|  27|  17|  21|
 23|  27|  22|  38|  38|  30|  19|  26|  23|  27|  14|  26|  25|  17|  21|  15|  9 |  5 |  8 |  14|  23|  17|  17|  20|  24|
 24|  26|  18|  49|  31|  28|  29|  16|  18|  12|  20|  38|  28|  31|  13|  6 |  22|  6 |  2 |  6 |  11|  23|  21|  13|  19|
 25|  21|  34|  34|  36|  24|  26|  19|  31|  18|  20|  30|  29|  21|  21|  16|  8 |  7 |  11|  11|  12|  7 |  9 |  12|  17|
 26|  12|  31|  19|  22|  25|  15|  31|  18|  21|  24|  28|  22|  21|  20|  11|  14|  11|  6 |  8 |  12|  4 |  8 |  6 |  15|
 27|  24|  24|  33|  19|  29|  35|  24|  28|  25|  19|  34|  38|  21|  33|  9 |  12|  7 |  11|  10|  10|  12|  9 |  14|  9 |
 28|  32|  35|  24|  23|  29|  13|  18|  17|  25|  26|  20|  29|  35|  8 |  0 |  4 |  13|  5 |  4 |  12|  17|  8 |  15|  14|
 29|  15|  26|  26|  29|  12|  21|  25|  18|  28|  35|  24|  30|  25|  17|  9 |  7 |  11|  14|  7 |  13|  12|  13|  14|  24|
 30|  25|  24|  23|  19|  19|  21|  14|  21|  32|  17|  16|  17|  18|  20|  13|  6 |  10|  7 |  13|  10|  10|  22|  16|  18|
 31|  25|  16|  24|  34|  16|  14|  18|  28|  15|  12|  21|  15|  26|  17|  9 |  13|  18|  10|  9 |  7 |  17|  14|  18|  32|
[Observer]Lockyer_Observatory
[Country]United Kingdom 
[City]Sidmouth
[Longitude]003°1307
[Latitude]050°4116
[Frequencies]
[Antenna]Quad Yagi
[Azimut Antenna]135
[Elevation Antenna]0
[Pre-Amplifier]None
[Receiver]ICOM IC-706 MKIIG
[Observing Method]HROFFT20dB Length Datas
[Remarks]winxp
