jun| 00h| 01h| 02h| 03h| 04h| 05h| 06h| 07h| 08h| 09h| 10h| 11h| 12h| 13h| 14h| 15h| 16h| 17h| 18h| 19h| 20h| 21h| 22h| 23h|
 01|  3 |  5 |  7 |  3 |  15|  13|  5 |  4 |  2 |  3 |  7 |  2 |  1 |  4 |  1 |  3 |  1 |  2 |  18|  11|  33|  21|  25|  21|
 02|  39|  26|  19|  27|  71|  59|  64|  48|  35|  27|  33|  26|  32|  26|  36|  15|  40|  9 |  50|  20|  33|  32|  35|  40|
 03|  47|  50|  48|  57|  76| 109|  76|  75|  53|  38|  43|  53|  65|  20|  27|  55|  42|  36|  19|  17|  20|  26|  38|  27|
 04|  23|  37|  26|  38|  46|  80|  73|  63|  48|  39|  32|  65|  61|  50|  33|  31|  50|  22|  18|  23|  14|  28|  19|  26|
 05|  39|  36|  33|  55|  80| 113| 105|  59|  43|  40|  42|  57|  43|  34|  27|  38|  30|  18|  16|  27|  23|  26|  26|  35|
 06|  30|  27|  39|  48|  79|  79|  87|  82|  58|  50|  44|  43|  42|  42|  39|  51|  19|  14|  15|  10|  16|  18|  17|  16|
 07|  16|  21|  23|  31|  41|  54|  54|  36|  25|  24|  38|  37|  34|  70|  34|  48|  23|  18|  17|  13|  17|  12|  32|  12|
 08|  20|  24|  20|  39|  65|  64|  41|  47|  34|  47|  31|  56|  72|  38|  49|  59|  36|  21|  14|  5 |  20|  10|  21|  24|
 09|  26|  26|  33|  37|  67|  69|  53|  41|  32|  27|  47|  51|  51|  58|  46|  46|  21|  10|  20|  10|  10|  5 |  19|  31|
 10|  25|  23|  19|  54| 106|  81|  63|  44|  27|  49|  53|  60|  37|  39|  45|  27|  29|  23|  26|  17|  13|  12|  20|  23|
 11|  23|  23|  29|  70|  94| 108|  52|  71|  64|  31|  39|  37|  68|  44|  62|  31|  38|  23|  26|  17|  22|  15|  22|  28|
 12|  24|  22|  36|  53|  48|  82|  66|  64|  36|  41|  45|  41|  48|  48|  37|  17|  23|  13|  22|  10|  11|  18|  23|  24|
 13|  14|  18|  36|  39|  56|  51|  53|  34|  72|  31|  41|  48|  33|  41|  41|  38|  23|  20|  19|  17|  17|  17|  18|  15|
 14|  20|  16|  21|  48|  64|  55|  60|  40|  29|  30|  14|  25|  49|  10|  0 |  0 |  1 |  23|  18|  13|  18|  7 |  12|  23|
 15|  22|  23|  35|  51|  76| 116|  60|  37|  39|  29|  38|  34|  32|  67|  45|  48|  32|  16|  27|  15|  22|  17|  19|  23|
 16|  21|  18|  34|  31|  46|  63|  64|  61|  40|  20|  25|  43|  43|  40|  27|  45|  17|  23|  13|  10|  13|  25|  17|  33|
 17|  25|  29|  31|  53|  93|  51|  47|  50|  38|  25|  31|  33|  47|  55|  31|  28|  31|  21|  19|  19|  22|  18|  25|  22|
 18|  18|  25|  42|  45|  57|  62|  49|  37|  33|  22|  32|  30|  24|  32|  43|  47|  36|  16|  14|  14|  25|  18|  18|  34|
 19|  29|  26|  29|  33|  52|  69|  63|  51|  24|  28|  34|  32|  31|  32|  18|  38|  15|  18|  11|  19|  11|  20|  16|  9 |
 20|  14|  17|  25|  33|  47|  48|  38|  31|  28|  41|  18|  18|  18|  5 |  9 |  12|  9 |  8 |  4 |  4 |  4 |  4 |  14|  4 |
 21|  5 |  1 |  6 |  6 |  2 |  5 |  3 |  4 |  2 |  4 |  9 |  6 |  3 |  11|  9 |  14|  12|  12|  2 |  4 |  22|  19|  24|  19|
 22|  18|  15|  15|  35|  76|  54|  46|  30|  28|  12|  26|  37|  36|  30|  23|  22|  18|  30|  24|  15|  14|  17|  14|  22|
 23|  28|  27|  30|  50|  46|  58|  42|  48|  22|  28|  28|  42|  28|  62|  26|  31|  31|  23|  20|  19|  19|  13|  23|  20|
 24|  35|  21|  36|  31|  60|  52|  49|  71|  27|  26|  22|  27|  38|  40|  32|  24|  25|  22|  10|  15|  15|  11|  16|  22|
 25|  29|  26|  34|  36|  47|  44|  67|  44|  18|  32|  18|  25|  30|  37|  23|  16|  26|  25|  24|  16|  16|  23|  22|  45|
 26|  19|  19|  14|  27|  51|  45|  42|  30|  39|  27|  24|  23|  24|  50|  41|  23|  24|  24|  22|  17|  20|  17|  20|  22|
 27|  26|  22|  38|  36|  52|  53|  34|  29|  29|  25|  26|  36|  44|  34|  27|  32|  22|  19|  27|  17|  10|  19|  21|  21|
 28|  22|  28|  20|  32|  43|  71|  46|  41|  32|  26|  14|  32|  34|  26|  28|  32|  32|  18|  10|  13|  20|  22|  22|  16|
 29|  22|  33|  18|  30|  74|  50|  42|  45|  29|  27|  28|  18|  36|  36|  26|  27|  22|  27|  23|  18|  14|  32|  34|  23|
 30|  35|  38|  36|  46|  59|  62|  56|  71|  28|  31|  27|  38|  32|  49|  40|  30|  23|  31|  39|  32|  19|  36|  25|  35|
 31|??? |??? |??? |??? |??? |??? |??? |??? |??? |??? |??? |??? |??? |??? |??? |??? |??? |??? |??? |??? |??? |??? |??? |??? |
[Observer]Lockyer_Observatory
[Country]United Kingdom 
[City]Sidmouth
[Longitude]003°1307
[Latitude]050°4116
[Frequencies]
[Antenna]Quad Yagi
[Azimut Antenna]135
[Elevation Antenna]0
[Pre-Amplifier]None
[Receiver]ICOM IC-706 MKIIG
[Observing Method]HROFFT20dB Length Datas
[Remarks]winxp
