jan| 00h| 01h| 02h| 03h| 04h| 05h| 06h| 07h| 08h| 09h| 10h| 11h| 12h| 13h| 14h| 15h| 16h| 17h| 18h| 19h| 20h| 21h| 22h| 23h|
 01|  0 |  7 |  4 |  3 |  4 |  1 |  2 |  1 |  1 |  2 |  5 |  5 |  1 |  6 |  4 |  2 |  5 |  0 |  1 |  1 |  1 |  1 |  4 |  0 |
 02|  2 |  5 |  6 |  4 |  4 |  4 |  2 |  3 |  3 |  2 |  2 |  3 |  4 |  2 |  1 |  3 |  0 |  3 |  0 |  2 |  1 |  0 |  2 |  4 |
 03|  1 |  8 |  10|  13|  19|  27|  16|  3 |  4 |  19|  16|  20|  36|  20|  11|  12|  3 |  5 |  3 |  4 |  5 |  9 |  4 |  5 |
 04|  0 |  1 |  3 |  2 |  3 |  3 |  1 |  1 |  3 |  4 |  3 |  2 |  1 |  4 |  1 |  0 |  1 |  3 |  1 |  1 |  0 |  6 |  2 |  2 |
 05|  6 |  3 |  6 |  9 |  5 |  5 |  1 |  5 |  2 |  6 |  2 |  3 |  6 |  2 |  1 |  1 |  2 |  3 |  0 |  2 |  1 |  3 |  4 |  1 |
 06|  2 |  1 |  4 |  3 |  3 |  4 |  2 |  1 |  6 |  7 |  3 |  5 |  2 |  3 |  0 |  3 |  2 |  1 |  0 |  3 |  2 |  0 |  0 |  3 |
 07|  1 |  4 |  4 |  5 |  2 |  4 |  1 |  0 |  4 |  2 |  4 |  2 |  1 |  4 |  1 |  2 |  2 |  0 |  1 |  0 |  1 |  1 |  0 |  2 |
 08|  3 |  1 |  0 |  0 |  3 |  1 |  0 |  1 |  3 |  2 |  4 |  4 |  2 |  3 |  1 |  4 |  1 |  2 |  0 |  1 |  0 |  1 |  3 |  1 |
 09|  2 |  2 |  4 |  9 |  6 |  2 |  2 |  1 |  1 |  3 |  1 |  3 |  3 |  2 |  0 |  1 |  2 |  2 |  0 |  1 |  2 |  1 |  0 |  2 |
 10|  1 |  2 |  4 |  4 |  3 |  3 |  1 |  2 |  1 |  3 |  3 |  3 |  2 |  1 |  2 |  1 |  1 |  1 |  0 |  1 |  1 |  1 |  6 |  2 |
 11|  3 |  3 |  4 |  2 |  2 |  4 |  2 |  7 |  2 |  7 |  2 |  5 |  0 |  3 |  1 |  0 |  1 |  1 |  0 |  0 |  0 |  1 |  0 |  1 |
 12|  1 |  2 |  2 |  1 |  4 |  1 |  1 |  2 |  0 |  4 |  4 |  3 |  1 |  0 |  0 |  0 |  0 |  0 |  0 |  0 |  0 |  0 |  0 |  0 |
 13|??? |??? |??? |??? |??? |??? |??? |??? |??? |??? |??? |??? |??? |??? |??? |??? |??? |??? |??? |??? |??? |??? |??? |??? |
 14|  0 |  0 |  0 |  0 |  0 |  0 |  0 |  0 |  5 |  6 |  2 |  4 |  10|  7 |  2 |  4 |  1 |  3 |  1 |  2 |  0 |  0 |  5 |  2 |
 15|  4 |  5 |  4 |  0 |  0 |  0 |  0 |  0 |  0 |  0 |  0 |  0 |  0 |  0 |  0 |  0 |  0 |  0 |  0 |  0 |  0 |  0 |  0 |  0 |
 16|  0 |  0 |  0 |  0 |  0 |  0 |  0 |  0 |  0 |  0 |  0 |  0 |  0 |  0 |  0 |  0 |  0 |  0 |  1 |  4 |  1 |  2 |  2 |  5 |
 17|  5 |  4 |  1 |  8 |  5 |  8 |  3 |  3 |  3 |  5 |  1 |  4 |  4 |  3 |  1 |  1 |  4 |  0 |  1 |  0 |  3 |  3 |  5 |  2 |
 18|  1 |  2 |  4 |  2 |  4 |  2 |  1 |  1 |  2 |  3 |  3 |  3 |  6 |  3 |  1 |  0 |  0 |  1 |  1 |  2 |  1 |  0 |  5 |  2 |
 19|  2 |  10|  6 |  5 |  4 |  1 |  3 |  3 |  1 |  3 |  3 |  7 |  3 |  4 |  4 |  2 |  2 |  2 |  0 |  4 |  1 |  1 |  2 |  1 |
 20|  0 |  0 |  0 |  0 |  0 |  0 |  0 |  0 |  0 |  0 |  0 |  0 |  0 |  0 |  1 |  1 |  2 |  3 |  4 |  4 |  1 |  4 |  1 |  2 |
 21|  6 |  14|  10|  4 |  8 |  10|  7 |  9 |  5 |  7 |  8 |  9 |  8 |  3 |  5 |  2 |  1 |  0 |  1 |  4 |  0 |  2 |  4 |  0 |
 22|  4 |  4 |  8 |  2 |  7 |  8 |  4 |  2 |  5 |  5 |  7 |  11|  4 |  5 |  6 |  1 |  1 |  2 |  2 |  2 |  2 |  4 |  4 |  4 |
 23|  4 |  6 |  9 |  3 |  4 |  4 |  1 |  4 |  4 |  2 |  8 |  6 |  5 |  3 |  1 |  2 |  1 |  1 |  1 |  4 |  2 |  5 |  3 |  3 |
 24|  6 |  6 |  13|  7 |  5 |  8 |  3 |  3 |  2 |  1 |  11|  2 |  4 |  5 |  0 |  4 |  2 |  0 |  1 |  3 |  7 |  1 |  2 |  6 |
 25|  6 |  7 |  8 |  5 |  5 |  4 |  2 |  8 |  3 |  3 |  7 |  7 |  9 |  3 |  4 |  0 |  2 |  1 |  5 |  1 |  1 |  1 |  3 |  5 |
 26|  3 |  6 |  3 |  2 |  4 |  4 |  7 |  3 |  3 |  4 |  5 |  1 |  4 |  3 |  3 |  1 |  2 |  0 |  2 |  3 |  1 |  3 |  0 |  3 |
 27|  2 |  8 |  5 |  3 |  8 |  11|  1 |  5 |  5 |  2 |  4 |  6 |  3 |  9 |  1 |  5 |  2 |  4 |  2 |  2 |  1 |  2 |  3 |  3 |
 28|  4 |  7 |  3 |  3 |  5 |  3 |  6 |  3 |  3 |  7 |  3 |  5 |  6 |  2 |  0 |  0 |  1 |  1 |  2 |  5 |  3 |  4 |  0 |  2 |
 29|  0 |  7 |  4 |  4 |  4 |  6 |  5 |  4 |  10|  6 |  5 |  5 |  5 |  3 |  1 |  0 |  3 |  1 |  2 |  0 |  4 |  4 |  6 |  4 |
 30|  8 |  2 |  4 |  3 |  7 |  3 |  3 |  2 |  6 |  3 |  3 |  1 |  3 |  5 |  3 |  0 |  2 |  1 |  2 |  2 |  2 |  5 |  2 |  2 |
 31|  5 |  3 |  3 |  2 |  2 |  2 |  2 |  8 |  2 |  3 |  5 |  3 |  3 |  8 |  2 |  4 |  4 |  1 |  2 |  2 |  4 |  4 |  6 |  3 |
[Observer]Lockyer_Observatory
[Country]United Kingdom 
[City]Sidmouth
[Longitude]003°1307
[Latitude]050°4116
[Frequencies]
[Antenna]Quad Yagi
[Azimut Antenna]135
[Elevation Antenna]0
[Pre-Amplifier]None
[Receiver]ICOM IC-706 MKIIG
[Observing Method]HROFFT30dB Count Datas
[Remarks]winxp
