jul| 00h| 01h| 02h| 03h| 04h| 05h| 06h| 07h| 08h| 09h| 10h| 11h| 12h| 13h| 14h| 15h| 16h| 17h| 18h| 19h| 20h| 21h| 22h| 23h|
 01|  2 |  9 |  5 |  16|  20|  21|  10|  12|  5 |  6 |  3 |  4 |  7 |  10|  12|  12|  14|  6 |  7 |  5 |  5 |  6 |  7 |  1 |
 02|  2 |  4 |  10|  6 |  10|  14|  17|  8 |  19|  2 |  6 |  8 |  6 |  11|  6 |  10|  9 |  7 |  10|  6 |  7 |  5 |  6 |  4 |
 03|  7 |  6 |  8 |  13|  8 |  8 |  15|  13|  8 |  5 |  7 |  6 |  2 |  8 |  7 |  6 |  5 |  9 |  7 |  8 |  5 |  4 |  2 |  7 |
 04|  8 |  6 |  6 |  9 |  6 |  15|  13|  8 |  7 |  7 |  5 |  9 |  10|  5 |  3 |  7 |  5 |  5 |  4 |  6 |  1 |  5 |  10|  10|
 05|  11|  5 |  14|  9 |  6 |  6 |  4 |  4 |  1 |  3 |  9 |  4 |  4 |  7 |  8 |  3 |  7 |  5 |  5 |  5 |  8 |  3 |  6 |  6 |
 06|  1 |  3 |  11|  6 |  8 |  15|  8 |  8 |  6 |  4 |  5 |  3 |  4 |  5 |  7 |  8 |  6 |  5 |  1 |  9 |  1 |  9 |  7 |  5 |
 07|  8 |  8 |  7 |  10|  10|  9 |  8 |  4 |  13|  3 |  5 |  7 |  8 |  2 |  6 |  6 |  6 |  3 |  0 |  2 |  5 |  6 |  3 |  4 |
 08|  7 |  8 |  11|  6 |  2 |  8 |  11|  6 |  7 |  4 |  2 |  5 |  5 |  2 |  10|  3 |  1 |  3 |  3 |  3 |  5 |  4 |  4 |  3 |
 09|  4 |  5 |  3 |  6 |  11|  7 |  11|  7 |  3 |  6 |  3 |  8 |  3 |  3 |  5 |  6 |  6 |  3 |  5 |  1 |  2 |  6 |  5 |  6 |
 10|  2 |  6 |  1 |  6 |  14|  5 |  8 |  10|  5 |  9 |  4 |  5 |  9 |  6 |  6 |  8 |  1 |  3 |  3 |  3 |  3 |  6 |  1 |  10|
 11|  7 |  12|  8 |  11|  9 |  8 |  12|  15|  11|  14|  6 |  4 |  6 |  6 |  5 |  2 |  4 |  6 |  7 |  4 |  8 |  7 |  10|  6 |
 12|  8 |  5 |  13|  54|  6 |  9 |  11|  7 |  13| 247| 506|  28|  6 |  4 |  6 |  6 |  4 |  0 |  2 |  3 |  5 |  6 |  5 |  5 |
 13|  10|  13|  5 |  7 |  5 |  11|  12|  10|  2 |  5 |  8 |  3 |  5 |  5 |  3 |  5 |  5 |  4 |  4 |  2 |  6 |  6 |  3 |  3 |
 14|  5 |  2 |  6 |  6 |  10|  14|  8 |  13|  10|  9 |  8 |  3 |  6 |  8 |  4 |  7 |  6 |  4 |  4 |  2 |  1 |  5 |  3 |  7 |
 15|  3 |  4 |  13|  11|  10|  6 |  4 |  12|  4 |  4 |  5 |  5 |  5 |  7 |  5 |  5 |  2 |  2 |  3 |  3 |  2 |  3 |  2 |  10|
 16|  0 |  5 |  8 |  8 |  7 |  11|  6 |  9 |  7 |  4 |  12|  7 |  5 |  5 |  4 |  3 |  0 |  3 |  3 |  3 |  2 |  6 |  6 |  3 |
 17|  6 |  10|  4 |  6 |  10|  11|  5 |  4 |  3 |  3 |  9 |  6 |  8 |  2 |  4 |  3 |  5 |  5 |  2 |  3 |  2 |  0 |  7 |  3 |
 18|  8 |  4 |  8 |  7 |  11|  3 |  7 |  7 |  5 |  3 |  4 |  6 |  5 |  4 |  3 |  5 |  5 |  2 |  4 |  0 |  4 |  4 |  3 |  2 |
 19|  9 |  4 |  6 |  3 |  5 |  5 |  7 |  8 |  3 |  4 |  4 |  4 |  9 |  1 |  4 |  5 |  6 |  6 |  5 |  11|  6 |  5 |  3 |  9 |
 20|  7 |  6 |  13|  5 |  9 |  4 |  12|  10|  9 |  5 |  13|  3 |  2 |  2 |  1 |  6 |  7 |  5 |  2 |  6 |  6 |  5 |  12|  5 |
 21|  8 |  5 |  8 |  8 |  8 |  15|  10|  6 |  7 |  14|  7 |  4 |  4 |  3 |  3 |  0 |  2 |  3 |  2 |  2 |  4 |  5 |  2 |  5 |
 22|  8 |  5 |  4 |  7 |  6 |  3 |  10|  4 |  3 |  4 |  6 |  3 |  1 |  1 |  2 |  1 |  0 |  4 |  4 |  5 |  3 |  2 |  4 |  7 |
 23|  4 |  7 |  9 |  4 |  7 |  9 |  4 |  6 |  1 |  2 |  1 |  2 |  3 |  2 |  1 |  2 |  3 |  3 |  2 |  2 |  2 |  3 |  12|  2 |
 24|  7 |  4 |  9 |  9 |  2 |  7 |  8 |  5 |  3 |  5 |  4 |  6 |  7 |  4 |  5 |  5 |  3 |  4 |  2 |  3 |  2 |  4 |  3 |  4 |
 25|  8 |  5 |  4 |  16|  7 |  9 |  8 |  6 |  6 |  8 |  5 |  2 |  4 |  6 |  5 |  1 |  2 |  3 |  4 |  2 |  3 |  1 |  4 |  10|
 26|  8 |  4 |  5 |  2 |  5 |  11|  1 |  5 |  7 |  5 |  5 |  7 |  4 |  3 |  2 |  0 |  4 |  3 |  2 |  4 |  0 |  5 |  6 |  6 |
 27|  11|  8 |  9 |  5 |  8 |  7 |  5 |  7 |  3 |  4 |  1 |  6 |  2 |  6 |  4 |  4 |  2 |  4 |  5 |  8 |  5 |  3 |  4 |  8 |
 28|  4 |  5 |  7 |  6 |  17|  10|  6 |  7 |  4 |  2 |  6 |  4 |  4 |  3 |  6 |  3 |  3 |  8 |  5 |  7 |  2 |  7 |  3 |  10|
 29|  9 |  7 |  7 |  17|  9 |  3 |  3 |  9 |  9 |  4 |  4 |  5 |  3 |  4 |  5 |  5 |  2 |  2 |  4 |  5 |  5 |  6 |  5 |  4 |
 30|  8 |  4 |  11|  5 |  6 |  17|  7 |  8 |  5 |  4 |  4 |  5 |  5 |  4 |  0 |  4 |  3 |  9 |  2 |  4 |  1 |  5 |  2 |  8 |
 31|  10|  10|  6 |  4 |  21|  10|  8 |  10|  12|  2 |  8 |  1 |  3 |  6 |  4 |  6 |  2 |  8 |  3 |  2 |  4 |  6 |  5 |  10|
[Observer]Lockyer_Observatory
[Country]United Kingdom 
[City]Sidmouth
[Longitude]003°1307
[Latitude]050°4116
[Frequencies]
[Antenna]Quad Yagi
[Azimut Antenna]135
[Elevation Antenna]0
[Pre-Amplifier]None
[Receiver]ICOM IC-706 MKIIG
[Observing Method]HROFFT30dB Count Datas
[Remarks]winxp
