feb| 00h| 01h| 02h| 03h| 04h| 05h| 06h| 07h| 08h| 09h| 10h| 11h| 12h| 13h| 14h| 15h| 16h| 17h| 18h| 19h| 20h| 21h| 22h| 23h|
 01|  18|  27|  30|  22|  13|  25|  22|  12|  13|  18|  18|  22|  17|  23|  11|  4 |  47|  7 |  3 |  7 |  9 |  4 |  4 |  7 |
 02|  19|  15|  9 |  13|  18|  19|  17|  19|  15|  17|  17|  16|  16|  9 |  9 |  12|  10|  10|  12|  5 |  10|  5 |  22|  23|
 03|  17|  18|  16|  28|  28|  29|  23|  17|  20|  16|  8 |  20|  19|  17|  23|  7 |  7 |  9 |  6 |  11|  13|  16|  17|  18|
 04|  20|  15|  23|  37|  21|  25|  22|  33|  18|  26|  27|  12|  15|  11|  22|  15|  5 |  6 |  5 |  9 |  7 |  5 |  7 |  21|
 05|  11|  21|  24|  19|  10|  40|  38|  18|  17|  31|  26|  25|  30|  32|  4 |  10|  14|  8 |  11|  10|  12|  9 |  11|  17|
 06|  16|  28|  27|  27|  19|  19|  15|  18|  24|  20|  21|  22|  16|  18|  24|  7 |  3 |  6 |  11|  15|  10|  14|  12|  22|
 07|  26|  28|  22|  27|  24|  25|  14|  14|  30|  20|  24|  25|  23|  12|  9 |  17|  16|  11|  11|  14|  20|  23|  27|  26|
 08|  25|  42|  20|  30|  37|  23|  29|  24|  32|  18|  26|  23|  23|  14|  9 |  9 |  2 |  5 |  8 |  3 |  6 |  10|  6 |  14|
 09|  28|  27|  54|  31|  35|  31|  34|  30|  24|  22|  27|  9 |  15|  18|  23|  7 |  3 |  11|  8 |  8 |  7 |  9 |  5 |  12|
 10|  20|  7 |  19|  16|  24|  76|  21| 259| 153|  77| 223|  69|  9 |  4 |  2 |  7 |  7 |  7 |  9 |  4 |  3 |  13|  6 |  9 |
 11|  1 |  6 |  16|  6 |  9 |  11|  4 |  9 |  5 |  13|  17|  8 |  4 |  8 |  9 |  1 |  6 |  5 |  2 |  7 |  11|  4 |  2 |  7 |
 12|  16|  15|  7 |  11|  12|  9 |  9 |  3 |  4 |  11|  5 |  19|  9 |  7 |  6 |  6 |  5 |  3 |  7 |  3 |  7 |  6 |  5 |  7 |
 13|  10|  8 |  14|  7 |  13|  10|  7 |  11|  37|  3 |  17|  18|  6 |  14|  8 |  10|  5 |  1 |  10|  5 |  3 |  13|  6 |  4 |
 14|  2 |  16|  27|  24|  12|  10|  7 |  3 |  13|  9 |  7 |  9 |  8 |  5 |  9 |  5 |  6 |  8 |  5 |  7 |  7 |  5 |  2 |  6 |
 15|  4 |  11|  25|  11|  16|  13|  9 |  6 |  9 |  14|  11|  4 |  8 |  7 |  2 |  5 |  3 |  9 |  3 |  3 |  2 |  4 |  4 |  5 |
 16|  5 |  7 |  8 |  11|  8 |  7 |  7 |  8 |  5 |  10|  5 |  3 |  6 |  7 |  6 |  2 |  0 |  10|  2 |  2 |  0 |  1 |  3 |  0 |
 17|  0 |  0 |  0 |  22|  25|  11|  13|  14|  8 |  19|  31|  23|  16|  20|  33|  21|  3 |  6 |  11|  7 |  6 |  4 |  8 |  9 |
 18|  16|  17|  21|  18|  13|  18|  15|  26|  13|  16|  15|  11|  7 |  11|  12|  10|  19|  8 |  11|  7 |  14|  13|  10|  13|
 19|  15|  16|  20|  14|  19|  12|  13|  12|  32|  21|  15|  13|  23|  12|  8 |  8 |  2 |  3 |  11|  15|  11|  6 |  10|  10|
 20|  10|  19|  22|  27|  14|  21|  20|  13|  22|  30|  29|  29|  22|  16|  21|  9 |  13|  7 |  10|  10|  10|  5 |  13|  20|
 21|  18|  9 |  25|  18|  27|  26|  30|  16|  22|  38|  22|  19|  24|  23|  16|  13|  9 |  12|  8 |  10|  11|  9 |  10|  15|
 22|  17|  19|  28|  17|  11|  25|  30|  24|  31|  29|  36|  28|  35|  22|  12|  9 |  12|  4 |  2 |  7 |  8 |  14|  1 |  3 |
 23|  3 |  8 |  19|  15|  16|  10|  27|  13|  18|  11|  17|  14|  16|  17|  8 |  1 |  7 |  6 |  13|  3 |  3 |  11|  9 |  7 |
 24|  15|  12|  12|  12|  11|  15|  14|  17|  19|  17|  14|  10|  17|  13|  6 |  1 |  4 |  1 |  2 |  4 |  4 |  7 |  6 |  13|
 25|  7 |  14|  22|  8 |  20|  7 |  12|  25|  27|  38|  32|  26|  17|  26|  15|  10|  13|  7 |  11|  9 |  14|  10|  15|  18|
 26|  27|  35|  24|  24|  31|  13|  23|  28|  36|  41|  23|  20|  24|  16|  25|  7 |  16|  13|  9 |  9 |  16|  15|  7 |  19|
 27|  15|  15|  28|  37|  32|  18|  31|  27|  27|  21|  23|  20|  33|  18|  21|  11|  6 |  3 |  10|  1 |  4 |  4 |  12|  7 |
 28|  8 |  18|  14|  9 |  9 |  6 |  3 |  14|  8 |  10|  14|  15|  11|  10|  10|  6 |  7 |  5 |  8 |  5 |  5 |  6 |  5 |  7 |
 29|??? |??? |??? |??? |??? |??? |??? |??? |??? |??? |??? |??? |??? |??? |??? |??? |??? |??? |??? |??? |??? |??? |??? |??? |
 30|??? |??? |??? |??? |??? |??? |??? |??? |??? |??? |??? |??? |??? |??? |??? |??? |??? |??? |??? |??? |??? |??? |??? |??? |
 31|??? |??? |??? |??? |??? |??? |??? |??? |??? |??? |??? |??? |??? |??? |??? |??? |??? |??? |??? |??? |??? |??? |??? |??? |
[Observer]Lockyer_Observatory
[Country]United Kingdom 
[City]Sidmouth
[Longitude]003°1307
[Latitude]050°4116
[Frequencies]
[Antenna]Quad Yagi
[Azimut Antenna]135
[Elevation Antenna]0
[Pre-Amplifier]None
[Receiver]ICOM IC-706 MKIIG
[Observing Method]HROFFT20dB Length Datas
[Remarks]winxp
