feb| 00h| 01h| 02h| 03h| 04h| 05h| 06h| 07h| 08h| 09h| 10h| 11h| 12h| 13h| 14h| 15h| 16h| 17h| 18h| 19h| 20h| 21h| 22h| 23h|
 01|  1 |  8 |  10|  5 |  3 |  6 |  4 |  2 |  3 |  2 |  9 |  8 |  6 |  8 |  0 |  0 |  38|  1 |  1 |  2 |  0 |  0 |  1 |  2 |
 02|  9 |  0 |  1 |  1 |  5 |  7 |  4 |  8 |  3 |  2 |  3 |  5 |  5 |  2 |  1 |  2 |  1 |  3 |  4 |  2 |  0 |  0 |  7 |  2 |
 03|  2 |  3 |  2 |  8 |  8 |  6 |  4 |  3 |  5 |  1 |  3 |  6 |  2 |  3 |  7 |  1 |  3 |  1 |  1 |  4 |  2 |  3 |  6 |  5 |
 04|  4 |  2 |  6 |  13|  13|  7 |  2 |  15|  5 |  2 |  4 |  3 |  1 |  0 |  7 |  3 |  1 |  1 |  4 |  2 |  1 |  1 |  0 |  5 |
 05|  2 |  4 |  1 |  3 |  0 |  22|  7 |  4 |  4 |  14|  5 |  4 |  11|  13|  1 |  2 |  4 |  0 |  3 |  0 |  3 |  0 |  3 |  7 |
 06|  5 |  2 |  6 |  4 |  3 |  5 |  4 |  5 |  6 |  6 |  6 |  6 |  3 |  6 |  3 |  1 |  2 |  3 |  1 |  1 |  3 |  1 |  1 |  5 |
 07|  7 |  5 |  6 |  8 |  5 |  8 |  0 |  3 |  10|  5 |  5 |  6 |  3 |  3 |  2 |  5 |  7 |  2 |  4 |  7 |  3 |  5 |  4 |  6 |
 08|  4 |  18|  6 |  4 |  9 |  5 |  5 |  6 |  5 |  3 |  7 |  9 |  4 |  2 |  2 |  3 |  1 |  0 |  3 |  1 |  1 |  4 |  1 |  2 |
 09|  15|  6 |  27|  5 |  7 |  4 |  2 |  5 |  7 |  9 |  3 |  1 |  4 |  3 |  2 |  0 |  1 |  1 |  2 |  1 |  0 |  2 |  1 |  4 |
 10|  2 |  0 |  3 |  2 |  8 |  3 |  2 |  1 |  5 |  8 |  9 |  3 |  2 |  1 |  0 |  2 |  2 |  1 |  2 |  0 |  0 |  3 |  1 |  0 |
 11|  0 |  0 |  5 |  1 |  2 |  2 |  1 |  1 |  0 |  1 |  4 |  1 |  1 |  1 |  1 |  0 |  0 |  0 |  0 |  1 |  4 |  1 |  0 |  0 |
 12|  5 |  6 |  0 |  2 |  2 |  0 |  1 |  1 |  1 |  1 |  2 |  2 |  4 |  0 |  1 |  2 |  1 |  0 |  1 |  0 |  1 |  2 |  1 |  3 |
 13|  3 |  2 |  5 |  2 |  2 |  0 |  1 |  0 |  9 |  2 |  1 |  4 |  0 |  1 |  0 |  6 |  1 |  0 |  4 |  1 |  0 |  2 |  2 |  0 |
 14|  0 |  2 |  7 |  5 |  4 |  2 |  1 |  0 |  2 |  3 |  2 |  1 |  4 |  2 |  3 |  3 |  2 |  3 |  0 |  1 |  0 |  0 |  1 |  0 |
 15|  0 |  3 |  10|  2 |  6 |  3 |  0 |  3 |  1 |  6 |  1 |  0 |  1 |  2 |  1 |  2 |  2 |  6 |  1 |  0 |  0 |  2 |  0 |  3 |
 16|  1 |  0 |  1 |  2 |  2 |  2 |  2 |  1 |  0 |  3 |  0 |  0 |  0 |  1 |  3 |  1 |  0 |  0 |  0 |  0 |  0 |  0 |  1 |  0 |
 17|  0 |  0 |  0 |  4 |  1 |  2 |  1 |  2 |  1 |  6 |  6 |  6 |  6 |  2 |  2 |  6 |  0 |  1 |  2 |  2 |  1 |  0 |  2 |  1 |
 18|  4 |  4 |  6 |  3 |  1 |  1 |  2 |  4 |  2 |  6 |  2 |  1 |  0 |  3 |  4 |  4 |  9 |  2 |  3 |  2 |  2 |  4 |  3 |  3 |
 19|  5 |  3 |  3 |  2 |  4 |  2 |  1 |  3 |  17|  5 |  0 |  3 |  9 |  3 |  3 |  5 |  0 |  0 |  2 |  4 |  1 |  2 |  1 |  0 |
 20|  2 |  2 |  6 |  8 |  0 |  6 |  2 |  1 |  3 |  11|  8 |  6 |  3 |  6 |  3 |  2 |  1 |  2 |  3 |  3 |  2 |  0 |  0 |  6 |
 21|  5 |  3 |  4 |  5 |  5 |  3 |  8 |  1 |  3 |  12|  4 |  6 |  5 |  4 |  3 |  2 |  3 |  3 |  2 |  2 |  3 |  3 |  1 |  3 |
 22|  6 |  6 |  6 |  2 |  2 |  6 |  6 |  6 |  9 |  10|  10|  9 |  14|  5 |  3 |  1 |  6 |  1 |  2 |  0 |  2 |  3 |  0 |  1 |
 23|  1 |  0 |  5 |  4 |  2 |  0 |  3 |  2 |  4 |  4 |  3 |  4 |  5 |  5 |  0 |  0 |  3 |  1 |  5 |  0 |  1 |  2 |  4 |  1 |
 24|  3 |  0 |  3 |  1 |  2 |  1 |  2 |  1 |  4 |  4 |  1 |  4 |  8 |  3 |  2 |  0 |  1 |  0 |  0 |  1 |  3 |  2 |  0 |  2 |
 25|  2 |  4 |  7 |  1 |  6 |  3 |  1 |  3 |  4 |  9 |  10|  4 |  4 |  6 |  5 |  0 |  0 |  1 |  3 |  0 |  3 |  1 |  5 |  0 |
 26|  5 |  6 |  9 |  7 |  10|  0 |  3 |  15|  6 |  19|  2 |  4 |  5 |  2 |  8 |  1 |  9 |  5 |  2 |  4 |  6 |  1 |  1 |  7 |
 27|  1 |  1 |  8 |  9 |  6 |  2 |  4 |  2 |  4 |  5 |  6 |  4 |  6 |  4 |  7 |  1 |  1 |  0 |  0 |  0 |  0 |  0 |  1 |  2 |
 28|  3 |  5 |  1 |  2 |  3 |  3 |  0 |  2 |  2 |  1 |  0 |  4 |  1 |  4 |  5 |  2 |  1 |  3 |  2 |  0 |  1 |  2 |  0 |  2 |
 29|??? |??? |??? |??? |??? |??? |??? |??? |??? |??? |??? |??? |??? |??? |??? |??? |??? |??? |??? |??? |??? |??? |??? |??? |
 30|??? |??? |??? |??? |??? |??? |??? |??? |??? |??? |??? |??? |??? |??? |??? |??? |??? |??? |??? |??? |??? |??? |??? |??? |
 31|??? |??? |??? |??? |??? |??? |??? |??? |??? |??? |??? |??? |??? |??? |??? |??? |??? |??? |??? |??? |??? |??? |??? |??? |
[Observer]Lockyer_Observatory
[Country]United Kingdom 
[City]Sidmouth
[Longitude]003°1307
[Latitude]050°4116
[Frequencies]
[Antenna]Quad Yagi
[Azimut Antenna]135
[Elevation Antenna]0
[Pre-Amplifier]None
[Receiver]ICOM IC-706 MKIIG
[Observing Method]HROFFT30dB Length Datas
[Remarks]winxp
