apr| 00h| 01h| 02h| 03h| 04h| 05h| 06h| 07h| 08h| 09h| 10h| 11h| 12h| 13h| 14h| 15h| 16h| 17h| 18h| 19h| 20h| 21h| 22h| 23h|
 01|  57|  84|  65|  48|  62|  89| 107|  71|  94| 107| 103| 102|  83|  90|  38|  70|  31|  22|  24|  21|  36|  31|  25|  42|
 02|  51|  53|  53|  70|  48|  54| 109|  76| 151|  66|  87|  76|  75|  60|  44|  42|  24|  33|  43|  48|  46|  67|  80|  83|
 03|  94| 348| 533| 143| 527| 149| 483| 455| 203| 163| 292| 215| 374|  94| 331| 220| 164| 227|  68|  69|  90| 100| 106| 139|
 04| 434| 140| 606| 129| 490| 439| 438| 579| 248| 297| 426| 179| 554| 118|  37|  43|  15|  18|  23|  14|  24|  18|  28|  17|
 05|  30|  33|  52|  37|  31|  32|  24|  33|  30|  38|  34|  51|  41|  30|  27|  54| 145|  32|  70|  69|  80|  66| 195| 180|
 06|  86|  60|  69|  78|  81| 131| 126| 105|  0 |  0 |  0 |  97| 237| 110|  90|  66|  44|  39|  41|  69|  42|  41|  42|  49|
 07|  72|  61|  71|  52| 107|  64| 127|  94| 119|  90| 100|  96|  89|  61|  56|  27|  27|  28|  31|  23|  26|  38|  24|  48|
 08|  61|  59|  65|  93|  88|  55| 100| 116|  95|  97|  79|  87| 115|  71|  48|  40|  55|  40|  37|  51|  34|  47|  37|  70|
 09|  52|  61|  68|  81|  57|  63|  67|  73|  66|  55| 110|  76| 108|  67|  56|  58|  36|  28|  38|  48|  36|  60|  45|  65|
 10|  69|  85|  73| 117|  63|  52|  92|  72|  62| 104|  67| 121|  95| 199|  63|  44|  36|  30|  29|  33|  20|  29|  32|  51|
 11|  45|  59|  76|  89|  91|  83|  75| 134|  85|  72| 130|  94| 113|  86|  52|  44|  32|  29|  15|  21|  47|  46|  40|  54|
 12|  61|  60|  57|  38|  67|  43|  54| 102|  71|  84|  92|  89|  74|  46|  47|  35|  30|  30|  27|  20|  17|  41|  36|  33|
 13|  42|  49|  50|  36|  73|  71|  54|  56|  74|  74|  88|  76|  57|  54|  50|  37|  45|  20|  25|  25|  29|  14|  18|  45|
 14|  54|  51|  46|  50|  42|  44|  59|  58|  49|  60|  75|  60|  48|  9 |  0 |  0 |  0 |  0 |  0 |  0 |  0 |  0 |  0 |  0 |
 15|  0 |  0 |  0 |  0 |  0 |  0 |  0 |  0 |  0 |  0 |  0 |  0 |  0 |  0 |  0 |  0 |  0 |  0 |  0 |  0 |  0 |  14|  37|  32|
 16|  14|  36|  40|  35|  23|  25|  84|  97|  65|  55|  66|  53|  26|  40|  94|  89|  24|  40|  25|  23|  16|  0 |  0 |  0 |
 17|  0 |  0 |  0 |  0 |  0 |  0 |  0 |  0 |  0 |  0 |  0 |  0 |  0 |  0 |  0 |  0 |  0 |  40|  18|  14|  20|  16|  18|  32|
 18|  23|  30|  27|  21|  23|  37|  47|  35|  31|  36|  28|  48|  49|  43|  41|  49|  44|  38|  44|  28|  22|  16|  29|  24|
 19|  12|  39|  29|  34|  36|  37|  51|  49|  37|  43|  37|  45|  47|  43|  59|  38|  93| 183| 205| 136| 110|  7 |  28|  11|
 20|  24|  48|  37|  72| 365| 359| 780| 396| 170| 240| 153| 217|  47|  31|  25|  13|  56|  45|  39|  12|  17|  12|  38|  33|
 21|  63| 143|  27|  37|  21|  34|  57|  35|  66|  46|  51|  45|  30|  22|  22|  28|  51|  62|  40|  68| 118| 256| 816|2053|
 22|2615|3561|3579|3548|3581|3587|3595|3598|3597|3600|3598|3466|3496|3572|3483|3444|3546|3561|3580|3596|3599|3599|3598|3599|
 23|3597|3588|3590|3596|3599|3593|3591|3599|3600|3600|3309|  94| 451|  85| 694|  87| 892| 281| 410|  75|  53|  54|  75|  85|
 24| 293|  94| 423|  82| 879| 157| 640| 552|  87|  88| 298|  80| 394|  67| 700| 421| 487| 623|  86| 252|  75|  60|  73|  68|
 25| 295|  89| 480| 356| 308| 353|  80| 498| 205|  96| 234|  86| 407| 427|  88| 346|  81| 362| 317|  78|  77|  81|  89|  84|
 26| 258|  61| 235| 441|  77| 309| 365|  86| 330|  85| 280| 156| 176| 124|  64| 693| 130|  18|  12|  17|  19|  4 |  1 |  17|
 27|  31|  32|  34|  38|  53| 249| 203|  71|  73| 104| 103|  54|  53|  48|  30|  13|  18|  14|  12|  28| 269|  45|  42|  47|
 28|  48| 186| 112| 145| 398| 518|3172|3189|2596|3088|3428|3597|3294| 419| 285|  18|  9 |  6 |  6 |  2 |  10|  3 |  7 |  7 |
 29|  7 |  9 |  9 |  9 |  0 |  0 |  14| 436| 128|  44| 212|1694| 800| 521| 678| 582| 718| 327| 977| 650| 461| 575| 707| 382|
 30| 194| 378| 120| 485| 100| 373|1410|1926|1480|1169| 785|1566|1237|1153| 422|1048| 590| 830| 669| 205| 219| 249| 517|1725|
 31|??? |??? |??? |??? |??? |??? |??? |??? |??? |??? |??? |??? |??? |??? |??? |??? |??? |??? |??? |??? |??? |??? |??? |??? |
[Observer]Lockyer_Observatory
[Country]United Kingdom 
[City]Sidmouth
[Longitude]003°1307
[Latitude]050°4116
[Frequencies]
[Antenna]Quad Yagi
[Azimut Antenna]135
[Elevation Antenna]0
[Pre-Amplifier]None
[Receiver]ICOM IC-706 MKIIG
[Observing Method]HROFFT10dB Length Datas
[Remarks]winxp
