apr| 00h| 01h| 02h| 03h| 04h| 05h| 06h| 07h| 08h| 09h| 10h| 11h| 12h| 13h| 14h| 15h| 16h| 17h| 18h| 19h| 20h| 21h| 22h| 23h|
 01|  12|  19|  12|  9 |  9 |  9 |  13|  8 |  15|  17|  19|  9 |  19|  8 |  9 |  5 |  10|  8 |  7 |  4 |  10|  5 |  3 |  5 |
 02|  8 |  14|  8 |  15|  9 |  7 |  25|  7 |  19|  11|  12|  9 |  17|  11|  7 |  10|  9 |  14|  6 |  8 |  3 |  6 |  9 |  18|
 03|  12|  5 |  10|  18|  9 |  13|  10|  10|  13|  12|  11|  13|  8 |  6 |  9 |  8 |  10|  7 |  4 |  1 |  6 |  7 |  4 |  15|
 04|  14|  12|  14|  12|  14|  6 |  16|  12|  11|  16|  26|  19|  13|  10|  2 |  12|  2 |  1 |  1 |  2 |  4 |  4 |  12|  3 |
 05|  11|  6 |  4 |  12|  5 |  6 |  7 |  6 |  10|  8 |  5 |  12|  5 |  5 |  10|  11|  8 |  7 |  10|  1 |  11|  11|  15|  9 |
 06|  13|  18|  16|  16|  8 |  16|  17|  7 |  0 |  0 |  0 |  7 |  85|  14|  10|  7 |  8 |  8 |  7 |  7 |  4 |  5 |  5 |  11|
 07|  8 |  11|  12|  11|  20|  13|  17|  18|  19|  11|  10|  16|  11|  14|  11|  2 |  3 |  6 |  3 |  6 |  2 |  6 |  6 |  11|
 08|  14|  10|  12|  36|  14|  6 |  14|  7 |  11|  12|  10|  10|  21|  10|  11|  3 |  3 |  2 |  8 |  3 |  7 |  4 |  5 |  21|
 09|  10|  12|  7 |  10|  12|  16|  6 |  17|  10|  11|  39|  13|  24|  17|  5 |  14|  16|  6 |  11|  7 |  9 |  12|  11|  21|
 10|  12|  22|  24|  17|  16|  15|  8 |  10|  7 |  21|  11|  20|  20|  12|  8 |  7 |  9 |  7 |  3 |  5 |  2 |  2 |  8 |  12|
 11|  10|  20|  12|  19|  18|  18|  25|  12|  25|  11|  18|  12|  11|  18|  11|  3 |  4 |  5 |  2 |  5 |  7 |  9 |  10|  15|
 12|  16|  10|  11|  4 |  7 |  7 |  8 |  12|  5 |  23|  21|  17|  17|  14|  10|  11|  8 |  7 |  7 |  2 |  1 |  6 |  10|  13|
 13|  5 |  10|  10|  12|  14|  15|  11|  7 |  13|  12|  22|  16|  8 |  10|  9 |  6 |  4 |  0 |  4 |  3 |  2 |  3 |  4 |  18|
 14|  14|  16|  9 |  20|  8 |  8 |  11|  5 |  6 |  6 |  19|  8 |  5 |  4 |  0 |  0 |  0 |  0 |  0 |  0 |  0 |  0 |  0 |  0 |
 15|  0 |  0 |  0 |  0 |  0 |  0 |  0 |  0 |  0 |  0 |  0 |  0 |  0 |  0 |  0 |  0 |  0 |  0 |  0 |  0 |  0 |  5 |  10|  9 |
 16|  1 |  10|  12|  8 |  6 |  4 |  11|  14|  13|  7 |  10|  8 |  2 |  8 |  6 |  4 |  5 |  4 |  5 |  7 |  1 |  0 |  0 |  0 |
 17|  0 |  0 |  0 |  0 |  0 |  0 |  0 |  0 |  0 |  0 |  0 |  0 |  0 |  0 |  0 |  0 |  0 |  9 |  4 |  1 |  4 |  4 |  6 |  12|
 18|  6 |  9 |  7 |  1 |  3 |  5 |  8 |  4 |  2 |  3 |  4 |  6 |  10|  8 |  2 |  2 |  3 |  1 |  1 |  2 |  5 |  5 |  5 |  3 |
 19|  3 |  5 |  4 |  10|  8 |  8 |  3 |  9 |  5 |  6 |  11|  6 |  12|  6 |  3 |  2 |  5 |  1 |  1 |  1 |  1 |  4 |  8 |  4 |
 20|  1 |  7 |  6 |  1 |  3 |  6 |  11|  4 |  2 |  16|  10|  6 |  6 |  13|  6 |  1 |  3 |  4 |  7 |  0 |  4 |  1 |  4 |  1 |
 21|  2 |  6 |  6 |  8 |  3 |  5 |  14|  6 |  27|  18|  8 |  10|  7 |  4 |  2 |  1 |  13|  4 |  5 |  4 |  5 |  8 |  11|  14|
 22|  46|  43|  40|  47|  71|  93| 178|  80|  90|  61| 100|  23|  37|  44|  36|  36|  20|  18|  46|  10|  10|  17|  12|  14|
 23|  34|  7 |  35|  11|  75|  50|  37| 289| 414| 222| 430|  2 |  1 |  1 |  1 |  0 |  0 |  2 |  2 |  0 |  0 |  2 |  1 |  1 |
 24|  1 |  3 |  4 |  1 |  3 |  5 |  2 |  3 |  6 |  1 |  2 |  2 |  1 |  2 |  0 |  2 |  0 |  5 |  0 |  0 |  3 |  1 |  1 |  1 |
 25|  1 |  3 |  1 |  1 |  6 |  2 |  2 |  5 |  3 |  1 |  5 |  10|  4 |  5 |  3 |  3 |  1 |  1 |  4 |  0 |  1 |  2 |  2 |  4 |
 26|  1 |  4 |  1 |  1 |  3 |  1 |  2 |  1 |  17|  1 |  7 |  9 |  9 |  18|  8 |  11|  6 |  4 |  3 |  2 |  1 |  1 |  0 |  7 |
 27|  3 |  2 |  7 |  6 |  10|  21|  10|  9 |  11|  6 |  13|  15|  8 |  12|  5 |  5 |  5 |  0 |  5 |  7 |  1 |  14|  9 |  14|
 28|  11|  10|  28|  11|  21|  9 |  17|  12|  19|  20|  33| 330| 106|  5 |  1 |  1 |  2 |  3 |  2 |  0 |  4 |  1 |  1 |  2 |
 29|  0 |  1 |  2 |  0 |  0 |  0 |  0 |  0 |  0 |  0 |  0 |  0 |  1 |  5 |  1 |  2 |  2 |  4 |  2 |  2 |  1 |  1 |  1 |  2 |
 30|  1 |  2 |  1 |  1 |  10|  2 |  1 |  22|  0 |  2 |  5 |  5 |  5 |  3 |  6 |  0 |  4 |  3 |  0 |  1 |  0 |  2 |  2 |  1 |
 31|??? |??? |??? |??? |??? |??? |??? |??? |??? |??? |??? |??? |??? |??? |??? |??? |??? |??? |??? |??? |??? |??? |??? |??? |
[Observer]Lockyer_Observatory
[Country]United Kingdom 
[City]Sidmouth
[Longitude]003°1307
[Latitude]050°4116
[Frequencies]
[Antenna]Quad Yagi
[Azimut Antenna]135
[Elevation Antenna]0
[Pre-Amplifier]None
[Receiver]ICOM IC-706 MKIIG
[Observing Method]HROFFT20dB Length Datas
[Remarks]winxp
