aug| 00h| 01h| 02h| 03h| 04h| 05h| 06h| 07h| 08h| 09h| 10h| 11h| 12h| 13h| 14h| 15h| 16h| 17h| 18h| 19h| 20h| 21h| 22h| 23h|
 01| 131| 128| 171| 187| 220| 207| 215| 195| 149| 123| 116| 122| 142| 131| 147| 153| 126| 120| 108| 185| 150| 143| 161| 159|
 02| 166| 166| 216| 253| 294| 275| 303| 322| 424| 257| 289| 258| 166| 159| 130| 108|  89| 164| 140| 481| 307| 219| 195| 168|
 03| 199| 161| 296| 257| 561| 423| 563| 419| 364| 326| 273| 246| 316| 187| 412| 239| 161| 257| 117| 110| 183| 269| 167| 170|
 04| 178| 160| 201| 206| 394| 385| 489| 340| 378| 193| 371| 230| 200| 160| 225| 100| 193| 166| 151| 191| 132|  98| 226| 202|
 05| 209| 803| 395| 333| 450| 542| 542| 501| 337| 248| 461| 255| 333| 301| 174| 277| 242| 207| 170| 255| 371| 280| 223| 178|
 06| 217| 231| 246| 287| 475| 537| 551| 424| 343| 284| 238| 281| 280| 164| 170| 136| 164| 164| 215| 255| 271| 250| 163| 149|
 07| 282| 254| 273| 254| 393| 469| 432| 409| 414| 462| 425| 393| 337| 253| 211| 205| 221| 194| 385| 518| 375| 224| 161| 256|
 08| 193| 211| 260| 343| 425| 554| 558| 506| 409| 421| 386| 389| 357| 409| 364| 332| 341| 357| 257| 465| 287| 412| 293| 207|
 09| 274| 230| 386| 415| 618| 829| 837| 770| 555| 530| 429| 457| 485| 427| 330| 386| 808| 213| 304| 620| 378| 316| 283| 261|
 10| 343| 321| 347| 426| 544|1024|1078| 869| 844| 823| 686| 457| 664| 605| 290| 329| 282| 351| 425| 349| 465| 537| 344| 222|
 11| 176| 199| 216| 289| 469| 547| 620| 504| 544| 336| 340| 384| 559| 405| 317| 307| 424| 368| 578| 396| 261| 314| 600| 352|
 12| 331| 285| 471| 566| 645| 755| 837| 891| 841| 733| 592| 796| 507| 318| 757| 626| 286| 272| 226| 740| 221| 182| 264| 289|
 13| 283| 428| 419| 510| 525| 697| 653| 532| 597| 404| 344| 339| 279| 270| 209| 188| 191| 201| 163| 268| 164| 159| 162| 174|
 14| 184| 194| 243| 298| 584| 536| 397| 438| 446| 291| 388| 320| 224| 267| 224| 205| 208| 213| 167| 254| 170| 175| 158| 134|
 15| 158| 140| 274| 236| 336| 307| 300| 273| 302| 263| 205| 298| 256| 167| 222| 220| 164| 158| 143| 183| 176| 137| 118| 114|
 16| 125| 131| 204| 204| 226| 208| 268| 322| 236| 224| 295| 297| 189| 186| 166| 187| 160| 124| 124| 208| 153| 227| 151| 164|
 17| 149| 208| 146| 220| 470| 445| 458| 362| 328| 320| 357| 320| 218| 247| 212| 139| 171| 167| 177| 209| 194| 138| 163| 159|
 18| 133| 170| 165| 191| 445| 263| 320| 275| 336| 297| 309| 240| 189| 215| 152| 180| 174| 150| 128| 236| 205| 117| 100| 126|
 19| 170| 156| 134| 168| 364| 309| 398| 293| 256| 226| 261| 302| 261| 182| 165| 197| 118| 139| 132| 198| 207| 247| 149| 131|
 20| 149| 156| 143| 171| 237| 469| 453| 353| 487| 340| 285| 271| 303| 236| 209| 187| 178| 177| 130| 215| 224| 516| 238| 137|
 21| 291| 141| 941|2031|1495|2418|3442|1081|1616| 816|1050|2973|1824| 312| 291| 268| 544|1123|1326|3110|2612|1215|1390| 590|
 22| 876|1067| 947| 739|1038|1148| 309| 236| 433| 305| 199| 203| 201| 171| 158| 170| 137| 116| 108| 124| 131| 114|  91| 147|
 23| 132| 120| 147| 198| 230| 263| 361| 236| 403| 388| 421| 345| 252| 195| 147| 220| 203| 202| 131| 280| 184| 146| 203| 142|
 24| 124| 133| 176| 261| 234| 222| 318| 290| 253| 269| 338| 313| 244| 179| 155| 134| 181| 165| 200| 167| 180| 145| 115| 131|
 25| 123| 140| 159| 190| 339| 432| 287| 205| 213| 128| 132| 166| 184| 150| 192| 116| 117|  98| 101| 172| 133|  78|  97| 138|
 26| 112| 142| 149| 141| 236| 322| 211| 193| 205| 201| 165| 170| 202| 190| 122| 157| 121| 117| 132| 167| 151| 159| 105| 118|
 27| 120| 140| 152| 166| 134| 203| 242|  0 |  0 |  0 | 180| 156| 173| 145| 129| 112| 110| 127| 119| 113| 118| 100| 124| 106|
 28| 111| 151| 140| 132| 141|  0 |  0 |  0 |  0 |  0 |  0 |  0 |  0 | 177| 217| 184| 174| 143| 185| 223| 161| 228| 124| 127|
 29| 143| 175| 162| 194| 286| 289| 295| 329| 321| 342| 283| 424| 314| 267| 192| 176| 121| 151| 166| 317| 153| 161| 129| 134|
 30| 196| 169| 170| 176| 252| 309| 467| 296| 359| 298| 339| 405| 512| 490| 439| 229| 212| 158| 164| 279| 153| 206| 138| 129|
 31| 149| 224| 171| 218| 311| 388| 603| 505| 572| 312| 343| 285| 326| 262| 251| 256| 178| 193| 169| 342| 257| 127| 147| 124|
[Observer]Lockyer_Observatory
[Country]United Kingdom 
[City]Sidmouth
[Longitude]003°1307
[Latitude]050°4116
[Frequencies]
[Antenna]Quad Yagi
[Azimut Antenna]135
[Elevation Antenna]0
[Pre-Amplifier]None
[Receiver]ICOM IC-706 MKIIG
[Observing Method]HROFFT10dB Length Datas
[Remarks]winxp
