jul| 00h| 01h| 02h| 03h| 04h| 05h| 06h| 07h| 08h| 09h| 10h| 11h| 12h| 13h| 14h| 15h| 16h| 17h| 18h| 19h| 20h| 21h| 22h| 23h|
 01|  5 |  12|  5 |  23|  26|  33|  13|  18|  5 |  9 |  5 |  4 |  8 |  15|  14|  18|  18|  6 |  9 |  5 |  5 |  7 |  7 |  1 |
 02|  2 |  4 |  11|  11|  13|  30|  22|  12|  25|  3 |  7 |  8 |  7 |  13|  9 |  11|  12|  10|  12|  10|  7 |  5 |  7 |  4 |
 03|  9 |  7 |  10|  13|  9 |  16|  17|  14|  10|  5 |  7 |  8 |  3 |  8 |  7 |  7 |  6 |  9 |  8 |  8 |  5 |  4 |  2 |  7 |
 04|  8 |  7 |  6 |  12|  6 |  16|  14|  13|  8 |  8 |  6 |  16|  12|  5 |  3 |  8 |  8 |  6 |  4 |  6 |  1 |  5 |  13|  10|
 05|  12|  5 |  17|  10|  7 |  6 |  6 |  6 |  1 |  3 |  11|  5 |  6 |  10|  10|  4 |  8 |  6 |  9 |  5 |  8 |  3 |  7 |  7 |
 06|  1 |  3 |  14|  8 |  10|  20|  10|  8 |  9 |  5 |  6 |  4 |  4 |  6 |  16|  8 |  8 |  5 |  1 |  9 |  1 |  11|  9 |  5 |
 07|  11|  30|  7 |  14|  22|  10|  10|  25|  15|  3 |  6 |  8 |  17|  2 |  7 |  7 |  7 |  3 |  0 |  3 |  5 |  6 |  3 |  6 |
 08|  8 |  8 |  16|  12|  2 |  11|  13|  7 |  9 |  4 |  3 |  10|  6 |  2 |  11|  7 |  2 |  5 |  3 |  3 |  6 |  6 |  6 |  3 |
 09|  4 |  5 |  4 |  7 |  14|  11|  12|  9 |  3 |  8 |  3 |  9 |  5 |  3 |  5 |  6 |  6 |  3 |  5 |  1 |  2 |  7 |  6 |  6 |
 10|  2 |  7 |  1 |  8 |  17|  5 |  9 |  15|  5 |  20|  4 |  16|  12|  6 |  7 |  9 |  1 |  3 |  3 |  3 |  3 |  6 |  1 |  17|
 11|  7 |  20|  9 |  16|  33|  11|  12|  21|  14|  17|  7 |  4 |  6 |  7 |  5 |  3 |  5 |  8 |  7 |  4 |  9 |  9 |  11|  7 |
 12|  9 |  6 |  15|  79|  6 |  15|  22|  8 |  14| 540|1176|  30|  8 |  4 |  7 |  13|  4 |  0 |  2 |  3 |  5 |  7 |  7 |  5 |
 13|  11|  33|  5 |  12|  6 |  12|  17|  11|  3 |  5 |  18|  3 |  9 |  8 |  3 |  6 |  6 |  4 |  5 |  2 |  7 |  7 |  3 |  5 |
 14|  5 |  3 |  7 |  6 |  12|  33|  9 |  18|  12|  10|  10|  3 |  8 |  8 |  4 |  11|  6 |  4 |  4 |  3 |  2 |  7 |  3 |  7 |
 15|  4 |  4 |  19|  21|  22|  6 |  5 |  28|  4 |  4 |  6 |  5 |  6 |  15|  5 |  5 |  2 |  2 |  3 |  3 |  2 |  3 |  4 |  14|
 16|  0 |  7 |  8 |  11|  9 |  15|  7 |  14|  11|  4 |  24|  7 |  5 |  6 |  8 |  3 |  0 |  3 |  3 |  3 |  2 |  6 |  10|  6 |
 17|  8 |  10|  8 |  7 |  12|  13|  7 |  16|  3 |  4 |  12|  6 |  10|  3 |  4 |  3 |  8 |  6 |  2 |  3 |  2 |  0 |  7 |  3 |
 18|  8 |  5 |  12|  11|  20|  7 |  8 |  8 |  5 |  3 |  6 |  6 |  5 |  5 |  3 |  8 |  8 |  3 |  5 |  0 |  4 |  4 |  3 |  2 |
 19|  10|  5 |  15|  3 |  6 |  6 |  7 |  8 |  4 |  8 |  4 |  5 |  9 |  1 |  4 |  5 |  9 |  9 |  5 |  12|  6 |  5 |  6 |  10|
 20|  9 |  6 |  14|  5 |  13|  5 |  13|  10|  9 |  7 |  15|  3 |  2 |  2 |  1 |  8 |  10|  8 |  2 |  7 |  6 |  6 |  27|  11|
 21|  9 |  5 |  9 |  10|  9 |  16|  10|  6 |  7 |  21|  7 |  6 |  7 |  4 |  3 |  0 |  2 |  3 |  2 |  3 |  7 |  5 |  3 |  7 |
 22|  10|  8 |  4 |  7 |  7 |  4 |  12|  4 |  4 |  6 |  7 |  3 |  1 |  1 |  2 |  1 |  0 |  4 |  4 |  5 |  3 |  2 |  5 |  7 |
 23|  4 |  7 |  13|  4 |  7 |  10|  6 |  7 |  1 |  3 |  1 |  2 |  3 |  2 |  1 |  2 |  4 |  3 |  3 |  2 |  2 |  3 |  22|  4 |
 24|  7 |  6 |  10|  11|  2 |  13|  11|  5 |  4 |  5 |  4 |  6 |  12|  5 |  7 |  6 |  4 |  5 |  2 |  3 |  2 |  4 |  3 |  5 |
 25|  9 |  7 |  5 |  30|  12|  14|  13|  12|  7 |  8 |  6 |  2 |  19|  7 |  6 |  1 |  2 |  3 |  4 |  5 |  3 |  1 |  4 |  11|
 26|  11|  6 |  5 |  3 |  7 |  16|  1 |  6 |  12|  5 |  5 |  9 |  7 |  7 |  2 |  0 |  4 |  3 |  2 |  4 |  0 |  6 |  9 |  8 |
 27|  21|  9 |  14|  7 |  10|  14|  6 |  7 |  3 |  5 |  1 |  8 |  2 |  6 |  5 |  5 |  2 |  5 |  5 |  9 |  5 |  3 |  5 |  10|
 28|  4 |  5 |  9 |  8 |  36|  14|  6 |  10|  7 |  4 |  15|  6 |  4 |  3 |  7 |  4 |  3 |  10|  5 |  8 |  3 |  10|  5 |  12|
 29|  11|  7 |  11|  21|  28|  3 |  3 |  10|  9 |  4 |  7 |  6 |  4 |  11|  5 |  6 |  3 |  2 |  4 |  8 |  9 |  8 |  7 |  4 |
 30|  11|  5 |  13|  5 |  6 |  37|  9 |  12|  12|  4 |  7 |  9 |  7 |  6 |  0 |  5 |  4 |  16|  2 |  5 |  1 |  11|  2 |  9 |
 31|  10|  19|  13|  4 |  23|  13|  12|  11|  28|  2 |  18|  1 |  5 |  7 |  6 |  6 |  2 |  8 |  3 |  2 |  4 |  6 |  6 |  16|
[Observer]Lockyer_Observatory
[Country]United Kingdom 
[City]Sidmouth
[Longitude]003°1307
[Latitude]050°4116
[Frequencies]
[Antenna]Quad Yagi
[Azimut Antenna]135
[Elevation Antenna]0
[Pre-Amplifier]None
[Receiver]ICOM IC-706 MKIIG
[Observing Method]HROFFT30dB Length Datas
[Remarks]winxp
