oct| 00h| 01h| 02h| 03h| 04h| 05h| 06h| 07h| 08h| 09h| 10h| 11h| 12h| 13h| 14h| 15h| 16h| 17h| 18h| 19h| 20h| 21h| 22h| 23h|
 01|  16|  30|  30|  23|  19|  34|  29|  31|  45|  26|  24|  23|  35|  21|  18|  25|  20|  31|  15|  18|  25|  18|  12|  26|
 02|  20|  20|  31|  30|  26|  28|  32|  33|  27|  23|  31|  39|  29|  21|  23|  19|  13|  11|  19|  22|  26|  13|  12|  17|
 03|  33|  29|  20|  31|  31|  40|  34|  39|  42|  29|  47|  40|  29|  24|  26|  43|  14|  24|  17|  12|  33|  7 |  8 |  31|
 04|  10|  16|  24|  26|  18|  17|  43|  25|  45|  28|  28|  42|  23|  19|  16|  24|  24|  15|  29|  25|  20|  16|  15|  12|
 05|  19|  21|  18|  23|  19|  39|  35|  37|  39|  25|  22|  22|  25|  24|  22|  15|  16|  18|  13|  23|  16|  19|  16|  13|
 06|  15|  21|  29|  19|  28|  29|  23|  31|  27|  24|  25|  33|  32|  28|  30|  26|  25|  14|  15|  20|  25|  17|  22|  19|
 07|  18|  23|  14|  25|  26|  18|  40|  20|  36|  27|  44|  20|  29|  21|  28|  25|  22|  16|  20|  31|  24|  18|  24|  19|
 08|  11|  27|  25|  24|  14|  42|  29|  29|  24|  24|  27|  23|  18|  37|  21|  18|  26|  20|  17|  26|  29|  22|  13|  35|
 09|  18|  39|  18|  18|  29|  33|  44|  29|  18|  17|  31|  41|  24|  16|  23|  34|  12|  32|  16|  27|  33|  9 |  27|  29|
 10|  18|  22|  37|  35|  31|  29|  42|  29|  23|  74|  35|  44|  26|  34|  23|  20|  16|  30|  21|  40|  17|  34|  14|  14|
 11|  14|  23|  24|  34|  36|  25|  42|  40|  37|  46|  27|  35|  38|  28|  26|  21|  49|  19|  17|  20|  16|  9 |  14|  18|
 12|  30|  19|  15|  29|  29|  18|  39|  29|  25|  27|  25|  23|  21|  17|  19|  23|  15|  30|  17|  20|  26|  22|  11|  33|
 13|  20|  33|  38|  31|  36|  21|  31|  40|  28|  30|  28|  38|  41|  26|  31|  21|  13|  25|  14|  32|  20|  17|  15|  24|
 14|  22|  31|  34|  33|  31|  57|  39|  30|  27|  95|  42|  17|  20|  32|  28|  22|  25|  22|  19|  18|  33|  23|  26|  20|
 15|  31|  17|  28|  35|  30|  32|  29|  32|  68|  29|  85|  32|  28|  18|  21|  30|  29|  22|  20|  23|  20|  24|  21|  22|
 16|  29|  20|  12|  26|  49|  29|  32|  48|  31|  50|  39|  21|  34|  42|  30|  29|  22|  25|  22|  37|  22|  27|  20|  23|
 17|  20|  22|  17|  28|  17|  48|  28|  28|  33|  36|  31|  41|  22|  31|  29|  20|  27|  19|  24|  32|  28|  22|  17|  16|
 18|  32|  28|  37|  35|  34|  34|  29|  55|  41|  32|  23|  33|  28|  23| 338|2285|1266|  88|  31|  36|  19|  11|  8 |  17|
 19|  25|  21|  29|  15|  33|  20|  35|  33|  29|  29|  32|  26|  34|  27|  31|  19|  9 |  14|  10|  11|  16|  14|  9 |  38|
 20|  18|  13|  20|  34|  28|  53|  36|  17|  17|  29|  19|  18|  18|  21|  6 |  11|  15|  15|  21|  8 |  16|  23|  11|  12|
 21|  16|  27|  44|  23|  20|  13|  42|  26|  32|  13|  24|  9 |  17|  22|  12|  19|  13|  16|  14|  17|  9 |  10|  11|  6 |
 22|  18|  29|  24|  38|  18|  18|  21|  16|  64|  12|  12|  20|  19|  15|  12|  15|  13|  18|  14|  17|  6 |  14|  4 |  15|
 23|  23|  19|  28|  25|  23|  26|  15|  19|  21|  34|  6 |  18|  27|  16|  52|  12|  13|  13|  15|  8 |  16|  19|  11|  19|
 24|  19|  29|  19|  15|  49|  19|  28|  16|  37|  21|  17|  11|  16|  16|  17|  15|  17|  17|  12|  22|  20|  15|  8 |  13|
 25|  15|  22|  18|  12|  10|  19|  32|  26|  34|  26|  25|  18|  14|  24|  22|  22|  15|  8 |  17|  24|  20|  14|  15|  20|
 26|  15|  19|  22|  34|  49|  30|  35|  39|  17|  47|  25|  36|  29|  21|  25|  31|  18|  25|  39|  23|  30|  16|  20|  24|
 27|  37|  25|  26|  0 |  0 |  0 |  0 |  0 |  0 |  0 |  0 |  0 |  0 |  0 |  0 |  0 |  0 |  0 |  0 |  0 |  0 |  0 |  0 |  0 |
 28|??? |??? |??? |??? |??? |??? |??? |??? |??? |??? |??? |??? |??? |??? |??? |??? |??? |??? |??? |??? |??? |??? |??? |??? |
 29|  0 |  0 |  0 |  0 |  0 |  0 |  0 |  0 |  29|  32|  20|  17|  28|  24|  19|  34|  28|  32|  48|  46|  35|  25|  37|  24|
 30|  23|  32|  25|  25|  33|  27|  33|  43|  72|  44|  44|  29|  35|  27|  18|  0 |  0 |  0 |  10|  30|  26|  26|  24|  14|
 31|  28|  21|  25|  26|  22|  32|  50|  32|  33|  19|  28|  35|  21|  18|  15|  17|  21|  24|  19|  29|  28|  25|  14|  14|
[Observer]Lockyer_Observatory
[Country]United Kingdom 
[City]Sidmouth
[Longitude]003°1307
[Latitude]050°4116
[Frequencies]
[Antenna]Quad Yagi
[Azimut Antenna]135
[Elevation Antenna]0
[Pre-Amplifier]None
[Receiver]ICOM IC-706 MKIIG
[Observing Method]HROFFT20dB Length Datas
[Remarks]winxp
