aug| 00h| 01h| 02h| 03h| 04h| 05h| 06h| 07h| 08h| 09h| 10h| 11h| 12h| 13h| 14h| 15h| 16h| 17h| 18h| 19h| 20h| 21h| 22h| 23h|
 01|  9 |  3 |  5 |  3 |  13|  8 |  9 |  9 |  3 |  4 |  1 |  5 |  5 |  5 |  5 |  2 |  4 |  6 |  2 |  2 |  5 |  5 |  9 |  6 |
 02|  9 |  8 |  13|  20|  22|  15|  5 |  6 |  11|  6 |  7 |  5 |  2 |  4 |  2 |  6 |  0 |  6 |  6 |  6 |  5 |  4 |  5 |  12|
 03|  11|  11|  10|  11|  19|  15|  14|  13|  7 |  9 |  9 |  8 |  5 |  6 |  2 |  8 |  2 |  1 |  1 |  1 |  9 |  10|  6 |  7 |
 04|  6 |  8 |  12|  8 |  13|  10|  13|  15|  7 |  4 |  11|  4 |  5 |  6 |  2 |  4 |  2 |  4 |  4 |  4 |  2 |  4 |  12|  7 |
 05|  8 |  9 |  13|  22|  23|  22|  23|  15|  11|  7 |  6 |  6 |  15|  7 |  10|  4 |  3 |  6 |  2 |  7 |  8 |  6 |  5 |  11|
 06|  7 |  17|  12|  20|  24|  19|  20|  16|  6 |  10|  6 |  3 |  10|  10|  8 |  5 |  6 |  7 |  10|  5 |  7 |  11|  5 |  5 |
 07|  21|  14|  28|  13|  14|  16|  12|  20|  20|  7 |  3 |  8 |  4 |  4 |  8 |  3 |  2 |  8 |  7 |  12|  8 |  10|  6 |  17|
 08|  8 |  11|  12|  16|  20|  18|  23|  24|  9 |  14|  14|  9 |  9 |  13|  15|  6 |  11|  10|  8 |  3 |  4 |  8 |  7 |  6 |
 09|  24|  12|  22|  15|  24|  24|  32|  10|  10|  9 |  12|  7 |  5 |  7 |  5 |  5 |  4 |  3 |  7 |  4 |  9 |  5 |  6 |  12|
 10|  17|  14|  21|  29|  14|  27|  24|  33|  22|  23|  3 |  14|  12|  14|  7 |  6 |  4 |  6 |  9 |  7 |  12|  9 |  12|  8 |
 11|  11|  9 |  18|  18|  29|  27|  30|  30|  16|  13|  13|  14|  20|  10|  7 |  9 |  5 |  10|  8 |  11|  14|  7 |  11|  18|
 12|  15|  21|  35|  45|  41|  51|  52|  34|  38|  30|  39|  53|  34|  18|  32|  20|  12|  19|  12|  6 |  10|  7 |  15|  25|
 13|  21|  29|  44|  41|  40|  54|  48|  25|  35|  21|  31|  19|  23|  15|  10|  2 |  7 |  12|  9 |  16|  5 |  6 |  9 |  7 |
 14|  14|  11|  17|  15|  40|  32|  14|  18|  15|  16|  12|  8 |  8 |  11|  2 |  4 |  4 |  4 |  4 |  3 |  10|  5 |  10|  6 |
 15|  10|  5 |  19|  12|  11|  7 |  19|  18|  12|  13|  8 |  11|  3 |  8 |  5 |  11|  5 |  5 |  5 |  4 |  10|  5 |  6 |  8 |
 16|  8 |  7 |  10|  11|  9 |  9 |  6 |  13|  7 |  8 |  8 |  8 |  6 |  2 |  6 |  3 |  3 |  6 |  6 |  9 |  4 |  5 |  12|  7 |
 17|  8 |  8 |  7 |  10|  12|  12|  7 |  4 |  10|  8 |  5 |  6 |  5 |  3 |  10|  4 |  6 |  4 |  4 |  5 |  1 |  8 |  6 |  7 |
 18|  5 |  10|  9 |  6 |  10|  11|  7 |  9 |  7 |  4 |  4 |  3 |  5 |  12|  5 |  3 |  3 |  6 |  2 |  4 |  3 |  1 |  5 |  3 |
 19|  8 |  11|  2 |  3 |  9 |  10|  11|  7 |  6 |  8 |  14|  5 |  6 |  4 |  2 |  10|  7 |  3 |  7 |  2 |  5 |  5 |  4 |  1 |
 20|  3 |  9 |  5 |  8 |  8 |  10|  9 |  7 |  5 |  3 |  8 |  4 |  5 |  5 |  8 |  5 |  5 |  8 |  3 |  5 |  4 |  2 |  2 |  4 |
 21|  2 |  4 |  4 |  9 |  14|  10| 298|  12|  7 |  4 |  4 |  6 |  1 |  5 |  2 |  8 |  5 |  9 |  5 |  63|  62|  7 |  8 |  4 |
 22|  2 |  5 |  8 |  4 |  8 |  12|  4 |  9 |  3 |  4 |  6 |  4 |  4 |  2 |  3 |  9 |  5 |  4 |  5 |  7 |  9 |  8 |  2 |  5 |
 23|  5 |  4 |  7 |  5 |  6 |  5 |  4 |  9 |  6 |  5 |  7 |  5 |  5 |  4 |  4 |  3 |  8 |  2 |  3 |  6 |  4 |  5 |  5 |  6 |
 24|  4 |  8 |  6 |  6 |  4 |  6 |  7 |  6 |  3 |  6 |  3 |  4 |  2 |  4 |  8 |  3 |  7 |  3 |  6 |  5 |  3 |  1 |  5 |  6 |
 25|  7 |  5 |  10|  2 |  7 |  8 |  8 |  4 |  5 |  3 |  3 |  5 |  4 |  5 |  10|  2 |  9 |  2 |  4 |  5 |  7 |  1 |  1 |  10|
 26|  4 |  1 |  11|  8 |  8 |  4 |  3 |  4 |  7 |  4 |  5 |  5 |  5 |  6 |  2 |  1 |  10|  4 |  1 |  7 |  5 |  4 |  0 |  7 |
 27|  3 |  8 |  6 |  6 |  2 |  11|  8 |  0 |  0 |  0 |  7 |  2 |  6 |  1 |  10|  4 |  4 |  5 |  7 |  8 |  2 |  4 |  4 |  6 |
 28|  5 |  6 |  6 |  7 |  3 |  0 |  0 |  0 |  0 |  0 |  0 |  0 |  0 |  6 |  6 |  5 |  3 |  6 |  6 |  5 |  4 |  9 |  3 |  1 |
 29|  5 |  6 |  7 |  8 |  10|  3 |  8 |  3 |  7 |  3 |  3 |  6 |  8 |  4 |  4 |  4 |  5 |  8 |  3 |  2 |  2 |  4 |  5 |  2 |
 30|  6 |  1 |  2 |  6 |  6 |  11|  8 |  9 |  5 |  2 |  3 |  6 |  5 |  5 |  5 |  7 |  6 |  6 |  4 |  2 |  2 |  3 |  7 |  3 |
 31|  7 |  10|  4 |  5 |  14|  7 |  11|  1 |  4 |  9 |  6 |  8 |  2 |  8 |  3 |  4 |  4 |  6 |  1 |  4 |  4 |  8 |  0 |  5 |
[Observer]Lockyer_Observatory
[Country]United Kingdom 
[City]Sidmouth
[Longitude]003°1307
[Latitude]050°4116
[Frequencies]
[Antenna]Quad Yagi
[Azimut Antenna]135
[Elevation Antenna]0
[Pre-Amplifier]None
[Receiver]ICOM IC-706 MKIIG
[Observing Method]HROFFT30dB Count Datas
[Remarks]winxp
