jul| 00h| 01h| 02h| 03h| 04h| 05h| 06h| 07h| 08h| 09h| 10h| 11h| 12h| 13h| 14h| 15h| 16h| 17h| 18h| 19h| 20h| 21h| 22h| 23h|
 01|  25|  32|  24|  38|  61|  58|  41|  34|  22|  26|  29|  25|  30|  32|  36|  45|  31|  29|  22|  21|  30|  24|  23|  26|
 02|  28|  27|  26|  37|  46|  43| 133|  60| 137|  32|  35|  34|  35|  35|  33|  42|  26|  28|  36|  28|  29|  20|  34|  32|
 03|  50|  40|  41|  58|  57|  58|  60|  55|  44|  38|  39|  27|  30|  27|  29|  26|  19|  27|  20|  19|  21|  18|  36|  30|
 04|  32|  27|  26|  38|  52|  62|  47|  38|  36|  38|  22|  28|  34|  25|  20|  25|  20|  23|  16|  23|  13|  20|  35|  30|
 05|  39|  19|  35|  38|  30|  53|  38|  31|  11|  28|  29|  30|  21|  24|  32|  21|  27|  18|  23|  20|  26|  27|  25|  25|
 06|  23|  16|  35|  33|  49|  47|  56|  40|  24|  25|  23|  18|  26|  21|  56|  29|  65| 154|  30|  38|  15|  27| 102|  96|
 07|  23|  32|  31|  26|  44|  45|  41|  20|  34|  18|  22|  26|  23|  15|  25|  19|  17|  14|  4 |  15|  26|  20|  22|  20|
 08|  29|  22|  30|  30|  35|  89|  89|  29|  25|  26|  22|  48|  17|  14|  16|  14|  11|  14|  15|  15|  20|  23|  19|  19|
 09|  31|  20| 255| 309|  71|  37|  40|  29|  35|  23|  26|  28|  23|  10|  21|  21|  15|  14|  16|  14|  15|  25|  23|  23|
 10|  14|  26|  21|  31|  43|  28|  40|  57|  23|  33|  24|  25|  29|  29|  16|  21|  16|  9 |  5 |  15|  13|  18|  13|  27|
 11|  27|  96| 180| 153| 159| 171| 516| 498| 344| 475| 393| 148|  29|  34|  13|  16|  20| 167|  30|  29| 256| 199|  43| 229|
 12| 186| 271| 245| 586| 342| 104| 226| 190| 417| 337| 169| 435|  26|  25|  23|  22|  18|  25|  12|  24|  25|  30|  33|  27|
 13|  32|  32|  26|  25|  34|  65|  31|  40|  22|  21|  17|  16|  22|  20|  23|  25|  19|  11|  10|  11|  17|  22|  24|  33|
 14|  25|  26|  40|  28|  41|  62|  47|  52|  29|  35|  30|  32|  23|  21|  24|  27|  19|  25|  18|  14|  16|  19|  18|  20|
 15|  28|  35|  42|  34|  34|  47|  26|  28|  24|  25|  20|  14|  17|  23|  19|  12|  14|  19|  37|  13|  8 |  13|  15|  26|
 16|  21|  32|  38|  23|  28|  41|  38|  42|  25|  15|  25|  23|  21|  17|  20|  15|  9 |  19|  18|  13|  21|  17|  31|  18|
 17|  33|  37|  20|  30|  41|  36|  23|  23|  21|  28|  28|  23|  27|  18|  10|  29|  10|  17|  17|  16|  14|  17|  25|  14|
 18|  39|  27|  30|  34|  40|  26|  28|  32|  29|  31|  20|  23|  17|  17|  14|  12|  22|  16|  11|  13|  19|  18|  13|  32|
 19|  22|  29|  26|  28|  34|  40|  28|  23|  26|  22|  21|  19|  27|  14|  25|  24|  23|  27|  16|  27|  23|  21|  20|  34|
 20|  34|  38|  34|  26|  40|  43|  46|  45|  31|  37|  37|  29|  14|  21|  16|  20|  27|  31|  10|  19|  29|  29|  30|  28|
 21|  37|  26|  34|  44|  45|  52|  41|  27|  25|  42|  24|  22|  21|  14|  17|  12|  19|  15|  9 |  5 |  15|  25|  18|  25|
 22|  28|  34|  20|  24|  29|  25|  27|  26|  14|  22|  22|  12|  13|  18|  8 |  7 |  10|  16|  15|  12|  10|  17|  23|  30|
 23|  20|  41|  27|  27|  40|  37|  30|  22|  18|  22|  11|  12|  14|  12|  13|  17|  18|  15|  10|  12|  9 |  15|  28|  19|
 24|  27|  21|  29|  23|  35|  23|  33|  17|  23|  22|  14|  21|  15|  9 |  12|  9 |  14|  18|  15|  15|  12|  20|  16|  22|
 25|  27|  34|  27|  39|  24|  31|  38|  27|  21|  22|  18|  10|  13|  20|  18|  10|  14|  14|  22|  19|  16|  16|  21|  30|
 26|  34|  24|  30|  26|  25|  37|  22|  15|  34|  19|  20|  17|  20|  9 |  14|  16|  13|  16|  11|  19|  11|  31|  17|  25|
 27|  32|  35|  32|  27|  39|  37|  33|  23|  12|  25|  9 |  18|  12|  18|  17|  17|  16|  16|  19|  17|  26|  14|  24|  35|
 28|  31|  27|  28|  32|  47|  34|  30|  25|  20|  11|  16|  19|  15|  20|  27|  24|  17|  21|  23|  33|  19|  23|  20|  39|
 29|  29|  30|  31|  50|  31|  24|  26|  32|  26|  23|  23|  20|  25|  14|  19|  20|  18|  17|  19|  20|  22|  22|  24|  23|
 30|  30|  36|  35|  29|  28|  37|  28|  26|  16|  20|  17|  14|  21|  18|  9 |  16|  10|  24|  12|  16|  10|  19|  16|  24|
 31|  26|  23|  24|  31|  43|  43|  31|  30|  25|  18|  21|  9 |  14|  21|  21|  29|  14|  27|  17|  17|  18|  28|  30|  22|
[Observer]Lockyer_Observatory
[Country]United Kingdom 
[City]Sidmouth
[Longitude]003°1307
[Latitude]050°4116
[Frequencies]
[Antenna]Quad Yagi
[Azimut Antenna]135
[Elevation Antenna]0
[Pre-Amplifier]None
[Receiver]ICOM IC-706 MKIIG
[Observing Method]HROFFT20dB Count Datas
[Remarks]winxp
