apr| 00h| 01h| 02h| 03h| 04h| 05h| 06h| 07h| 08h| 09h| 10h| 11h| 12h| 13h| 14h| 15h| 16h| 17h| 18h| 19h| 20h| 21h| 22h| 23h|
 01|  49|  70|  55|  45|  48|  74|  87|  62|  75|  95|  81|  83|  71|  71|  33|  60|  26|  19|  23|  19|  30|  27|  21|  37|
 02|  46|  50|  48|  57|  46|  48|  80|  66| 111|  56|  77|  69|  63|  50|  39|  40|  21|  24|  37|  41|  40|  57|  61|  67|
 03|  77| 120| 115| 108| 135| 111| 124| 126| 144| 123| 127| 100| 157|  79| 167| 108| 101| 129|  60|  58|  71|  81|  77| 102|
 04| 102| 109| 118|  92| 133| 111| 155| 156| 133| 176| 150| 134| 136|  86|  33|  37|  15|  17|  20|  13|  19|  15|  25|  17|
 05|  29|  31|  45|  28|  25|  29|  20|  30|  23|  33|  29|  45|  39|  26|  21|  48|  64|  30|  51|  60|  71|  59| 156| 138|
 06|  75|  48|  62|  63|  67| 115| 108|  85|??? |??? |??? |  61| 130|  93|  70|  60|  39|  32|  35|  59|  40|  30|  41|  45|
 07|  66|  54|  52|  46|  65|  52| 104|  69|  99|  80|  88|  81|  82|  56|  43|  26|  27|  24|  29|  19|  23|  36|  23|  41|
 08|  51|  52|  57|  50|  78|  47|  78|  99|  81|  84|  68|  81|  91|  61|  43|  35|  47|  37|  34|  40|  30|  42|  35|  59|
 09|  43|  56|  60|  73|  49|  50|  61|  59|  57|  53|  60|  67|  83|  62|  49|  52|  26|  26|  31|  44|  31|  50|  41|  61|
 10|  64|  75|  67|  91|  54|  48|  72|  62|  56|  85|  61| 105|  81|  71|  58|  35|  32|  27|  26|  30|  18|  26|  29|  46|
 11|  42|  53|  62|  66|  65|  71|  53|  83|  71|  67|  95|  86|  89|  69|  48|  40|  31|  28|  15|  18|  37|  40|  31|  50|
 12|  54|  51|  50|  36|  60|  40|  46|  62|  66|  71|  79|  74|  70|  39|  45|  34|  25|  26|  24|  20|  17|  38|  32|  27|
 13|  39|  43|  45|  29|  55|  59|  45|  48|  49|  65|  76|  64|  54|  48|  45|  31|  14|  16|  22|  23|  27|  12|  15|  36|
 14|  45|  42|  41|  39|  37|  37|  46|  44|  45|  56|  57|  57|  45|  8 |??? |??? |??? |??? |??? |??? |??? |??? |??? |  0 |
 15|??? |??? |??? |??? |??? |??? |??? |??? |??? |??? |??? |??? |??? |??? |??? |??? |??? |??? |??? |??? |??? |  13|  32|  29|
 16|  12|  34|  31|  31|  23|  21|  62|  56|  52|  42|  53|  49|  25|  35|  62|  66|  22|  39|  19|  19|  16|??? |??? |  0 |
 17|??? |??? |??? |??? |??? |??? |??? |??? |??? |??? |??? |??? |??? |??? |??? |??? |??? |  33|  15|  13|  17|  15|  16|  21|
 18|  21|  28|  25|  19|  22|  32|  42|  32|  28|  31|  26|  43|  45|  40|  37|  40|  40|  37|  39|  24|  18|  14|  25|  22|
 19|  12|  34|  27|  28|  33|  32|  47|  42|  32|  39|  32|  41|  43|  40|  51|  36|  78| 167| 123|  96|  48|  7 |  23|  10|
 20|  18|  37|  34|  48|  81|  97| 131| 122|  87|  98|  75|  79|  41|  26|  23|  11|  43|  34|  23|  12|  15|  10|  28|  29|
 21|  46|  68|  22|  28|  21|  24|  33|  31|  40|  36|  43|  38|  27|  20|  20|  24|  37|  50|  30|  55|  90| 187| 559| 862|
 22| 665|  45|  26|  17|  25|  18|  9 |  8 |  9 |  6 |  8 | 132| 105|  34| 113| 148|  57|  44|  24|  10|  7 |  7 |  8 |  7 |
 23|  9 |  18|  16|  10|  7 |  13|  15|  6 |  6 |  6 |  41|  49|  69|  45|  88|  49| 129|  75|  87|  33|  27|  34|  39|  47|
 24|  61|  50|  61|  43| 103|  49|  93|  75|  47|  48|  47|  44|  61|  40| 100|  67|  77|  82|  48|  76|  54|  39|  52|  42|
 25|  68|  48|  85|  52|  75|  59|  40|  58|  40|  59|  52|  47|  53|  69|  45|  61|  37|  61|  64|  40|  40|  39|  54|  45|
 26|  41|  44|  96|  91|  51|  67|  65|  51|  65|  46|  74|  68| 134| 103|  55| 178| 103|  15|  11|  16|  17|  4 |  1 |  12|
 27|  29|  28|  31|  28|  47| 148| 132|  61|  57|  69|  83|  41|  44|  42|  24|  11|  15|  12|  10|  20| 106|  29|  40|  39|
 28|  42| 103|  76|  96| 169| 209| 234| 296| 544| 347| 159|  8 |  14| 116|  70|  12|  8 |  6 |  5 |  2 |  9 |  2 |  7 |  6 |
 29|  7 |  9 |  8 |  9 |??? |??? |  11| 154|  79|  34| 152| 589| 475| 227| 234| 249| 260| 255| 459| 333| 360| 457| 532| 315|
 30| 140|  82|  84|  99|  57| 153| 669| 544| 565| 762| 559| 586| 545| 342| 204| 272| 196| 263| 248| 169| 179| 200| 325| 509|
 31| 31|??? |??? |??? |??? |??? |??? |??? |??? |??? |??? |??? |??? |??? |??? |??? |??? |??? |??? |??? |??? |??? |??? |??? |??? |
[Observer]Lockyer_Observatory
[Country]United Kingdom 
[City]Sidmouth
[Longitude]003°1307
[Latitude]050°4116
[Frequencies]
[Antenna]Quad Yagi
[Azimut Antenna]135
[Elevation Antenna]0
[Pre-Amplifier]None
[Receiver]ICOM IC-706 MKIIG
[Observing Method]HROFFT10dB Count Datas
[Remarks]winxp
