feb| 00h| 01h| 02h| 03h| 04h| 05h| 06h| 07h| 08h| 09h| 10h| 11h| 12h| 13h| 14h| 15h| 16h| 17h| 18h| 19h| 20h| 21h| 22h| 23h|
 01|  73|  97| 120| 192|  69| 122| 175| 262| 194| 211| 199| 231| 178| 223| 126|  63| 114|  92|  44|  41|  55|  91|  64|  66|
 02|  76|  81|  89| 143|  91|  91| 128| 165| 116| 140| 170| 174| 184| 235| 104| 117| 135|  87|  79|  76| 133| 116|  76|  80|
 03| 101| 100| 105| 203| 201| 151| 146| 121| 204| 203| 243| 294| 282| 257| 201| 158| 108|  58|  71| 103| 152| 208| 118|  90|
 04| 183|  89| 140| 123| 114|  99| 211| 231| 162| 260| 298| 250| 196| 205| 179| 153| 204| 183|  71| 358|  97| 112|  66|  98|
 05|  74| 111| 124| 176| 131| 182| 158| 286| 226| 210| 188| 211| 216| 202|  80| 110|  96| 290| 123| 103| 108| 101| 175|  76|
 06|  75| 120| 110| 129| 137|  86| 112| 106| 111| 174| 143| 168| 105| 104| 106|  63|  58|  81|  66|  76|  81| 123|  73|  80|
 07| 107| 122| 126| 134| 134| 129| 127| 109| 170| 214| 169| 175| 175| 165| 119|  76| 133| 281|  93| 208| 230| 227| 203| 140|
 08| 108| 149| 150| 189| 128| 261| 247| 329| 279| 200| 244| 157| 140| 177| 139|  72| 141|  56|  32|  24| 226|1155|3399| 432|
 09|1140|3297|3299|3294|2627|3181|2870|3402|3460|3361|3348|3173|2754|2713|2048| 201|  66| 305|  30| 433|  99|  64|  60|  74|
 10| 132|  91| 162|1142|2884|3564|2214|3573|3573|3574|3573|3197| 958| 993|  34|1127| 904| 655| 600| 374| 655| 549| 531| 404|
 11| 606| 457| 806| 831| 298| 988| 422| 762| 423| 329| 383| 527| 482| 888| 234| 881| 301| 565| 577| 265| 489| 472| 301| 527|
 12| 283| 712| 260| 641| 517|1164| 700| 439| 525| 690| 476| 847| 210| 646| 348| 833| 931| 567| 317| 169| 210| 254| 506| 304|
 13| 109| 635| 249| 971| 909|1267|1064|1036| 525| 554| 517|1245| 358| 839| 949| 829| 571| 602| 688| 583| 532| 669| 597| 276|
 14| 181| 399| 248| 261| 119| 235| 272| 504| 279| 167| 175| 442| 182| 357| 296| 187|  79| 130| 173| 120| 142| 151| 120| 140|
 15| 127| 233| 190| 464| 349| 271| 502| 161| 327| 226| 258| 382| 337| 564| 246| 235| 325| 144| 326|  55|  26|  44|  22|  18|
 16| 131| 137| 156| 315|  40|  36| 299|  92| 179| 166| 168| 166| 157| 166| 114| 117|  0 | 500| 113|  86|  82|  61|  88|  0 |
 17|  0 |  0 |  0 | 125| 145| 117| 168| 262| 201| 170| 160| 139| 125| 106| 144| 780| 114|  19|  39|  20|  29|  51|  45|  65|
 18|  91|  72|  93| 108|  91| 131| 167| 168|  82| 143| 173| 137|  90| 151|  84|  62|  99|  70|  51|  82| 120| 148| 141|  93|
 19|  88|  89|  92| 124| 114|  96| 107| 133| 116| 154| 137| 119| 109| 141| 134|  98| 123| 163|  81| 188| 570| 150| 392|  66|
 20|  73| 134| 133| 116| 149| 250| 266| 167| 203| 185| 172| 214| 144| 106| 104|  80| 120| 154| 107| 151| 129| 135|  85| 101|
 21|  84| 112| 107| 121| 117| 258| 218| 305| 257| 384| 256| 186| 183| 284| 138| 110| 111| 164| 150| 522|1675| 137| 112|  81|
 22|  95| 117| 122| 180| 131| 171| 313| 236| 207| 245| 315| 606| 179| 347| 130| 112| 369| 186|  48|  47|  36|  72|  46|  24|
 23|  40|  51|  77|  80|  83| 114| 128| 175| 202|1134|  85|  86| 103|  75|  38|  20|  30|  71| 112|  25|  56|  69|  91|  55|
 24|  52|  52|  54|  60|  63|  51|  79| 102|  88|  79|  73|  95| 466| 839| 389|  43|  19|  5 |  7 |  9 |  16|  24|  22|  56|
 25|  43|  56| 104|  99|  86|  99| 124| 191| 219| 223| 239| 307| 146| 212| 104| 105| 169|  83| 101| 118| 170| 205| 156|  98|
 26|  95| 126| 133| 123| 147| 122| 174| 240| 256| 230| 178| 226| 137| 188| 147| 107| 102| 137| 104| 107| 154| 141| 104|  76|
 27|  91|  83| 115| 177| 132| 212| 224| 286| 230| 291| 227| 667| 371| 388| 249| 294| 189| 183| 147|  13|  19|  26|  54|  43|
 28| 149|  73|  69| 114| 182| 152|  70|  98|  59|  78| 100|  65| 106|  54| 138| 298|  74|  70| 154|  64|  75|  64|  59|  81|
 29|??? |??? |??? |??? |??? |??? |??? |??? |??? |??? |??? |??? |??? |??? |??? |??? |??? |??? |??? |??? |??? |??? |??? |??? |
 30|??? |??? |??? |??? |??? |??? |??? |??? |??? |??? |??? |??? |??? |??? |??? |??? |??? |??? |??? |??? |??? |??? |??? |??? |
 31|??? |??? |??? |??? |??? |??? |??? |??? |??? |??? |??? |??? |??? |??? |??? |??? |??? |??? |??? |??? |??? |??? |??? |??? |
[Observer]Lockyer_Observatory
[Country]United Kingdom 
[City]Sidmouth
[Longitude]003°1307
[Latitude]050°4116
[Frequencies]
[Antenna]Quad Yagi
[Azimut Antenna]135
[Elevation Antenna]0
[Pre-Amplifier]None
[Receiver]ICOM IC-706 MKIIG
[Observing Method]HROFFT10dB Length Datas
[Remarks]winxp
