mar| 00h| 01h| 02h| 03h| 04h| 05h| 06h| 07h| 08h| 09h| 10h| 11h| 12h| 13h| 14h| 15h| 16h| 17h| 18h| 19h| 20h| 21h| 22h| 23h|
 01|  12|  9 |  18|  12|  18|  13|  14|  10|  9 |  8 |  14|  10|  4 |  8 |  5 |  4 |  3 |  3 |  4 |  0 |  1 |  1 |  4 |  5 |
 02|  2 |  3 |  10|  8 |  7 |  25|  3 |  8 |  15|  7 |  8 |  18|  6 |  99|  64|  0 |  0 | 690|  36|  9 | 312|  32|  5 |  86|
 03|  11|  17|  21|  7 |  63|  61|  93| 115|  38|  84|  6 |  13|  13|  10|  4 |  6 |  6 |  6 | 343|  0 |  4 |  4 |  7 |  9 |
 04|  7 |  13|  11|  10|  19|  7 |  6 |  7 |  11|  10|  15|  9 |  4 |  7 |  7 |  11|  9 |  2 |  0 |  4 |  4 |  3 |  6 |  6 |
 05|  13|  10|  8 |  12|  13|  7 |  13|  35|  20|  17|  14|  38|  10|  13|  11|  5 |  3 |  8 |  6 |  7 |  5 |  4 |  9 |  9 |
 06|  11|  8 |  6 |  7 |  11|  11|  15|  21|  5 |  27|  21|  30|  7 |  12|  5 |  8 |  5 |  2 |  3 |  8 |  2 |  6 |  10|  10|
 07|  14|  12|  14|  21|  14|  10|  16|  19|  11|  16|  7 |  9 |  9 |  5 |  11|  8 |  7 |  6 |  3 |  5 |  8 |  8 |  5 |  11|
 08|  8 |  8 |  13|  6 |  5 |  6 |  11|  4 |  7 |  12|  18|  7 |  8 |  9 |  8 |  7 |  8 |  2 |  4 |  2 |  6 |  11|  5 |  4 |
 09|  6 |  15|  10|  13|  11|  7 |  6 |  7 |  8 |  8 |  5 |  9 |  12|  10|  6 |  4 |  10|  9 |  6 |  4 |  4 |  2 |  5 |  3 |
 10|  9 |  10|  11|  9 |  8 |  8 |  6 |  16|  12|  11|  9 |  8 |  12|  3 |  5 |  9 |  3 |  5 |  5 |  5 |  6 |  8 |  9 |  8 |
 11|  6 |  9 |  23|  11|  10|  20|  12|  10|  11|  17|  18|  29|  13|  13|  3 |  5 |  3 |  6 |  9 |  9 |  12|  11|  10|  7 |
 12|  15|  17|  17|  22|  8 |  8 |  16|  11|  15|  12|  21|  22|  17|  13|  5 |  8 |  4 |  2 |  4 |  6 |  18|  6 |  6 |  13|
 13|  13|  15|  15|  23|  8 |  4 |  9 |  9 |  10|  10|  13|  8 |  24|  13|  12|  5 |  4 |  4 |  3 |  5 |  10|  2 |  7 |  12|
 14|  14|  11|  22|  13|  9 |  11|  9 |  16|  7 |  15|  11|  16|  8 |  6 |  7 |  4 |  9 |  4 |  3 |  4 |  2 |  6 |  10|  8 |
 15|  7 |  10|  15|  17|  17|  12|  11|  3 |  12|  7 |  24|  12|  8 |  9 |  11|  5 |  2 |  3 |  4 |  0 |  5 |  2 |  0 |  0 |
 16|  0 |  0 |  0 |  0 |  0 |  0 |  0 |  0 |  0 |  0 |  0 |  2 |  12|  10|  5 |  6 |  2 |  2 |  3 |  5 |  4 |  1 |  7 |  10|
 17|  4 |  12|  6 |  14|  22|  9 |  41|  11|  21|  12|  19|  9 |  8 |  8 |  12|  6 |  2 |  0 |  0 |  8 |  2 |  5 |  3 |  4 |
 18|  12|  14|  10|  17|  5 |  8 |  6 |  10|  7 |  21|  14|  14|  8 |  10|  12|  8 |  2 |  1 |  5 |  3 |  8 |  5 |  14|  15|
 19|  7 |  5 |  9 |  14|  7 |  8 |  7 |  7 |  9 |  9 |  11|  7 |  9 |  9 |  11|  4 |  3 |  11|  6 |  3 |  8 |  6 |  6 |  9 |
 20|  10|  7 |  8 |  6 |  8 |  11|  17|  10|  2 |  11|  18|  11|  6 |  20|  8 |  13|  1 |  3 |  6 |  4 |  6 |  6 |  11|  8 |
 21|  12|  8 |  15|  11|  5 |  10|  13|  11|  7 |  9 |  14|  4 |  10|  11|  14|  3 |  7 |  2 |  3 |  7 |  7 |  2 |  10|  9 |
 22|  13|  13|  16|  9 |  13|  8 |  8 |  9 |  12|  15|  14|  16|  15|  15|  8 |  11|  3 |  5 |  1 |  2 |  4 |  5 |  4 |  8 |
 23|  9 |  14|  7 |  12|  7 |  5 |  7 |  5 |  4 |  9 |  11|  23|  9 |  12|  13|  5 |  2 |  6 |  3 |  5 |  7 |  6 |  5 |  9 |
 24|  8 |  12|  7 |  7 |  8 |  9 |  8 |  14|  12|  8 |  11|  10|  22|  7 |  7 |  9 |  4 |  4 |  5 |  1 |  4 |  5 |  8 |  12|
 25|  6 |  6 |  17|  9 |  10|  14|  11|  12|  7 |  18|  7 |  33|  12|  13|  7 |  6 |  8 |  5 |  4 |  3 |  4 |  2 |  6 |  5 |
 26|  13|  5 |  19|  14|  13|  14|  9 |  20|  8 |  13|  15|  23|  23|  6 |  13|  10|  4 |  6 |  3 |  5 |  6 |  13|  6 |  12|
 27|  12|  13|  14|  15|  10|  16|  10|  9 |  14|  10|  16|  19|  23|  12|  10|  6 |  3 |  2 |  6 |  7 |  5 |  4 |  33|  13|
 28|  17|  15|  12|  11|  4 |  10|  19|  13|  18|  26|  11|  25|  9 |  13|  11|  31|  3 |  8 |  9 |  3 |  4 |  3 |  10|  15|
 29|  13|  7 |  17|  9 |  12|  13|  13|  19|  17|  13|  10|  17|  17|  13|  10|  7 |  5 |  5 |  3 |  9 |  3 |  7 |  4 |  13|
 30|  4 |  9 |  10|  9 |  7 |  10|  20|  8 |  15|  13|  13|  14|  14|  13|  12|  9 |  7 |  3 |  8 |  5 |  9 |  4 |  6 |  13|
 31|  4 |  15|  11|  12|  10|  14|  20|  11|  6 |  10|  9 |  16|  13|  9 |  12|  8 |  4 |  4 |  9 |  4 |  6 |  8 |  9 |  6 |
[Observer]Lockyer_Observatory
[Country]United Kingdom 
[City]Sidmouth
[Longitude]003°1307
[Latitude]050°4116
[Frequencies]
[Antenna]Quad Yagi
[Azimut Antenna]135
[Elevation Antenna]0
[Pre-Amplifier]None
[Receiver]ICOM IC-706 MKIIG
[Observing Method]HROFFT20dB Length Datas
[Remarks]winxp
