jan| 00h| 01h| 02h| 03h| 04h| 05h| 06h| 07h| 08h| 09h| 10h| 11h| 12h| 13h| 14h| 15h| 16h| 17h| 18h| 19h| 20h| 21h| 22h| 23h|
 01|  99| 155| 134| 231|  69|  59|  51|  70| 104| 227| 265| 338| 338| 350| 265| 144| 143| 190| 214| 305| 494| 503| 556| 459|
 02| 456| 478| 458| 344| 351| 267| 259| 246| 240| 245| 279| 290| 249| 280| 280| 168|  42|  84| 109| 156| 177| 193| 192| 163|
 03| 190| 214| 218| 213| 198| 242| 257| 219| 225| 306| 240| 234| 185| 223| 133|  98|  75|  85| 153|  57|  62|  82|  57|  46|
 04|  57|  69|  59|  93|  92|  82|  76|  70|  66|  84|  79|  58|  80|  80|  52|  94| 123| 116|  75|  88| 137| 123|  81|  72|
 05|  58|  83|  99| 109| 147| 115| 139| 153| 161| 181| 138| 162| 177| 363| 347| 145| 258|  54|  55| 156| 281| 145| 135| 174|
 06| 194| 301| 117|  90|  64| 100|  78|  87| 125| 166| 130| 190| 134| 203| 185| 275| 418| 251| 322| 112| 181| 238| 244| 149|
 07| 179| 255| 185| 243| 203| 259| 228| 206| 197| 183| 206| 308| 224| 224| 264| 187| 142| 161| 134| 126| 214| 267| 347| 348|
 08| 257| 194| 369| 454| 232| 189| 201| 212| 207| 188| 281| 232| 177| 209| 194| 152| 170| 165| 110| 103| 102|  85| 104| 108|
 09| 123| 143| 112| 207| 198| 164| 157| 174| 188| 202| 196| 229| 205| 172| 160| 217| 212|  91|  37|  31|  38| 135|  57|  52|
 10| 112| 152| 200| 213| 115| 138| 310| 223| 201| 286| 349| 312| 389| 269| 227| 235| 178|  45| 245| 244| 141| 337| 402| 400|
 11| 348| 135| 170| 258| 456| 473| 446| 105| 116| 450| 721| 802| 587| 557| 279|  73|  67|  15|  20|  16|  12|  14|  14|  17|
 12|  17|  24| 106|  56|  49|  60|  46|  95| 100|  62|  41|  60|  53|  4 |??? |??? |  45|??? |??? |??? |??? |??? |??? |  0 |
 13|??? |??? |??? |??? |??? |??? |??? |??? |??? |??? |??? |??? |??? |??? |??? |??? |??? |??? |??? |??? |??? |??? |??? |??? |
 14|??? |??? |??? |??? |??? |??? |??? |??? | 144| 235| 228| 233| 235| 238| 161| 173| 482| 527| 349|  56|  36| 113|  45| 113|
 15|  90| 116| 134|  23|??? |??? |??? |??? |??? |??? |??? |??? |??? |??? |??? |??? |??? |??? |??? |??? |??? |??? |??? |  0 |
 16|??? |??? |??? |??? |??? |??? |??? |??? |??? |??? |??? |??? |??? |??? |??? |??? |??? |??? |  42|  45|  45|  68|  34|  62|
 17|  56|  84|  86|  99|  91|  71|  73|  93|  68|  94|  82|  74|  90|  69|  62|  39|  54|  37|  40|  37|  58|  59|  51|  43|
 18|  43|  74|  88|  82|  80|  70|  82|  69| 110| 107|  75|  95|  74|  70|  37|??? |  11|  24|  27|  33|  29|  36|  55|  23|
 19|  59|  99|  95|  87|  75|  94|  97| 102| 118| 125| 119| 175| 131| 123|  88|  60|  32|  23|  21|  45|  31|  39|  45|  44|
 20|??? |??? |??? |??? |??? |??? |??? |??? |??? |??? |??? |??? |??? |??? | 124| 112| 118|  67| 100| 100|  83| 101|  99|  67|
 21| 107| 132| 185| 156| 191| 221| 234| 315| 239| 209| 461| 753| 444| 295| 239| 178| 118|  54|  41|  56|  80|  51|  77|  76|
 22|  92| 101| 115| 120| 137| 118| 134| 130| 134|  95| 167| 129| 122| 110| 100|  78|  60| 121|  79|  86| 119| 150| 106|  96|
 23| 114| 113| 120| 137| 149| 153| 166| 202| 256| 177| 188| 194| 141| 175|  93|  53|  74|  91|  71|  98| 116|  98|  53|  71|
 24|  70|  92| 123| 142| 117| 114| 133| 157|  89| 175| 170| 157| 107| 133|  87|  87|  46|  62|  48|  70| 101|  92| 108|  90|
 25|  81| 110| 145| 141|  88| 128| 114| 159| 121| 127| 170| 138|  83| 169|  89|  75| 134|  74|  57|  49|  34|  57|  55|  54|
 26|  72|  83|  78| 118| 145| 108| 186| 151| 133| 104| 118| 181| 192|  91|  67|  83|  95|  46|  60|  53|  61|  51|  50|  51|
 27|  72|  83|  98|  99| 111| 102| 132| 161| 149| 142| 154| 156| 104| 111|  90|  65|  68|  51|  38|  56|  63|  46|  40|  46|
 28|  74| 110| 103| 104| 102| 126| 145| 124|  80| 125| 141| 124| 105|  63|  1 |  51| 135|  95|  88| 101| 109|  93|  90|  74|
 29|  73|  80|  82| 118|  89|  85| 120| 137| 147| 143| 136| 146| 150| 106|  87|  70|  95| 112|  41|  68|  76|  67|  66|  71|
 30|  71|  72|  87|  97| 106| 102| 122| 161| 212| 161| 132| 174|  98| 125|  74|  65|  95|  88| 116|  67| 108| 117|  83|  64|
 31|  74|  98| 109| 116| 102|  88|  88|  88|  97| 101| 107| 131| 138| 139|  70|  88|  94| 114|  65|  55| 121|  74|  69|  56|
[Observer]Norman Lockyer_Observatory
[Country]United Kingdom 
[City]Sidmouth
[Longitude]003°1307 E
[Latitude ]050°4116 N
[Longitude GMAP]-3.21899950504303 
[Latitude GMAP]50.688298383408
[Frequencies]143.050 MHz
[Antenna]Quad Yagi
[Azimut Antenna]135
[Elevation Antenna]0
[Pre-Amplifier]None
[Receiver]ICOM IC-706 MKIIG
[Observing Method]HROFFT
[Remarks]winxp
[Soft FTP]Colorgramme RMOB Lab v 2.5
[E]lqlzb`Ilqdf|}azb`je|k'jfd
