jan| 00h| 01h| 02h| 03h| 04h| 05h| 06h| 07h| 08h| 09h| 10h| 11h| 12h| 13h| 14h| 15h| 16h| 17h| 18h| 19h| 20h| 21h| 22h| 23h|
 01|  10|  20|  18|  18|  21|  12|  7 |  9 |  11|  13|  15|  12|  12|  10|  10|  8 |  8 |  4 |  13|  7 |  7 |  8 |  9 |  7 |
 02|  9 |  17|  16|  28|  13|  14|  10|  17|  13|  6 |  9 |  11|  11|  21|  7 |  9 |  7 |  8 |  2 |  4 |  4 |  4 |  8 |  12|
 03|  18|  32|  30|  44|  53|  64|  50|  25|  23|  83|  71|  83|  88|  83|  38|  33|  20|  24|  14|  12|  12|  17|  14|  16|
 04|  16|  14|  14|  19|  18|  12|  7 |  10|  10|  8 |  13|  11|  3 |  18|  8 |  2 |  6 |  8 |  7 |  9 |  7 |  13|  14|  11|
 05|  14|  14|  24|  25|  26|  22|  19|  14|  16|  18|  14|  20|  22|  13|  14|  4 |  14|  13|  0 |  8 |  7 |  8 |  8 |  4 |
 06|  13|  7 |  14|  20|  10|  20|  9 |  14|  16|  20|  13|  20|  10|  10|  6 |  4 |  7 |  4 |  5 |  4 |  8 |  3 |  8 |  10|
 07|  10|  16|  11|  14|  14|  18|  11|  13|  20|  15|  15|  14|  9 |  13|  9 |  7 |  7 |  4 |  8 |  6 |  7 |  8 |  8 |  9 |
 08|  12|  16|  7 |  17|  15|  13|  6 |  13|  18|  16|  19|  10|  8 |  13|  5 |  11|  8 |  6 |  2 |  6 |  6 |  4 |  10|  6 |
 09|  11|  15|  16|  17|  16|  10|  6 |  9 |  12|  12|  6 |  15|  12|  8 |  12|  5 |  5 |  7 |  4 |  8 |  4 |  5 |  5 |  9 |
 10|  13|  12|  18|  10|  20|  11|  9 |  14|  9 |  12|  13|  13|  15|  13|  6 |  6 |  6 |  8 |  6 |  9 |  9 |  11|  12|  9 |
 11|  7 |  14|  23|  8 |  14|  11|  17|  15|  11|  13|  13|  18|  11|  12|  8 |  6 |  7 |  4 |  4 |  4 |  1 |  4 |  1 |  2 |
 12|  5 |  4 |  10|  10|  10|  10|  10|  12|  11|  10|  7 |  11|  8 |  1 |  0 |  0 |  2 |  0 |  0 |  0 |  0 |  0 |  0 |  0 |
 13|??? |??? |??? |??? |??? |??? |??? |??? |??? |??? |??? |??? |??? |??? |??? |??? |??? |??? |??? |??? |??? |??? |??? |??? |
 14|  0 |  0 |  0 |  0 |  0 |  0 |  0 |  0 |  23|  19|  22|  23|  32|  29|  17|  17|  15|  10|  9 |  9 |  7 |  3 |  12|  15|
 15|  17|  33|  20|  4 |  0 |  0 |  0 |  0 |  0 |  0 |  0 |  0 |  0 |  0 |  0 |  0 |  0 |  0 |  0 |  0 |  0 |  0 |  0 |  0 |
 16|  0 |  0 |  0 |  0 |  0 |  0 |  0 |  0 |  0 |  0 |  0 |  0 |  0 |  0 |  0 |  0 |  0 |  0 |  8 |  8 |  4 |  12|  10|  9 |
 17|  15|  16|  20|  21|  25|  15|  12|  14|  13|  20|  7 |  16|  12|  12|  10|  10|  9 |  2 |  11|  6 |  12|  6 |  7 |  10|
 18|  7 |  18|  19|  13|  10|  15|  18|  11|  13|  21|  11|  28|  19|  17|  7 |  0 |  0 |  3 |  6 |  9 |  5 |  6 |  9 |  4 |
 19|  16|  26|  22|  15|  19|  13|  16|  16|  12|  24|  20|  21|  10|  13|  12|  6 |  5 |  4 |  4 |  10|  7 |  4 |  6 |  5 |
 20|  0 |  0 |  0 |  0 |  0 |  0 |  0 |  0 |  0 |  0 |  0 |  0 |  0 |  0 |  9 |  8 |  10|  10|  12|  12|  14|  13|  12|  20|
 21|  18|  31|  35|  20|  30|  22|  27|  33|  23|  30|  27|  28|  18|  19|  15|  14|  8 |  3 |  5 |  8 |  7 |  7 |  12|  13|
 22|  19|  20|  31|  26|  37|  24|  19|  17|  20|  21|  28|  30|  19|  12|  14|  9 |  9 |  15|  11|  10|  9 |  20|  13|  19|
 23|  25|  16|  32|  31|  23|  15|  22|  20|  21|  13|  16|  22|  15|  12|  11|  8 |  5 |  7 |  8 |  18|  15|  15|  17|  20|
 24|  16|  16|  33|  24|  22|  27|  15|  15|  10|  20|  34|  23|  25|  12|  6 |  18|  6 |  2 |  5 |  9 |  21|  20|  11|  16|
 25|  17|  31|  31|  34|  21|  23|  12|  22|  14|  19|  21|  23|  17|  17|  12|  8 |  7 |  9 |  8 |  11|  5 |  9 |  9 |  14|
 26|  9 |  19|  17|  19|  20|  13|  25|  15|  18|  17|  23|  19|  16|  15|  6 |  14|  11|  6 |  8 |  10|  4 |  7 |  6 |  13|
 27|  20|  22|  27|  17|  23|  19|  18|  11|  19|  17|  22|  21|  16|  19|  9 |  9 |  7 |  11|  9 |  10|  11|  9 |  11|  9 |
 28|  20|  29|  18|  19|  25|  10|  13|  15|  14|  23|  17|  21|  27|  7 |  0 |  4 |  12|  5 |  4 |  9 |  17|  7 |  13|  11|
 29|  14|  18|  22|  26|  11|  18|  21|  17|  18|  24|  16|  21|  20|  13|  7 |  5 |  7 |  12|  7 |  12|  9 |  10|  11|  18|
 30|  16|  23|  21|  18|  16|  15|  13|  18|  21|  15|  12|  15|  15|  14|  9 |  6 |  9 |  7 |  9 |  7 |  9 |  19|  13|  16|
 31|  20|  15|  21|  29|  15|  13|  16|  16|  13|  10|  20|  13|  20|  12|  8 |  12|  10|  9 |  6 |  6 |  15|  11|  11|  15|
[Observer]Lockyer_Observatory
[Country]United Kingdom 
[City]Sidmouth
[Longitude]003°1307
[Latitude]050°4116
[Frequencies]
[Antenna]Quad Yagi
[Azimut Antenna]135
[Elevation Antenna]0
[Pre-Amplifier]None
[Receiver]ICOM IC-706 MKIIG
[Observing Method]HROFFT20dB Count Datas
[Remarks]winxp
