jan| 00h| 01h| 02h| 03h| 04h| 05h| 06h| 07h| 08h| 09h| 10h| 11h| 12h| 13h| 14h| 15h| 16h| 17h| 18h| 19h| 20h| 21h| 22h| 23h|
 01| 133| 295| 187| 512| 103|  64|  65|  96| 127| 377| 366| 650| 435| 852| 448| 410| 319| 347| 288| 390| 677| 676| 761| 658|
 02| 622| 870| 606| 897| 541| 576| 411| 466| 392| 409| 356| 602| 468| 591| 552| 305|  48| 110| 202| 208| 221| 252| 256| 216|
 03| 261| 470| 371| 454| 372| 540| 571| 375| 431| 640| 523| 458| 616| 489| 242| 188| 139| 146| 279|  77|  75| 115|  73|  74|
 04|  66| 103|  71| 119| 164| 103|  97|  95|  93| 102| 113|  69|  95| 130|  63| 132| 157| 158|  99| 107| 195| 169| 134|  90|
 05|  92|  99| 114| 184| 184| 214| 213| 240| 218| 232| 191| 203| 251| 570| 485| 184| 502|  63|  68| 196| 364| 176| 166| 206|
 06| 256| 616| 207| 116|  82| 152|  99| 108| 194| 266| 170| 513| 178| 640| 295| 448| 994| 698| 492| 146| 248| 302| 315| 195|
 07| 237| 647| 246| 825| 492| 693| 656| 473| 294| 279| 299| 761| 418| 689| 636| 692| 292| 365| 189| 170| 277| 467| 570| 629|
 08| 402| 510|1036|1145| 788| 680| 401| 502| 358| 244| 420| 578| 541| 552| 641| 343| 394| 366| 226| 134| 123| 109| 137| 146|
 09| 158| 419| 144| 689| 617| 414| 524| 346| 377| 288| 427| 409| 543| 608| 211| 907| 691| 119|  42|  36|  45| 166|  62|  56|
 10| 332| 197| 275| 873| 164| 285| 832| 298| 442| 408| 634| 411| 857| 355| 889| 685| 460| 130| 450| 327| 185| 446| 517| 534|
 11| 639| 175| 678| 336|1257| 798|1010| 148| 159| 622|1504|1436|1747| 813|1157| 138| 120|  17|  21|  18|  12|  16|  15|  19|
 12|  18|  28| 125|  59|  57|  80|  51| 122| 144|  80|  47|  64|  66|  4 |  0 |  0 |  54|  0 |  0 |  0 |  0 |  0 |  0 |  0 |
 13|??? |??? |??? |??? |??? |??? |??? |??? |??? |??? |??? |??? |??? |??? |??? |??? |??? |??? |??? |??? |??? |??? |??? |??? |
 14|  0 |  0 |  0 |  0 |  0 |  0 |  0 |  0 | 180| 306| 375| 291| 400| 319| 188| 210| 688| 955| 995|  76|  42| 124|  56| 140|
 15| 120| 131| 152|  26|  0 |  0 |  0 |  0 |  0 |  0 |  0 |  0 |  0 |  0 |  0 |  0 |  0 |  0 |  0 |  0 |  0 |  0 |  0 |  0 |
 16|  0 |  0 |  0 |  0 |  0 |  0 |  0 |  0 |  0 |  0 |  0 |  0 |  0 |  0 |  0 |  0 |  0 |  0 |  45|  50|  53|  73|  40|  79|
 17|  59|  89|  91| 115| 101| 100|  85| 115|  79| 145|  92|  84| 124|  86|  75|  44|  84|  41|  47|  43|  68|  71|  58|  52|
 18|  49|  90| 104| 104| 113|  94| 100|  86| 175| 143|  83| 263|  87|  96|  41|  0 |  11|  31|  31|  36|  32|  39|  75|  24|
 19|  67| 113| 107| 112| 110| 108| 120| 123| 147| 170| 143| 239| 158| 179| 151|  70|  36|  28|  24|  57|  35|  44| 103|  58|
 20|  0 |  0 |  0 |  0 |  0 |  0 |  0 |  0 |  0 |  0 |  0 |  0 |  0 |  0 | 148| 146| 137|  78| 115| 117|  97| 117| 117|  76|
 21| 123| 196| 215| 176| 238| 312| 293| 485| 333| 325| 824|1293|1049| 468| 444| 250| 152|  71|  44|  65|  99|  53|  88|  96|
 22|  99| 110| 151| 150| 184| 137| 194| 156| 167| 122| 256| 212| 180| 134| 140| 110|  70| 190|  90| 100| 158| 247| 143| 118|
 23| 138| 133| 143| 186| 189| 244| 216| 265| 375| 225| 263| 269| 189| 245| 138|  64| 102| 110| 122| 137| 139| 123|  63|  89|
 24|  83| 109| 155| 181| 136| 124| 157| 212| 103| 209| 223| 206| 133| 163| 111| 108|  57|  67|  52|  84| 135| 108| 163| 113|
 25|  95| 132| 179| 166| 108| 145| 157| 220| 142| 154| 243| 182| 109| 231| 107|  82| 233| 214|  73|  59|  38|  67|  67|  63|
 26|  88| 103|  89| 146| 181| 136| 282| 230| 178| 122| 144| 231| 301| 110|  90| 125| 120|  53|  81|  65|  67|  56|  60|  55|
 27|  86| 101| 116| 117| 134| 159| 241| 228| 211| 171| 208| 229| 159| 148|  99|  79|  81|  57|  43|  64|  69|  57|  54|  53|
 28|  98| 133| 131| 123| 128| 167| 219| 159| 102| 184| 180| 159| 138|  91|  1 |  64| 194| 113| 116| 141| 145| 112| 153|  98|
 29|  80| 101| 101| 176|  98| 110| 198| 174| 192| 212| 210| 217| 220| 165| 115|  90| 136| 205|  52| 114| 114|  82|  88|  91|
 30|  88|  84| 100| 120| 157| 163| 199| 273| 376| 246| 196| 234| 149| 174|  90|  76| 126| 117| 201|  92| 166| 173| 119|  76|
 31| 103| 117| 128| 171| 140| 124| 134| 148| 146| 123| 149| 235| 210| 188| 109| 138| 150| 210| 108|  79| 185| 103|  95|  88|
[Observer]Lockyer_Observatory
[Country]United Kingdom 
[City]Sidmouth
[Longitude]003°1307
[Latitude]050°4116
[Frequencies]
[Antenna]Quad Yagi
[Azimut Antenna]135
[Elevation Antenna]0
[Pre-Amplifier]None
[Receiver]ICOM IC-706 MKIIG
[Observing Method]HROFFT10dB Length Datas
[Remarks]winxp
