oct| 00h| 01h| 02h| 03h| 04h| 05h| 06h| 07h| 08h| 09h| 10h| 11h| 12h| 13h| 14h| 15h| 16h| 17h| 18h| 19h| 20h| 21h| 22h| 23h|
 01|  15|  26|  27|  19|  19|  29|  27|  25|  35|  21|  22|  20|  26|  18|  16|  23|  16|  27|  15|  17|  25|  15|  12|  24|
 02|  20|  17|  27|  28|  25|  24|  25|  28|  17|  20|  27|  33|  26|  19|  20|  18|  12|  11|  17|  21|  25|  13|  11|  16|
 03|  24|  19|  14|  29|  28|  27|  29|  25|  19|  22|  28|  31|  20|  24|  22|  23|  14|  22|  16|  11|  30|  7 |  8 |  24|
 04|  10|  15|  21|  21|  13|  17|  26|  23|  18|  22|  24|  23|  20|  17|  15|  19|  24|  13|  21|  24|  18|  15|  11|  10|
 05|  16|  16|  17|  21|  18|  27|  26|  25|  32|  19|  19|  18|  20|  21|  14|  13|  15|  16|  10|  22|  14|  16|  14|  11|
 06|  13|  19|  25|  18|  20|  25|  21|  22|  24|  21|  21|  19|  25|  23|  24|  25|  23|  14|  13|  17|  22|  13|  20|  17|
 07|  18|  19|  12|  20|  23|  18|  26|  18|  26|  20|  31|  18|  18|  18|  25|  19|  20|  14|  18|  27|  20|  17|  22|  14|
 08|  11|  23|  19|  24|  13|  20|  26|  25|  21|  20|  22|  19|  17|  22|  17|  18|  22|  19|  16|  23|  23|  20|  11|  17|
 09|  17|  29|  18|  16|  24|  26|  30|  28|  17|  13|  27|  32|  23|  15|  22|  30|  11|  28|  16|  24|  27|  9 |  25|  24|
 10|  17|  18|  29|  28|  30|  26|  30|  26|  21|  25|  26|  35|  25|  31|  22|  18|  15|  27|  20|  36|  16|  28|  12|  13|
 11|  13|  18|  21|  27|  30|  23|  32|  31|  28|  36|  23|  30|  27|  22|  24|  20|  36|  16|  15|  18|  15|  9 |  12|  16|
 12|  23|  19|  12|  24|  26|  17|  28|  26|  19|  26|  23|  19|  19|  16|  19|  21|  13|  25|  16|  17|  19|  17|  11|  19|
 13|  20|  22|  23|  22|  32|  21|  29|  27|  24|  24|  24|  25|  27|  23|  26|  19|  12|  23|  13|  30|  17|  15|  13|  18|
 14|  21|  25|  27|  25|  29|  35|  35|  22|  26|  34|  27|  15|  19|  29|  26|  17|  20|  21|  19|  17|  25|  18|  23|  19|
 15|  22|  15|  23|  28|  28|  28|  24|  24|  29|  26|  30|  26|  24|  18|  16|  25|  26|  21|  17|  23|  19|  20|  20|  19|
 16|  22|  18|  11|  20|  34|  23|  27|  37|  21|  35|  27|  21|  29|  29|  26|  26|  19|  22|  20|  28|  22|  25|  17|  20|
 17|  19|  20|  16|  19|  16|  31|  24|  25|  31|  30|  22|  28|  19|  27|  24|  18|  24|  18|  23|  28|  25|  21|  15|  16|
 18|  23|  21|  23|  31|  28|  26|  26|  27|  23|  19|  20|  25|  22|  20| 195| 618| 409|  80|  29|  29|  19|  10|  8 |  15|
 19|  19|  15|  24|  13|  31|  18|  31|  27|  23|  22|  23|  22|  19|  22|  24|  15|  9 |  13|  10|  11|  15|  11|  9 |  13|
 20|  11|  12|  14|  21|  22|  22|  21|  14|  13|  17|  19|  15|  12|  20|  6 |  10|  13|  12|  14|  7 |  15|  20|  10|  10|
 21|  16|  17|  20|  22|  18|  13|  18|  21|  20|  12|  20|  9 |  16|  19|  11|  16|  11|  16|  12|  12|  8 |  10|  9 |  6 |
 22|  10|  26|  18|  21|  17|  16|  20|  14|  22|  8 |  8 |  18|  15|  14|  12|  12|  11|  14|  13|  16|  6 |  13|  4 |  10|
 23|  22|  17|  24|  23|  18|  24|  14|  16|  15|  14|  6 |  18|  16|  15|  25|  10|  12|  11|  14|  8 |  15|  14|  11|  18|
 24|  17|  24|  17|  14|  29|  18|  24|  15|  26|  19|  15|  8 |  12|  15|  13|  14|  17|  15|  12|  18|  18|  14|  8 |  13|
 25|  14|  18|  14|  11|  8 |  18|  19|  20|  25|  19|  18|  13|  11|  21|  19|  15|  15|  5 |  16|  22|  19|  14|  14|  15|
 26|  15|  16|  19|  31|  30|  28|  28|  23|  16|  30|  24|  26|  25|  19|  21|  22|  17|  23|  34|  22|  19|  15|  18|  19|
 27|  29|  22|  18|  0 |  0 |  0 |  0 |  0 |  0 |  0 |  0 |  0 |  0 |  0 |  0 |  0 |  0 |  0 |  0 |  0 |  0 |  0 |  0 |  0 |
 28|??? |??? |??? |??? |??? |??? |??? |??? |??? |??? |??? |??? |??? |??? |??? |??? |??? |??? |??? |??? |??? |??? |??? |??? |
 29|  0 |  0 |  0 |  0 |  0 |  0 |  0 |  0 |  23|  30|  20|  15|  26|  22|  16|  25|  25|  28|  22|  37|  30|  25|  26|  22|
 30|  22|  27|  21|  19|  31|  26|  26|  33|  39|  26|  34|  27|  28|  22|  10|  0 |  0 |  0 |  10|  19|  22|  24|  22|  14|
 31|  26|  21|  20|  23|  21|  29|  32|  28|  22|  17|  24|  29|  19|  18|  14|  16|  16|  17|  18|  25|  23|  24|  14|  13|
[Observer]Lockyer_Observatory
[Country]United Kingdom 
[City]Sidmouth
[Longitude]003°1307
[Latitude]050°4116
[Frequencies]
[Antenna]Quad Yagi
[Azimut Antenna]135
[Elevation Antenna]0
[Pre-Amplifier]None
[Receiver]ICOM IC-706 MKIIG
[Observing Method]HROFFT20dB Count Datas
[Remarks]winxp
