jun| 00h| 01h| 02h| 03h| 04h| 05h| 06h| 07h| 08h| 09h| 10h| 11h| 12h| 13h| 14h| 15h| 16h| 17h| 18h| 19h| 20h| 21h| 22h| 23h|
 01|  17|  11|  70| 115| 127| 276|  60| 123|  71|  53|  94|  39| 125|  87|  90|  95| 192| 556| 936| 498| 417| 309| 200| 160|
 02| 180| 119| 130| 212| 349| 339| 409| 261| 250| 282| 206| 250| 241| 154| 134| 135| 394|  98| 418| 583| 420| 326| 248| 237|
 03| 289| 240| 321| 305| 506| 716| 612| 557| 637| 521| 317| 299| 392| 597| 302| 326| 256| 301| 190| 320| 257| 177| 188| 176|
 04| 149| 157| 169| 181| 307| 459| 453| 358| 320| 240| 265| 303| 331| 241| 219| 217| 186| 226| 135| 172| 127| 215| 154| 127|
 05| 168| 138| 172| 262| 341| 551| 486| 349| 300| 274| 274| 279| 279| 207| 244| 284| 234| 190| 150| 279| 259| 214| 182| 144|
 06| 133| 149| 169| 218| 435| 475| 415| 355| 372| 270| 244| 270| 184| 169| 176| 154| 105|  69|  89|  63|  85| 121|  95|  93|
 07|  84|  88| 107| 167| 200| 247| 276| 192| 166| 167| 186| 178| 169| 201| 181| 143| 108|  92|  62| 124| 118| 135| 142| 121|
 08|  90| 113| 167| 157| 247| 308| 289| 303| 203| 217| 181| 264| 300| 186| 194| 280| 131|  81| 101| 129| 127| 113| 114| 109|
 09| 102| 117| 145| 147| 260| 315| 250| 246| 226| 204| 217| 223| 225| 224| 187| 167| 118|  79|  65|  93|  77| 140| 110| 114|
 10| 109|  98| 106| 258| 349| 296| 338| 228| 217| 224| 235| 264| 230| 207| 196| 196| 225| 177| 167| 220| 257| 153| 134| 209|
 11| 129| 130| 172| 270| 351| 375| 336| 322| 352| 228| 297| 242| 305| 228| 214| 193| 180| 171| 178| 143| 132| 190| 142| 193|
 12| 142| 159| 176| 252| 303| 317| 276| 343| 259| 262| 281| 219| 257| 225| 151| 115| 108|  78|  97|  75|  99| 117| 122| 135|
 13| 100|  91| 143| 185| 216| 228| 309| 250| 249| 179| 159| 237| 235| 231| 168| 157| 111|  81|  75| 106| 106| 107| 141| 122|
 14|  86|  88| 184| 185| 378| 361| 520| 337| 338| 344| 194| 316| 366|  67|  0 |  0 |  54| 171| 112| 211| 205| 110| 105| 132|
 15| 135| 157| 193| 267| 379| 429| 443| 368| 389| 362| 365| 329| 418| 341| 305| 277| 170| 283| 258| 360| 206| 198| 137| 179|
 16| 145| 125| 145| 169| 351| 452| 597| 461| 331| 253| 253| 225| 346| 288| 277| 254| 324| 147|  91| 171| 140| 165| 193| 165|
 17| 142| 165| 160| 215| 286| 298| 263| 279| 276| 289| 236| 241| 251| 313| 193| 158| 168| 138| 162| 195| 172| 146| 197| 115|
 18| 112|  96| 214| 201| 231| 329| 337| 178| 270| 135| 153| 206| 212| 145| 169| 158| 110| 106|  96| 138| 148| 142|  98| 143|
 19| 121| 126| 134| 197| 223| 241| 288| 288| 210| 176| 223| 184| 177| 163| 102| 109|  84|  62|  69|  75|  66|  74|  91|  77|
 20|  78|  87| 110| 155| 174| 167| 183| 283| 163| 163| 164| 124|  76|  49|  37|  60|  53|  37|  31|  25|  36|  27|  59|  41|
 21|  62|  49|  45|  39|  28|  53|  33|  47|  58|  33|  46|  38|  39| 136|  84|  76|  73|  61|  41|  63| 205| 154| 119| 114|
 22|  74|  94|  84| 136| 242| 215| 295| 192| 209| 153| 212| 263| 271| 205| 134| 194|  80| 112| 154| 220| 142| 140| 113| 126|
 23| 107| 129| 150| 176| 223| 278| 293| 298| 204| 150| 170| 179| 182| 211| 131| 141| 124| 184| 164| 110|  95|  91| 102| 132|
 24| 119| 129| 149| 157| 230| 275| 247| 238| 179| 151| 182| 177| 166| 178| 150| 129| 120| 111|  66| 103| 108| 111| 102| 101|
 25| 103| 124| 132| 191| 185| 242| 271| 231| 198| 186| 124| 185| 186| 150| 143| 133| 100|  86|  90|  83| 115| 115| 103| 131|
 26| 138| 138| 106| 154| 207| 206| 259| 187| 303| 147| 186| 126| 211| 176| 125| 129| 120|  97| 126|  92| 112| 117|  92|  87|
 27|  97| 157| 144| 141| 188| 236| 179| 157| 123| 130| 132| 147| 155| 189| 123|  94|  81|  80|  86|  75|  61|  87|  88|  94|
 28|  98| 104| 133| 151| 161| 195| 189| 151| 157| 163| 129| 131| 130| 145| 156| 176| 137| 110|  91|  87|  87| 102| 102| 138|
 29|  90| 120| 102| 154| 188| 196| 244| 177| 155| 147| 130| 102| 146| 169| 108| 107|  99| 101| 113| 141| 174| 165| 203| 201|
 30| 192| 186| 142| 241| 334| 664| 669| 542| 377| 332| 351| 371| 662| 364| 241| 208| 178| 168| 188| 216| 172| 166| 140| 129|
 31|??? |??? |??? |??? |??? |??? |??? |??? |??? |??? |??? |??? |??? |??? |??? |??? |??? |??? |??? |??? |??? |??? |??? |??? |
[Observer]Lockyer_Observatory
[Country]United Kingdom 
[City]Sidmouth
[Longitude]003°1307
[Latitude]050°4116
[Frequencies]
[Antenna]Quad Yagi
[Azimut Antenna]135
[Elevation Antenna]0
[Pre-Amplifier]None
[Receiver]ICOM IC-706 MKIIG
[Observing Method]HROFFT10dB Length Datas
[Remarks]winxp
