jun| 00h| 01h| 02h| 03h| 04h| 05h| 06h| 07h| 08h| 09h| 10h| 11h| 12h| 13h| 14h| 15h| 16h| 17h| 18h| 19h| 20h| 21h| 22h| 23h|
 01|  3 |  4 |  6 |  3 |  7 |  9 |  5 |  4 |  2 |  3 |  7 |  2 |  1 |  4 |  1 |  3 |  1 |  2 |  7 |  10|  27|  19|  20|  19|
 02|  32|  24|  18|  26|  51|  48|  48|  40|  27|  20|  30|  20|  23|  18|  28|  10|  34|  7 |  39|  17|  30|  27|  33|  35|
 03|  34|  39|  42|  52|  64|  92|  64|  62|  48|  35|  35|  42|  41|  19|  25|  42|  37|  24|  18|  16|  16|  25|  31|  24|
 04|  21|  33|  26|  36|  38|  59|  50|  45|  41|  32|  23|  43|  43|  42|  29|  30|  42|  19|  16|  21|  13|  24|  18|  24|
 05|  30|  27|  28|  44|  64|  83|  77|  52|  33|  24|  32|  41|  38|  27|  26|  34|  24|  17|  13|  21|  20|  23|  26|  31|
 06|  27|  22|  31|  42|  63|  64|  53|  60|  46|  44|  28|  32|  31|  30|  24|  33|  13|  12|  11|  9 |  12|  16|  16|  16|
 07|  13|  19|  22|  28|  36|  50|  42|  27|  21|  20|  28|  24|  30|  46|  28|  27|  20|  15|  10|  13|  14|  10|  27|  11|
 08|  17|  24|  18|  34|  52|  49|  33|  42|  29|  33|  25|  40|  52|  30|  26|  37|  27|  17|  12|  5 |  19|  9 |  18|  22|
 09|  22|  23|  30|  34|  44|  53|  42|  38|  24|  23|  33|  36|  35|  38|  40|  31|  18|  9 |  17|  9 |  10|  4 |  17|  21|
 10|  24|  21|  17|  41|  61|  63|  54|  36|  23|  31|  38|  47|  25|  29|  35|  22|  25|  21|  22|  17|  13|  12|  17|  21|
 11|  23|  18|  26|  46|  60|  79|  43|  52|  43|  21|  31|  31|  47|  36|  41|  27|  27|  19|  22|  16|  22|  14|  21|  26|
 12|  21|  18|  32|  51|  46|  68|  55|  48|  29|  32|  35|  31|  35|  40|  29|  16|  20|  11|  17|  10|  10|  15|  20|  19|
 13|  14|  18|  31|  29|  44|  44|  41|  28|  28|  23|  32|  40|  26|  33|  30|  30|  20|  16|  12|  16|  15|  16|  17|  14|
 14|  18|  15|  20|  32|  56|  48|  46|  36|  26|  26|  11|  24|  38|  8 |  0 |  0 |  1 |  16|  18|  12|  15|  7 |  12|  21|
 15|  17|  15|  30|  42|  64|  78|  42|  32|  37|  27|  32|  29|  30|  40|  37|  37|  24|  15|  25|  14|  20|  16|  19|  21|
 16|  19|  16|  29|  29|  39|  55|  45|  43|  31|  19|  19|  34|  37|  30|  23|  27|  15|  18|  13|  10|  13|  24|  13|  28|
 17|  21|  23|  25|  43|  56|  42|  41|  40|  35|  21|  23|  29|  38|  40|  27|  23|  23|  16|  18|  17|  18|  15|  22|  19|
 18|  17|  24|  24|  36|  43|  55|  43|  35|  28|  18|  17|  23|  23|  31|  32|  35|  21|  13|  10|  13|  22|  18|  17|  22|
 19|  24|  22|  28|  29|  41|  52|  53|  42|  21|  16|  29|  26|  28|  25|  15|  27|  12|  15|  9 |  17|  10|  19|  15|  9 |
 20|  12|  17|  22|  30|  35|  32|  32|  22|  27|  25|  16|  12|  15|  5 |  9 |  11|  7 |  8 |  4 |  3 |  3 |  4 |  12|  3 |
 21|  5 |  1 |  5 |  6 |  2 |  5 |  3 |  4 |  2 |  4 |  6 |  6 |  3 |  10|  8 |  10|  11|  11|  2 |  4 |  21|  17|  23|  17|
 22|  12|  12|  15|  33|  31|  49|  40|  27|  26|  12|  24|  26|  33|  26|  21|  19|  16|  20|  21|  15|  13|  15|  14|  14|
 23|  20|  26|  25|  40|  37|  51|  29|  31|  17|  25|  22|  24|  24|  41|  24|  23|  23|  18|  18|  18|  16|  12|  21|  19|
 24|  25|  20|  34|  24|  42|  43|  41|  47|  25|  23|  18|  24|  34|  28|  23|  21|  21|  18|  10|  12|  13|  8 |  15|  20|
 25|  24|  23|  28|  31|  41|  34|  37|  35|  15|  22|  18|  22|  28|  30|  20|  15|  21|  21|  23|  14|  13|  23|  22|  24|
 26|  16|  18|  13|  24|  35|  34|  38|  28|  29|  20|  12|  22|  21|  35|  37|  21|  21|  22|  21|  16|  18|  15|  17|  19|
 27|  22|  19|  27|  34|  36|  43|  29|  23|  18|  21|  22|  27|  38|  31|  20|  22|  21|  14|  12|  9 |  9 |  18|  17|  18|
 28|  20|  18|  16|  24|  37|  48|  38|  35|  25|  23|  10|  26|  27|  23|  23|  24|  28|  16|  10|  11|  19|  19|  20|  13|
 29|  19|  28|  17|  26|  34|  44|  32|  29|  24|  18|  19|  15|  21|  27|  24|  24|  21|  20|  17|  18|  14|  21|  31|  19|
 30|  27|  32|  34|  41|  55|  54|  51|  59|  25|  23|  24|  34|  25|  39|  31|  26|  20|  24|  30|  28|  19|  33|  21|  32|
 31|??? |??? |??? |??? |??? |??? |??? |??? |??? |??? |??? |??? |??? |??? |??? |??? |??? |??? |??? |??? |??? |??? |??? |??? |
[Observer]Lockyer_Observatory
[Country]United Kingdom 
[City]Sidmouth
[Longitude]003°1307
[Latitude]050°4116
[Frequencies]
[Antenna]Quad Yagi
[Azimut Antenna]135
[Elevation Antenna]0
[Pre-Amplifier]None
[Receiver]ICOM IC-706 MKIIG
[Observing Method]HROFFT20dB Count Datas
[Remarks]winxp
