aug| 00h| 01h| 02h| 03h| 04h| 05h| 06h| 07h| 08h| 09h| 10h| 11h| 12h| 13h| 14h| 15h| 16h| 17h| 18h| 19h| 20h| 21h| 22h| 23h|
 01|  34|  23|  36|  42|  67|  36|  43|  48|  15|  22|  24|  15|  28|  29|  17|  23|  23|  20|  19|  17|  22|  30|  34|  47|
 02|  49|  49|  57|  76| 110|  66|  42|  54|  56|  33|  50|  37|  26|  27|  19|  14|  8 |  41|  26|  30|  27|  29|  28|  45|
 03|  54|  41|  58|  73| 105|  76|  71|  83|  55|  40|  49|  43|  53|  38|  19|  29|  19| 180|  18|  14|  24|  41|  36|  39|
 04|  42|  37|  43|  42| 106|  46|  70|  76|  51|  22|  55|  26|  32|  42|  15|  21|  18|  26|  24|  18|  28|  23|  53|  40|
 05|  51|  63|  72|  82|  96| 130| 111|  94|  67|  33|  45|  38|  48|  44|  37|  23|  23|  28|  26|  28|  33|  32|  40|  50|
 06|  47|  44|  63|  78| 130|  89| 101|  92|  61|  70|  36|  31|  54|  43|  33|  18|  41|  36|  40|  35|  53|  41|  34|  32|
 07| 113|  73| 123|  55|  70| 107|  72| 101|  91|  45|  25|  37|  36|  26|  27|  25|  24|  33|  29|  55|  36|  43|  37| 103|
 08|  48|  63|  92| 100|  88| 102| 121| 154|  35|  78|  73|  52|  49|  91|  61|  27|  41|  52|  29|  22|  33|  55|  29|  45|
 09|  96|  49| 162|  74| 165| 152| 141| 112|  73|  47|  63|  47|  40|  55|  37|  31|  23|  36|  39|  21|  43|  26|  30|  46|
 10|  79|  53|  82| 155|  94| 175| 148| 142| 119| 154|  37|  74| 122|  61|  30|  44|  25|  27|  44|  34|  40|  38|  65|  53|
 11|  44|  43|  68| 125| 151| 126| 153| 154| 111|  59|  70|  71|  95|  46|  49|  57|  26|  36|  47|  36|  67|  51|  43| 112|
 12| 114| 111| 262| 305| 255| 256| 269| 218| 234| 167| 243| 376| 162|  84| 168| 108|  78|  91|  46|  43|  74|  39| 106| 132|
 13| 124| 185| 224| 229| 221| 299| 219| 180| 223| 131| 147| 122|  99|  63|  62|  27|  29|  68|  36|  78|  24|  37|  63|  40|
 14|  52|  63|  82|  67| 184| 170|  77|  98|  84|  96|  79|  50|  49|  51|  26|  33|  29|  24|  23|  22|  39|  29|  28|  38|
 15|  46|  42| 136|  70|  84|  54|  90|  71|  67|  60|  44|  53|  32|  33|  30|  30|  24|  28|  17|  22|  41|  26|  25|  34|
 16|  38|  40|  72|  48|  37|  45|  49|  63|  43|  30|  26|  52|  31|  14|  43|  32|  22|  28|  25|  31|  17|  27|  42|  33|
 17|  32|  71|  25|  41|  78|  69|  50|  36|  53|  34|  31|  46|  19|  21|  24|  18|  29|  29|  20|  16|  12|  26|  25|  34|
 18|  23|  49|  39|  45|  65|  47|  56|  39|  36|  23|  20|  18|  26|  39|  36|  26|  21|  44|  15|  16|  38|  18|  24|  25|
 19|  34|  45|  34|  32|  48|  35|  36|  38|  36|  30|  50|  31|  33|  29|  23|  28|  27|  22|  32|  24|  28|  36|  22|  15|
 20|  30|  45|  24|  48|  42|  54|  50|  39|  37|  30|  42|  29|  25|  43|  42|  33|  32|  30|  22|  24|  19|  17|  17|  20|
 21|  28|  35|  51|  64|  66| 495|2218|  59|  29|  21|  32| 442|  78|  32|  22|  28|  21|  46|  60|1770|1131|  28| 133|  28|
 22|  31|  30|  24|  28|  65|  62|  33|  48|  23|  20|  23|  34|  24|  14|  20|  26|  25|  22|  15|  20|  22|  27|  20|  27|
 23|  35|  32|  44|  34|  36|  28|  29|  37|  33|  31|  35|  20|  30|  18|  26|  29|  29|  26|  20|  24|  20|  26|  29|  30|
 24|  22|  32|  39|  58|  39|  29|  39|  45|  28|  36|  28|  25|  23|  25|  22|  20|  36|  20|  27|  25|  36|  17|  31|  22|
 25|  31|  32|  51|  32|  26|  40|  35|  27|  23|  28|  22|  24|  28|  34|  31|  13|  28|  19|  21|  25|  30|  10|  16|  38|
 26|  24|  22|  37|  37|  37|  46|  30|  34|  25|  27|  27|  22|  31|  32|  16|  18|  28|  20|  22|  28|  28|  24|  13|  28|
 27|  26|  37|  36|  38|  25|  54|  34|  0 |  0 |  0 |  46|  22|  36|  20|  33|  21|  22|  29|  23|  24|  10|  25|  31|  22|
 28|  36|  43|  31|  39|  15|  0 |  0 |  0 |  0 |  0 |  0 |  0 |  0 |  26|  23|  24|  24|  31|  22|  25|  26|  40|  23|  26|
 29|  32|  37|  33|  32|  38|  23|  46|  28|  34|  33|  28|  40|  50|  25|  22|  23|  22|  29|  18|  20|  24|  16|  22|  22|
 30|  46|  31|  30|  33|  40|  41|  34|  40|  34|  20|  29|  29|  43|  19|  28|  34|  28|  23|  21|  24|  17|  21|  31|  29|
 31|  31|  48|  26|  45|  53|  39|  46|  38|  26|  53|  41|  45|  25|  39|  14|  19|  30|  23|  24|  11|  12|  23|  16|  31|
[Observer]Lockyer_Observatory
[Country]United Kingdom 
[City]Sidmouth
[Longitude]003°1307
[Latitude]050°4116
[Frequencies]
[Antenna]Quad Yagi
[Azimut Antenna]135
[Elevation Antenna]0
[Pre-Amplifier]None
[Receiver]ICOM IC-706 MKIIG
[Observing Method]HROFFT20dB Length Datas
[Remarks]winxp
