apr| 00h| 01h| 02h| 03h| 04h| 05h| 06h| 07h| 08h| 09h| 10h| 11h| 12h| 13h| 14h| 15h| 16h| 17h| 18h| 19h| 20h| 21h| 22h| 23h|
 01|  2 |  3 |  3 |  0 |  3 |  1 |  2 |  1 |  2 |  4 |  2 |  2 |  4 |  1 |  1 |  0 |  4 |  2 |  2 |  1 |  2 |  0 |  1 |  1 |
 02|  3 |  4 |  2 |  5 |  2 |  0 |  2 |  3 |  5 |  0 |  4 |  1 |  3 |  2 |  1 |  3 |  1 |  5 |  2 |  3 |  1 |  1 |  0 |  2 |
 03|  3 |  1 |  1 |  2 |  0 |  2 |  1 |  2 |  1 |  3 |  1 |  0 |  1 |  0 |  2 |  1 |  4 |  2 |  0 |  0 |  1 |  1 |  0 |  4 |
 04|  4 |  2 |  2 |  4 |  2 |  2 |  2 |  3 |  2 |  3 |  7 |  2 |  2 |  2 |  0 |  2 |  1 |  0 |  0 |  1 |  0 |  0 |  2 |  0 |
 05|  2 |  0 |  0 |  1 |  2 |  2 |  1 |  0 |  1 |  1 |  0 |  3 |  1 |  1 |  3 |  3 |  3 |  0 |  2 |  0 |  1 |  1 |  3 |  2 |
 06|  2 |  2 |  6 |  3 |  0 |  4 |  0 |  1 |  0 |  0 |  0 |  2 |  6 |  4 |  1 |  0 |  0 |  3 |  0 |  2 |  1 |  0 |  2 |  3 |
 07|  1 |  1 |  4 |  2 |  3 |  1 |  1 |  2 |  4 |  4 |  1 |  3 |  1 |  3 |  1 |  0 |  2 |  2 |  1 |  0 |  1 |  1 |  0 |  4 |
 08|  2 |  4 |  3 |  6 |  1 |  0 |  2 |  0 |  3 |  3 |  2 |  5 |  5 |  1 |  5 |  0 |  0 |  0 |  1 |  1 |  2 |  0 |  0 |  3 |
 09|  3 |  0 |  3 |  2 |  3 |  3 |  0 |  4 |  0 |  4 |  5 |  4 |  3 |  5 |  2 |  4 |  3 |  1 |  1 |  1 |  0 |  1 |  1 |  3 |
 10|  0 |  6 |  3 |  5 |  1 |  2 |  0 |  3 |  0 |  5 |  4 |  4 |  6 |  3 |  0 |  2 |  3 |  2 |  1 |  0 |  0 |  0 |  1 |  4 |
 11|  0 |  3 |  2 |  3 |  4 |  3 |  3 |  2 |  4 |  2 |  4 |  2 |  0 |  4 |  2 |  0 |  0 |  4 |  1 |  1 |  1 |  1 |  2 |  2 |
 12|  2 |  2 |  2 |  0 |  0 |  3 |  2 |  0 |  0 |  1 |  5 |  6 |  1 |  4 |  0 |  0 |  1 |  3 |  3 |  0 |  1 |  3 |  3 |  4 |
 13|  1 |  3 |  1 |  2 |  2 |  3 |  0 |  1 |  2 |  3 |  4 |  4 |  1 |  2 |  0 |  1 |  1 |  0 |  1 |  0 |  0 |  1 |  2 |  4 |
 14|  2 |  5 |  2 |  4 |  1 |  1 |  0 |  0 |  1 |  1 |  6 |  0 |  1 |  0 |  0 |  0 |  0 |  0 |  0 |  0 |  0 |  0 |  0 |  0 |
 15|  0 |  0 |  0 |  0 |  0 |  0 |  0 |  0 |  0 |  0 |  0 |  0 |  0 |  0 |  0 |  0 |  0 |  0 |  0 |  0 |  0 |  1 |  2 |  3 |
 16|  0 |  0 |  3 |  1 |  1 |  1 |  4 |  2 |  1 |  0 |  0 |  4 |  1 |  1 |  2 |  0 |  1 |  0 |  1 |  3 |  0 |  0 |  0 |  0 |
 17|  0 |  0 |  0 |  0 |  0 |  0 |  0 |  0 |  0 |  0 |  0 |  0 |  0 |  0 |  0 |  0 |  0 |  2 |  2 |  0 |  1 |  0 |  1 |  1 |
 18|  1 |  1 |  1 |  0 |  0 |  1 |  3 |  1 |  0 |  1 |  1 |  2 |  1 |  3 |  1 |  0 |  1 |  0 |  0 |  0 |  1 |  2 |  0 |  0 |
 19|  0 |  0 |  0 |  0 |  2 |  3 |  1 |  2 |  2 |  1 |  2 |  2 |  3 |  0 |  0 |  1 |  0 |  0 |  0 |  0 |  0 |  0 |  3 |  0 |
 20|  0 |  1 |  0 |  0 |  2 |  3 |  0 |  1 |  1 |  3 |  2 |  3 |  2 |  1 |  1 |  0 |  0 |  1 |  1 |  0 |  1 |  0 |  0 |  0 |
 21|  0 |  0 |  2 |  3 |  0 |  0 |  2 |  1 |  3 |  1 |  4 |  3 |  1 |  0 |  1 |  0 |  1 |  1 |  0 |  1 |  1 |  1 |  0 |  1 |
 22|  6 |  5 |  2 |  3 |  5 |  6 |  12|  8 |  5 |  5 |  5 |  5 |  3 |  4 |  0 |  0 |  0 |  0 |  0 |  0 |  0 |  0 |  0 |  0 |
 23|  0 |  0 |  0 |  0 |  0 |  0 |  0 |  3 |  8 |  3 |  2 |  0 |  0 |  0 |  0 |  0 |  0 |  0 |  0 |  0 |  0 |  0 |  0 |  0 |
 24|  0 |  1 |  1 |  0 |  0 |  1 |  0 |  0 |  0 |  0 |  0 |  0 |  1 |  0 |  0 |  0 |  0 |  3 |  0 |  0 |  1 |  1 |  0 |  0 |
 25|  0 |  2 |  1 |  0 |  0 |  0 |  0 |  0 |  1 |  0 |  0 |  1 |  2 |  0 |  1 |  1 |  0 |  0 |  1 |  0 |  0 |  0 |  0 |  0 |
 26|  0 |  1 |  0 |  0 |  0 |  0 |  0 |  0 |  0 |  0 |  2 |  2 |  2 |  2 |  1 |  3 |  0 |  1 |  0 |  0 |  0 |  0 |  0 |  1 |
 27|  0 |  0 |  3 |  1 |  0 |  6 |  1 |  0 |  1 |  2 |  2 |  2 |  0 |  3 |  2 |  1 |  2 |  0 |  1 |  1 |  0 |  5 |  2 |  2 |
 28|  3 |  2 |  2 |  3 |  3 |  0 |  5 |  1 |  4 |  2 |  0 |  4 |  1 |  1 |  0 |  0 |  0 |  0 |  1 |  0 |  2 |  1 |  0 |  1 |
 29|  0 |  0 |  0 |  0 |  0 |  0 |  0 |  0 |  0 |  0 |  0 |  0 |  0 |  0 |  0 |  0 |  1 |  0 |  0 |  1 |  0 |  0 |  0 |  0 |
 30|  0 |  1 |  0 |  0 |  3 |  0 |  0 |  3 |  0 |  0 |  0 |  1 |  1 |  0 |  1 |  0 |  0 |  0 |  0 |  0 |  0 |  1 |  1 |  0 |
 31|??? |??? |??? |??? |??? |??? |??? |??? |??? |??? |??? |??? |??? |??? |??? |??? |??? |??? |??? |??? |??? |??? |??? |??? |
[Observer]Lockyer_Observatory
[Country]United Kingdom 
[City]Sidmouth
[Longitude]003°1307
[Latitude]050°4116
[Frequencies]
[Antenna]Quad Yagi
[Azimut Antenna]135
[Elevation Antenna]0
[Pre-Amplifier]None
[Receiver]ICOM IC-706 MKIIG
[Observing Method]HROFFT30dB Count Datas
[Remarks]winxp
