feb| 00h| 01h| 02h| 03h| 04h| 05h| 06h| 07h| 08h| 09h| 10h| 11h| 12h| 13h| 14h| 15h| 16h| 17h| 18h| 19h| 20h| 21h| 22h| 23h|
 01|  18|  20|  24|  20|  11|  21|  16|  12|  11|  16|  15|  17|  16|  16|  9 |  4 |  16|  7 |  3 |  6 |  9 |  3 |  4 |  6 |
 02|  14|  13|  8 |  11|  16|  15|  14|  15|  13|  14|  12|  11|  14|  8 |  9 |  12|  10|  9 |  11|  5 |  9 |  5 |  15|  21|
 03|  15|  15|  15|  25|  22|  21|  16|  14|  17|  15|  7 |  18|  18|  15|  9 |  6 |  5 |  8 |  6 |  8 |  13|  12|  15|  17|
 04|  14|  13|  20|  27|  14|  22|  20|  20|  15|  20|  20|  11|  14|  9 |  13|  14|  5 |  6 |  4 |  9 |  7 |  5 |  7 |  18|
 05|  9 |  20|  21|  17|  10|  21|  22|  14|  15|  21|  19|  20|  20|  23|  4 |  10|  12|  8 |  9 |  10|  11|  9 |  9 |  12|
 06|  14|  24|  21|  24|  18|  14|  13|  13|  20|  17|  17|  15|  14|  16|  19|  7 |  3 |  4 |  11|  13|  8 |  12|  10|  20|
 07|  20|  23|  20|  24|  21|  21|  12|  13|  20|  18|  20|  24|  22|  9 |  8 |  13|  12|  9 |  10|  11|  18|  21|  21|  22|
 08|  21|  27|  19|  26|  33|  21|  25|  21|  28|  17|  24|  17|  21|  14|  9 |  8 |  2 |  5 |  6 |  2 |  5 |  9 |  6 |  11|
 09|  15|  15|  22|  26|  28|  22|  28|  29|  18|  19|  25|  9 |  13|  18|  18|  7 |  3 |  9 |  7 |  8 |  7 |  7 |  5 |  10|
 10|  18|  6 |  19|  15|  15|  38|  17|  93|  66|  50|  57|  42|  8 |  4 |  1 |  4 |  6 |  7 |  7 |  4 |  3 |  8 |  5 |  8 |
 11|  1 |  5 |  12|  5 |  8 |  8 |  4 |  8 |  4 |  12|  8 |  7 |  4 |  7 |  7 |  1 |  6 |  5 |  2 |  7 |  8 |  4 |  2 |  6 |
 12|  9 |  11|  7 |  9 |  10|  9 |  7 |  3 |  4 |  11|  5 |  12|  7 |  6 |  5 |  6 |  4 |  3 |  7 |  3 |  5 |  6 |  5 |  6 |
 13|  8 |  8 |  8 |  6 |  12|  10|  7 |  10|  14|  3 |  11|  14|  5 |  12|  8 |  5 |  3 |  1 |  6 |  5 |  3 |  8 |  5 |  4 |
 14|  2 |  15|  8 |  17|  10|  9 |  7 |  3 |  9 |  7 |  7 |  8 |  7 |  5 |  8 |  4 |  2 |  6 |  4 |  6 |  6 |  5 |  2 |  4 |
 15|  4 |  10|  18|  10|  13|  10|  9 |  4 |  8 |  11|  11|  3 |  7 |  5 |  2 |  4 |  3 |  7 |  2 |  3 |  1 |  4 |  4 |  4 |
 16|  4 |  7 |  7 |  10|  7 |  7 |  7 |  8 |  5 |  8 |  5 |  3 |  6 |  7 |  5 |  1 |  0 |  5 |  2 |  2 |  0 |  1 |  2 |  0 |
 17|  0 |  0 |  0 |  20|  17|  11|  12|  11|  8 |  16|  28|  14|  13|  14|  4 |  16|  3 |  5 |  6 |  6 |  5 |  4 |  7 |  8 |
 18|  12|  15|  17|  12|  12|  16|  14|  23|  11|  14|  14|  10|  7 |  11|  10|  4 |  12|  7 |  9 |  6 |  11|  11|  8 |  12|
 19|  12|  15|  18|  13|  18|  11|  13|  12|  16|  18|  15|  11|  19|  9 |  7 |  7 |  2 |  3 |  10|  14|  10|  6 |  9 |  10|
 20|  10|  18|  18|  18|  13|  18|  18|  12|  17|  17|  19|  26|  20|  12|  18|  8 |  13|  7 |  9 |  8 |  9 |  5 |  12|  12|
 21|  16|  7 |  22|  15|  24|  22|  24|  13|  19|  29|  20|  17|  18|  19|  15|  11|  7 |  11|  6 |  9 |  10|  9 |  10|  14|
 22|  15|  14|  22|  15|  11|  17|  25|  18|  25|  14|  27|  22|  25|  21|  11|  9 |  6 |  4 |  1 |  7 |  7 |  13|  1 |  2 |
 23|  3 |  8 |  15|  12|  13|  10|  22|  11|  13|  11|  15|  11|  12|  16|  7 |  1 |  4 |  5 |  10|  3 |  3 |  11|  9 |  7 |
 24|  14|  10|  10|  11|  11|  13|  12|  16|  16|  15|  14|  9 |  12|  11|  4 |  1 |  4 |  1 |  2 |  4 |  4 |  6 |  5 |  12|
 25|  6 |  13|  19|  7 |  15|  7 |  12|  20|  25|  29|  23|  19|  16|  15|  12|  10|  11|  7 |  10|  9 |  11|  10|  12|  17|
 26|  21|  30|  17|  20|  25|  12|  19|  16|  26|  22|  20|  17|  19|  15|  18|  7 |  12|  11|  9 |  8 |  12|  13|  7 |  13|
 27|  15|  15|  25|  26|  26|  17|  29|  18|  23|  15|  22|  17|  25|  15|  19|  11|  6 |  3 |  8 |  1 |  3 |  4 |  7 |  7 |
 28|  6 |  11|  13|  8 |  8 |  5 |  2 |  10|  7 |  8 |  11|  12|  10|  7 |  9 |  4 |  5 |  3 |  8 |  5 |  3 |  5 |  4 |  5 |
 29|??? |??? |??? |??? |??? |??? |??? |??? |??? |??? |??? |??? |??? |??? |??? |??? |??? |??? |??? |??? |??? |??? |??? |??? |
 30|??? |??? |??? |??? |??? |??? |??? |??? |??? |??? |??? |??? |??? |??? |??? |??? |??? |??? |??? |??? |??? |??? |??? |??? |
 31|??? |??? |??? |??? |??? |??? |??? |??? |??? |??? |??? |??? |??? |??? |??? |??? |??? |??? |??? |??? |??? |??? |??? |??? |
[Observer]Lockyer_Observatory
[Country]United Kingdom 
[City]Sidmouth
[Longitude]003°1307
[Latitude]050°4116
[Frequencies]
[Antenna]Quad Yagi
[Azimut Antenna]135
[Elevation Antenna]0
[Pre-Amplifier]None
[Receiver]ICOM IC-706 MKIIG
[Observing Method]HROFFT20dB Count Datas
[Remarks]winxp
