mar| 00h| 01h| 02h| 03h| 04h| 05h| 06h| 07h| 08h| 09h| 10h| 11h| 12h| 13h| 14h| 15h| 16h| 17h| 18h| 19h| 20h| 21h| 22h| 23h|
 01|  10|  8 |  16|  12|  14|  9 |  11|  8 |  8 |  4 |  10|  7 |  4 |  6 |  4 |  4 |  3 |  2 |  3 |  0 |  1 |  1 |  4 |  5 |
 02|  2 |  3 |  10|  6 |  5 |  4 |  3 |  6 |  14|  7 |  5 |  17|  6 |  79|  54|  0 |  0 | 249|  32|  9 | 183|  31|  4 |  81|
 03|  11|  16|  20|  6 |  55|  26|  78|  95|  33|  65|  4 |  13|  9 |  10|  3 |  5 |  6 |  6 | 263|  0 |  3 |  4 |  7 |  9 |
 04|  7 |  9 |  10|  6 |  10|  7 |  4 |  5 |  7 |  9 |  5 |  9 |  4 |  7 |  4 |  10|  7 |  2 |  0 |  3 |  4 |  3 |  4 |  5 |
 05|  13|  9 |  8 |  12|  12|  4 |  11|  9 |  15|  15|  12|  26|  10|  10|  10|  5 |  2 |  7 |  6 |  6 |  5 |  3 |  6 |  8 |
 06|  11|  8 |  6 |  7 |  11|  10|  13|  14|  5 |  12|  11|  12|  7 |  11|  5 |  6 |  5 |  2 |  3 |  8 |  2 |  6 |  9 |  8 |
 07|  14|  11|  14|  17|  13|  8 |  14|  16|  11|  10|  7 |  7 |  8 |  5 |  9 |  7 |  4 |  6 |  3 |  5 |  7 |  6 |  4 |  7 |
 08|  7 |  7 |  10|  6 |  4 |  5 |  9 |  4 |  6 |  10|  12|  7 |  5 |  8 |  8 |  5 |  8 |  2 |  4 |  2 |  5 |  10|  5 |  4 |
 09|  6 |  4 |  9 |  9 |  10|  6 |  6 |  7 |  8 |  5 |  5 |  8 |  11|  10|  5 |  4 |  6 |  3 |  4 |  4 |  3 |  2 |  3 |  3 |
 10|  8 |  7 |  11|  6 |  8 |  8 |  5 |  9 |  10|  9 |  7 |  7 |  11|  2 |  5 |  5 |  3 |  5 |  5 |  5 |  4 |  8 |  8 |  8 |
 11|  6 |  9 |  12|  8 |  10|  15|  10|  9 |  11|  16|  14|  17|  12|  12|  3 |  4 |  2 |  5 |  9 |  8 |  10|  10|  9 |  7 |
 12|  15|  14|  17|  16|  8 |  5 |  11|  10|  11|  12|  18|  18|  13|  10|  5 |  7 |  4 |  2 |  2 |  6 |  10|  4 |  6 |  13|
 13|  10|  11|  12|  21|  6 |  4 |  9 |  8 |  8 |  9 |  11|  8 |  13|  13|  12|  4 |  4 |  4 |  3 |  5 |  8 |  2 |  7 |  10|
 14|  12|  8 |  17|  11|  7 |  11|  7 |  16|  7 |  14|  9 |  10|  7 |  6 |  7 |  4 |  9 |  3 |  3 |  3 |  2 |  6 |  5 |  8 |
 15|  7 |  9 |  14|  14|  16|  11|  10|  3 |  11|  7 |  12|  11|  8 |  7 |  11|  4 |  2 |  3 |  4 |  0 |  2 |  2 |  0 |  0 |
 16|  0 |  0 |  0 |  0 |  0 |  0 |  0 |  0 |  0 |  0 |  0 |  2 |  11|  8 |  4 |  6 |  2 |  2 |  3 |  5 |  4 |  1 |  6 |  6 |
 17|  4 |  10|  6 |  13|  17|  9 |  15|  8 |  12|  12|  15|  8 |  5 |  7 |  9 |  6 |  2 |  0 |  0 |  7 |  2 |  4 |  2 |  4 |
 18|  11|  11|  10|  15|  4 |  6 |  6 |  9 |  7 |  15|  11|  13|  7 |  8 |  7 |  7 |  2 |  1 |  2 |  3 |  6 |  5 |  11|  11|
 19|  6 |  5 |  9 |  7 |  6 |  4 |  7 |  6 |  8 |  6 |  9 |  6 |  9 |  7 |  10|  3 |  3 |  7 |  5 |  3 |  7 |  5 |  6 |  6 |
 20|  9 |  7 |  7 |  5 |  6 |  8 |  6 |  9 |  2 |  8 |  16|  10|  5 |  14|  8 |  11|  1 |  3 |  3 |  4 |  5 |  5 |  11|  7 |
 21|  11|  7 |  13|  8 |  3 |  10|  10|  9 |  7 |  7 |  14|  3 |  9 |  11|  11|  3 |  5 |  2 |  3 |  7 |  5 |  2 |  9 |  7 |
 22|  12|  12|  13|  7 |  13|  6 |  8 |  7 |  11|  13|  12|  15|  9 |  9 |  5 |  11|  3 |  5 |  1 |  2 |  4 |  5 |  4 |  8 |
 23|  8 |  9 |  6 |  10|  5 |  3 |  7 |  4 |  4 |  9 |  11|  13|  8 |  9 |  5 |  5 |  2 |  6 |  3 |  4 |  7 |  6 |  5 |  9 |
 24|  7 |  12|  7 |  7 |  8 |  5 |  8 |  10|  10|  7 |  11|  9 |  13|  6 |  6 |  8 |  3 |  4 |  5 |  1 |  4 |  5 |  8 |  12|
 25|  6 |  6 |  13|  9 |  8 |  10|  10|  9 |  6 |  15|  6 |  19|  10|  12|  7 |  5 |  7 |  4 |  4 |  3 |  4 |  2 |  6 |  5 |
 26|  11|  5 |  17|  12|  11|  13|  6 |  15|  6 |  9 |  13|  17|  16|  6 |  8 |  8 |  4 |  5 |  3 |  3 |  5 |  12|  5 |  10|
 27|  12|  10|  13|  14|  9 |  16|  9 |  8 |  14|  9 |  16|  15|  19|  10|  10|  5 |  3 |  2 |  6 |  5 |  5 |  4 |  11|  11|
 28|  16|  13|  11|  10|  4 |  10|  15|  11|  16|  19|  11|  19|  9 |  11|  8 |  6 |  3 |  8 |  8 |  3 |  4 |  3 |  8 |  13|
 29|  12|  7 |  13|  8 |  11|  11|  12|  14|  14|  13|  10|  14|  13|  10|  8 |  7 |  4 |  4 |  3 |  7 |  2 |  6 |  3 |  10|
 30|  3 |  9 |  10|  8 |  7 |  9 |  13|  6 |  12|  12|  9 |  10|  13|  12|  12|  7 |  6 |  2 |  6 |  5 |  7 |  3 |  5 |  12|
 31|  4 |  11|  10|  11|  8 |  12|  9 |  11|  5 |  6 |  9 |  14|  9 |  7 |  8 |  7 |  3 |  4 |  8 |  4 |  6 |  7 |  8 |  6 |
[Observer]Lockyer_Observatory
[Country]United Kingdom 
[City]Sidmouth
[Longitude]003°1307
[Latitude]050°4116
[Frequencies]
[Antenna]Quad Yagi
[Azimut Antenna]135
[Elevation Antenna]0
[Pre-Amplifier]None
[Receiver]ICOM IC-706 MKIIG
[Observing Method]HROFFT20dB Count Datas
[Remarks]winxp
