jun| 00h| 01h| 02h| 03h| 04h| 05h| 06h| 07h| 08h| 09h| 10h| 11h| 12h| 13h| 14h| 15h| 16h| 17h| 18h| 19h| 20h| 21h| 22h| 23h|
 01|  0 |  0 |  0 |  0 |  3 |  1 |  0 |  0 |  0 |  0 |  1 |  0 |  0 |  1 |  0 |  0 |  0 |  0 |  1 |  2 |  4 |  0 |  8 |  4 |
 02|  3 |  4 |  4 |  3 |  13|  17|  15|  12|  9 |  4 |  6 |  4 |  6 |  4 |  7 |  3 |  5 |  2 |  11|  5 |  7 |  6 |  5 |  12|
 03|  8 |  5 |  11|  10|  17|  29|  19|  13|  7 |  6 |  3 |  14|  11|  6 |  6 |  10|  6 |  9 |  3 |  4 |  5 |  3 |  5 |  3 |
 04|  4 |  8 |  5 |  7 |  16|  16|  16|  12|  9 |  6 |  3 |  11|  15|  6 |  6 |  7 |  10|  5 |  5 |  6 |  2 |  5 |  6 |  6 |
 05|  8 |  6 |  12|  9 |  23|  25|  18|  9 |  9 |  4 |  9 |  11|  8 |  6 |  5 |  9 |  9 |  4 |  2 |  5 |  3 |  8 |  3 |  7 |
 06|  8 |  5 |  7 |  10|  20|  15|  21|  12|  7 |  9 |  5 |  6 |  8 |  5 |  6 |  12|  3 |  3 |  6 |  1 |  6 |  1 |  2 |  2 |
 07|  4 |  4 |  2 |  6 |  10|  11|  10|  7 |  6 |  2 |  5 |  6 |  6 |  11|  7 |  13|  6 |  0 |  5 |  1 |  7 |  1 |  7 |  0 |
 08|  5 |  5 |  3 |  4 |  12|  21|  7 |  10|  6 |  7 |  3 |  9 |  14|  9 |  11|  10|  4 |  5 |  2 |  1 |  4 |  3 |  2 |  8 |
 09|  6 |  3 |  6 |  5 |  13|  9 |  11|  8 |  8 |  3 |  7 |  9 |  10|  8 |  6 |  10|  3 |  5 |  6 |  2 |  0 |  0 |  3 |  4 |
 10|  4 |  4 |  5 |  8 |  22|  14|  14|  12|  2 |  8 |  8 |  7 |  7 |  8 |  9 |  8 |  5 |  7 |  5 |  4 |  1 |  0 |  6 |  3 |
 11|  3 |  4 |  7 |  9 |  19|  29|  6 |  7 |  13|  3 |  7 |  8 |  10|  7 |  12|  8 |  7 |  3 |  5 |  2 |  3 |  1 |  5 |  5 |
 12|  2 |  6 |  5 |  7 |  10|  16|  15|  11|  4 |  8 |  11|  9 |  10|  14|  9 |  3 |  5 |  2 |  6 |  1 |  3 |  6 |  7 |  2 |
 13|  4 |  3 |  8 |  8 |  14|  10|  12|  5 |  11|  2 |  12|  6 |  6 |  10|  9 |  7 |  2 |  5 |  5 |  5 |  2 |  1 |  1 |  3 |
 14|  1 |  0 |  4 |  9 |  13|  7 |  10|  8 |  5 |  4 |  5 |  7 |  13|  2 |  0 |  0 |  1 |  6 |  5 |  6 |  2 |  0 |  1 |  6 |
 15|  6 |  6 |  4 |  10|  17|  27|  16|  8 |  3 |  4 |  8 |  5 |  6 |  13|  9 |  9 |  8 |  2 |  5 |  4 |  3 |  5 |  2 |  6 |
 16|  3 |  2 |  7 |  5 |  7 |  12|  13|  15|  9 |  2 |  4 |  9 |  7 |  10|  7 |  7 |  5 |  3 |  3 |  2 |  3 |  4 |  3 |  12|
 17|  8 |  8 |  8 |  9 |  9 |  11|  9 |  9 |  8 |  7 |  8 |  5 |  6 |  4 |  5 |  6 |  11|  3 |  1 |  4 |  3 |  3 |  5 |  6 |
 18|  4 |  9 |  5 |  9 |  11|  12|  11|  5 |  6 |  2 |  4 |  5 |  4 |  4 |  6 |  8 |  7 |  1 |  5 |  5 |  4 |  3 |  1 |  4 |
 19|  3 |  3 |  2 |  9 |  11|  10|  8 |  8 |  6 |  5 |  6 |  8 |  5 |  7 |  2 |  6 |  6 |  3 |  4 |  4 |  1 |  5 |  5 |  2 |
 20|  2 |  3 |  6 |  7 |  10|  12|  5 |  6 |  4 |  6 |  5 |  5 |  2 |  0 |  1 |  3 |  2 |  1 |  0 |  0 |  0 |  1 |  2 |  1 |
 21|  0 |  1 |  0 |  0 |  0 |  1 |  0 |  0 |  0 |  0 |  0 |  1 |  0 |  3 |  2 |  1 |  2 |  0 |  0 |  0 |  6 |  2 |  4 |  5 |
 22|  2 |  3 |  1 |  7 |  11|  13|  11|  6 |  3 |  0 |  3 |  8 |  7 |  7 |  1 |  4 |  6 |  4 |  6 |  5 |  3 |  1 |  0 |  5 |
 23|  5 |  2 |  6 |  6 |  6 |  10|  3 |  9 |  4 |  4 |  4 |  3 |  6 |  12|  6 |  9 |  10|  8 |  8 |  5 |  4 |  2 |  2 |  3 |
 24|  6 |  3 |  5 |  3 |  8 |  16|  8 |  17|  2 |  4 |  2 |  4 |  6 |  8 |  3 |  5 |  7 |  4 |  2 |  4 |  3 |  2 |  3 |  5 |
 25|  8 |  8 |  12|  5 |  10|  9 |  14|  10|  4 |  4 |  2 |  5 |  9 |  10|  5 |  3 |  5 |  6 |  4 |  3 |  3 |  0 |  6 |  7 |
 26|  3 |  3 |  2 |  3 |  11|  7 |  9 |  4 |  8 |  3 |  4 |  2 |  4 |  10|  6 |  3 |  6 |  2 |  4 |  4 |  4 |  4 |  2 |  4 |
 27|  6 |  5 |  7 |  6 |  14|  9 |  6 |  4 |  2 |  4 |  8 |  6 |  7 |  9 |  5 |  8 |  4 |  4 |  6 |  2 |  0 |  4 |  6 |  4 |
 28|  1 |  3 |  7 |  10|  8 |  15|  11|  6 |  3 |  5 |  1 |  4 |  6 |  2 |  5 |  6 |  4 |  4 |  2 |  6 |  3 |  4 |  4 |  6 |
 29|  3 |  7 |  0 |  7 |  13|  8 |  10|  11|  2 |  3 |  1 |  3 |  7 |  5 |  3 |  8 |  2 |  3 |  7 |  0 |  4 |  6 |  5 |  4 |
 30|  6 |  6 |  3 |  8 |  13|  12|  13|  9 |  7 |  6 |  5 |  4 |  9 |  6 |  6 |  9 |  5 |  3 |  6 |  7 |  3 |  5 |  5 |  10|
 31|??? |??? |??? |??? |??? |??? |??? |??? |??? |??? |??? |??? |??? |??? |??? |??? |??? |??? |??? |??? |??? |??? |??? |??? |
[Observer]Lockyer_Observatory
[Country]United Kingdom 
[City]Sidmouth
[Longitude]003°1307
[Latitude]050°4116
[Frequencies]
[Antenna]Quad Yagi
[Azimut Antenna]135
[Elevation Antenna]0
[Pre-Amplifier]None
[Receiver]ICOM IC-706 MKIIG
[Observing Method]HROFFT30dB Count Datas
[Remarks]winxp
