jun| 00h| 01h| 02h| 03h| 04h| 05h| 06h| 07h| 08h| 09h| 10h| 11h| 12h| 13h| 14h| 15h| 16h| 17h| 18h| 19h| 20h| 21h| 22h| 23h|
 01|  0 |  0 |  0 |  0 |  7 |  3 |  0 |  0 |  0 |  0 |  1 |  0 |  0 |  1 |  0 |  0 |  0 |  0 |  1 |  2 |  4 |  0 |  11|  4 |
 02|  6 |  5 |  5 |  3 |  20|  18|  17|  13|  11|  6 |  6 |  6 |  10|  10|  7 |  3 |  7 |  3 |  17|  7 |  7 |  8 |  6 |  15|
 03|  14|  8 |  14|  10|  21|  36|  23|  17|  8 |  6 |  3 |  20|  17|  6 |  6 |  11|  7 |  18|  3 |  4 |  6 |  3 |  5 |  5 |
 04|  4 |  10|  5 |  7 |  18|  29|  21|  20|  9 |  7 |  4 |  19|  21|  9 |  6 |  8 |  15|  5 |  5 |  6 |  2 |  7 |  6 |  6 |
 05|  9 |  8 |  13|  9 |  30|  33|  27|  10|  12|  5 |  13|  18|  9 |  7 |  5 |  11|  11|  4 |  2 |  8 |  3 |  9 |  3 |  7 |
 06|  9 |  5 |  10|  11|  26|  23|  31|  14|  10|  10|  9 |  8 |  15|  8 |  7 |  15|  8 |  3 |  8 |  1 |  10|  1 |  2 |  2 |
 07|  4 |  4 |  2 |  8 |  12|  14|  12|  10|  6 |  3 |  6 |  11|  8 |  13|  7 |  18|  7 |  0 |  8 |  1 |  9 |  2 |  11|  0 |
 08|  6 |  5 |  3 |  5 |  16|  30|  9 |  10|  6 |  9 |  3 |  13|  17|  10|  14|  17|  9 |  7 |  2 |  1 |  4 |  4 |  2 |  9 |
 09|  7 |  3 |  6 |  6 |  17|  12|  14|  9 |  10|  3 |  11|  16|  16|  17|  6 |  15|  4 |  6 |  7 |  2 |  0 |  0 |  3 |  7 |
 10|  4 |  5 |  5 |  10|  38|  20|  16|  14|  3 |  12|  10|  7 |  10|  9 |  10|  10|  7 |  7 |  6 |  4 |  1 |  0 |  7 |  3 |
 11|  3 |  5 |  7 |  11|  30|  40|  9 |  9 |  19|  4 |  11|  8 |  15|  9 |  25|  11|  8 |  4 |  5 |  2 |  3 |  1 |  5 |  5 |
 12|  2 |  6 |  5 |  7 |  10|  20|  17|  18|  5 |  8 |  11|  14|  15|  17|  15|  4 |  5 |  3 |  8 |  1 |  3 |  8 |  8 |  7 |
 13|  4 |  3 |  10|  8 |  18|  13|  13|  5 |  24|  5 |  15|  6 |  7 |  11|  10|  11|  2 |  7 |  8 |  5 |  2 |  1 |  1 |  3 |
 14|  2 |  0 |  5 |  15|  17|  9 |  14|  9 |  6 |  6 |  7 |  7 |  16|  2 |  0 |  0 |  1 |  10|  5 |  7 |  2 |  0 |  1 |  7 |
 15|  9 |  10|  7 |  13|  19|  49|  25|  9 |  4 |  5 |  8 |  7 |  6 |  19|  10|  14|  8 |  2 |  5 |  4 |  4 |  6 |  2 |  7 |
 16|  4 |  2 |  8 |  5 |  7 |  13|  19|  19|  9 |  2 |  5 |  10|  7 |  11|  8 |  16|  6 |  4 |  3 |  2 |  3 |  4 |  4 |  14|
 17|  8 |  8 |  8 |  13|  37|  13|  10|  10|  8 |  7 |  13|  6 |  6 |  9 |  5 |  7 |  16|  5 |  1 |  4 |  3 |  3 |  7 |  6 |
 18|  4 |  9 |  9 |  11|  13|  12|  13|  5 |  7 |  3 |  8 |  6 |  5 |  4 |  15|  11|  18|  1 |  6 |  6 |  4 |  3 |  1 |  5 |
 19|  3 |  3 |  2 |  10|  16|  12|  10|  9 |  7 |  7 |  6 |  8 |  6 |  8 |  3 |  11|  8 |  5 |  5 |  4 |  1 |  5 |  5 |  2 |
 20|  2 |  3 |  7 |  8 |  17|  17|  6 |  8 |  4 |  8 |  6 |  10|  3 |  0 |  1 |  3 |  2 |  1 |  0 |  0 |  0 |  1 |  2 |  1 |
 21|  0 |  1 |  0 |  0 |  0 |  1 |  0 |  0 |  0 |  0 |  0 |  1 |  0 |  3 |  2 |  1 |  3 |  0 |  0 |  0 |  7 |  2 |  4 |  5 |
 22|  5 |  3 |  1 |  7 |  25|  16|  12|  7 |  3 |  0 |  5 |  14|  7 |  9 |  1 |  5 |  6 |  4 |  6 |  5 |  3 |  1 |  0 |  7 |
 23|  8 |  2 |  8 |  6 |  8 |  11|  4 |  14|  4 |  4 |  7 |  15|  8 |  14|  6 |  11|  14|  9 |  9 |  5 |  4 |  2 |  2 |  3 |
 24|  7 |  3 |  5 |  8 |  14|  21|  9 |  21|  2 |  4 |  2 |  5 |  6 |  11|  4 |  7 |  7 |  6 |  2 |  5 |  4 |  2 |  3 |  5 |
 25|  10|  9 |  12|  5 |  12|  15|  25|  12|  6 |  6 |  2 |  7 |  9 |  12|  5 |  3 |  7 |  8 |  4 |  3 |  4 |  0 |  6 |  18|
 26|  3 |  4 |  3 |  4 |  16|  12|  9 |  4 |  17|  4 |  10|  2 |  5 |  16|  6 |  4 |  6 |  2 |  4 |  5 |  6 |  4 |  4 |  4 |
 27|  9 |  6 |  9 |  7 |  18|  10|  7 |  8 |  4 |  5 |  10|  9 |  9 |  10|  6 |  11|  4 |  5 |  14|  3 |  0 |  4 |  9 |  5 |
 28|  2 |  5 |  7 |  14|  8 |  21|  12|  8 |  4 |  5 |  2 |  4 |  8 |  2 |  7 |  8 |  5 |  5 |  2 |  6 |  3 |  6 |  5 |  8 |
 29|  3 |  10|  0 |  8 |  29|  10|  12|  16|  2 |  3 |  1 |  5 |  12|  7 |  3 |  9 |  2 |  3 |  8 |  0 |  4 |  8 |  6 |  7 |
 30|  8 |  9 |  3 |  9 |  13|  17|  14|  15|  8 |  8 |  6 |  6 |  12|  8 |  9 |  9 |  5 |  3 |  14|  7 |  3 |  5 |  7 |  12|
 31|??? |??? |??? |??? |??? |??? |??? |??? |??? |??? |??? |??? |??? |??? |??? |??? |??? |??? |??? |??? |??? |??? |??? |??? |
[Observer]Lockyer_Observatory
[Country]United Kingdom 
[City]Sidmouth
[Longitude]003°1307
[Latitude]050°4116
[Frequencies]
[Antenna]Quad Yagi
[Azimut Antenna]135
[Elevation Antenna]0
[Pre-Amplifier]None
[Receiver]ICOM IC-706 MKIIG
[Observing Method]HROFFT30dB Length Datas
[Remarks]winxp
