oct| 00h| 01h| 02h| 03h| 04h| 05h| 06h| 07h| 08h| 09h| 10h| 11h| 12h| 13h| 14h| 15h| 16h| 17h| 18h| 19h| 20h| 21h| 22h| 23h|
 01|  2 |  4 |  9 |  4 |  3 |  5 |  5 |  8 |  4 |  3 |  4 |  7 |  9 |  5 |  3 |  7 |  9 |  7 |  3 |  3 |  7 |  4 |  3 |  3 |
 02|  4 |  2 |  6 |  5 |  5 |  7 |  8 |  10|  8 |  2 |  6 |  16|  5 |  8 |  7 |  3 |  3 |  2 |  4 |  6 |  5 |  1 |  3 |  2 |
 03|  3 |  11|  7 |  7 |  8 |  15|  3 |  7 |  10|  5 |  22|  12|  9 |  3 |  2 |  13|  2 |  5 |  5 |  3 |  9 |  0 |  1 |  2 |
 04|  3 |  4 |  5 |  8 |  5 |  3 |  14|  1 |  18|  12|  6 |  16|  4 |  6 |  3 |  9 |  2 |  2 |  4 |  6 |  1 |  5 |  6 |  4 |
 05|  3 |  4 |  6 |  7 |  1 |  18|  7 |  6 |  8 |  10|  2 |  5 |  6 |  9 |  4 |  4 |  3 |  4 |  6 |  2 |  2 |  4 |  3 |  3 |
 06|  7 |  4 |  8 |  6 |  9 |  8 |  4 |  12|  4 |  6 |  5 |  7 |  9 |  9 |  3 |  3 |  6 |  2 |  5 |  6 |  2 |  3 |  1 |  2 |
 07|  1 |  7 |  2 |  8 |  3 |  3 |  13|  5 |  13|  6 |  12|  4 |  12|  7 |  7 |  9 |  5 |  7 |  4 |  6 |  6 |  3 |  5 |  5 |
 08|  6 |  7 |  5 |  3 |  1 |  14|  3 |  6 |  8 |  7 |  3 |  6 |  1 |  20|  5 |  0 |  6 |  6 |  2 |  2 |  9 |  4 |  5 |  6 |
 09|  4 |  9 |  4 |  3 |  5 |  13|  10|  10|  5 |  1 |  9 |  8 |  9 |  3 |  3 |  11|  5 |  10|  2 |  6 |  8 |  2 |  8 |  5 |
 10|  3 |  6 |  11|  11|  5 |  6 |  15|  8 |  4 |  40|  7 |  12|  7 |  8 |  7 |  7 |  3 |  9 |  2 |  13|  3 |  7 |  4 |  3 |
 11|  6 |  5 |  5 |  7 |  7 |  8 |  11|  9 |  14|  9 |  4 |  3 |  13|  6 |  3 |  3 |  6 |  5 |  9 |  10|  1 |  2 |  4 |  3 |
 12|  6 |  1 |  3 |  10|  8 |  3 |  8 |  7 |  7 |  4 |  6 |  6 |  3 |  4 |  1 |  7 |  4 |  8 |  5 |  6 |  4 |  10|  0 |  18|
 13|  5 |  7 |  13|  3 |  14|  3 |  7 |  16|  5 |  11|  7 |  9 |  9 |  5 |  3 |  4 |  1 |  8 |  6 |  8 |  5 |  1 |  4 |  5 |
 14|  4 |  12|  9 |  11|  6 |  25|  8 |  11|  10|  42|  11|  4 |  4 |  5 |  6 |  5 |  4 |  4 |  3 |  5 |  6 |  10|  3 |  2 |
 15|  9 |  1 |  7 |  12|  8 |  10|  4 |  10|  27|  6 |  37|  7 |  8 |  5 |  9 |  7 |  7 |  4 |  6 |  3 |  5 |  7 |  2 |  6 |
 16|  12|  4 |  1 |  10|  11|  7 |  9 |  10|  12|  7 |  16|  6 |  7 |  17|  4 |  8 |  5 |  6 |  5 |  13|  3 |  1 |  2 |  7 |
 17|  2 |  6 |  3 |  9 |  3 |  11|  7 |  7 |  6 |  8 |  12|  10|  8 |  10|  10|  9 |  9 |  3 |  5 |  3 |  6 |  4 |  3 |  1 |
 18|  11|  8 |  15|  10|  16|  4 |  4 |  19|  17|  8 |  1 |  6 |  4 |  5 |  3 | 164|  19|  3 |  5 |  4 |  1 |  3 |  0 |  5 |
 19|  11|  4 |  6 |  4 |  9 |  5 |  11|  9 |  9 |  11|  2 |  3 |  11|  3 |  7 |  4 |  1 |  3 |  1 |  1 |  6 |  5 |  1 |  8 |
 20|  6 |  2 |  8 |  10|  4 |  22|  15|  5 |  6 |  13|  5 |  3 |  7 |  4 |  0 |  2 |  2 |  5 |  9 |  1 |  3 |  4 |  3 |  2 |
 21|  1 |  3 |  26|  6 |  5 |  6 |  24|  7 |  13|  2 |  6 |  0 |  5 |  7 |  1 |  3 |  3 |  2 |  2 |  6 |  1 |  1 |  2 |  1 |
 22|  8 |  4 |  9 |  14|  3 |  6 |  2 |  5 |  20|  6 |  5 |  4 |  5 |  2 |  3 |  4 |  6 |  3 |  4 |  3 |  2 |  3 |  1 |  4 |
 23|  2 |  4 |  7 |  4 |  4 |  4 |  1 |  3 |  6 |  13|  0 |  1 |  7 |  2 |  26|  5 |  2 |  3 |  3 |  2 |  4 |  8 |  2 |  4 |
 24|  0 |  4 |  3 |  3 |  18|  6 |  9 |  1 |  6 |  5 |  4 |  1 |  0 |  5 |  8 |  3 |  3 |  2 |  1 |  5 |  2 |  2 |  3 |  0 |
 25|  2 |  8 |  6 |  0 |  1 |  0 |  8 |  2 |  3 |  9 |  5 |  3 |  6 |  1 |  2 |  9 |  5 |  3 |  3 |  7 |  5 |  2 |  3 |  4 |
 26|  2 |  2 |  3 |  14|  11|  6 |  12|  15|  4 |  13|  2 |  11|  8 |  8 |  1 |  6 |  4 |  5 |  7 |  2 |  10|  4 |  1 |  5 |
 27|  6 |  4 |  10|  0 |  0 |  0 |  0 |  0 |  0 |  0 |  0 |  0 |  0 |  0 |  0 |  0 |  0 |  0 |  0 |  0 |  0 |  0 |  0 |  0 |
 28|??? |??? |??? |??? |??? |??? |??? |??? |??? |??? |??? |??? |??? |??? |??? |??? |??? |??? |??? |??? |??? |??? |??? |??? |
 29|  0 |  0 |  0 |  0 |  0 |  0 |  0 |  0 |  8 |  4 |  3 |  2 |  5 |  4 |  7 |  11|  7 |  8 |  11|  12|  11|  3 |  14|  5 |
 30|  6 |  9 |  8 |  5 |  6 |  6 |  4 |  14|  22|  21|  13|  10|  7 |  7 |  11|  0 |  0 |  0 |  4 |  15|  6 |  6 |  7 |  4 |
 31|  7 |  3 |  7 |  7 |  7 |  10|  23|  11|  11|  5 |  9 |  9 |  1 |  3 |  4 |  0 |  5 |  12|  2 |  7 |  12|  3 |  2 |  2 |
[Observer]Lockyer_Observatory
[Country]United Kingdom 
[City]Sidmouth
[Longitude]003°1307
[Latitude]050°4116
[Frequencies]
[Antenna]Quad Yagi
[Azimut Antenna]135
[Elevation Antenna]0
[Pre-Amplifier]None
[Receiver]ICOM IC-706 MKIIG
[Observing Method]HROFFT30dB Length Datas
[Remarks]winxp
