nov| 00h| 01h| 02h| 03h| 04h| 05h| 06h| 07h| 08h| 09h| 10h| 11h| 12h| 13h| 14h| 15h| 16h| 17h| 18h| 19h| 20h| 21h| 22h| 23h|
 01|  7 |  5 |  7 |  5 |  13|  3 |  5 |  5 |  10|  10|  4 |  9 |  10|  4 |  4 |  4 |  3 |  7 |  8 |  7 |  9 |  9 |  8 |  5 |
 02|  1 |  6 |  2 |  11|  3 |  8 |  12|  6 |  7 |  12|  3 |  3 |  6 |  11|  5 |  2 |  2 |  3 |  4 |  9 |  5 |  11|  1 |  4 |
 03|  4 |  2 |  5 |  5 |  11|  13|  12|  14|  19|  11|  6 |  1 |  8 |  5 |  7 |  12|  8 |  4 |  12|  4 |  2 |  3 |  4 |  4 |
 04|  5 |  10|  2 |  15|  4 |  14|  12|  10|  4 |  23|  2 |  5 |  4 |  3 |  2 |  2 |  3 |  6 |  10|  5 |  10|  3 |  2 |  0 |
 05|  6 |  1 |  6 |  5 |  5 |  15|  6 |  6 |  11|  10|  7 |  12|  4 |  1 |  5 |  8 |  10|  1 |  14|  4 |  1 |  5 |  5 |  7 |
 06|  3 |  23|  12|  11|  7 |  11|  8 |  8 |  5 |  5 |  5 |  4 |  4 |  2 |  8 |  2 |  3 |  7 |  17|  2 |  4 |  3 |  10|  1 |
 07|  6 |  4 |  4 |  4 |  5 |  9 |  8 |  6 |  5 |  6 |  3 |  8 |  3 |  4 |  4 |  2 |  6 |  11|  6 |  3 |  15|  2 |  2 |  1 |
 08|  5 |  5 |  13|  1 |  6 |  13|  6 |  13|  7 |  3 |  7 |  3 |  3 |  10|  9 |  2 |  7 |  6 |  3 |  4 |  5 |  3 |  5 |  1 |
 09|  4 |  3 |  2 |  6 |  8 |  7 |  3 |  6 |  12|  7 |  5 |  5 |  12|  8 |  6 |  15|  4 |  6 |  7 |  2 |  6 |  4 |  2 |  0 |
 10|  1 |  4 |  1 |  0 |  0 |  2 |  19|  10|  14|  10|  8 |  12|  18|  1 |  7 |  8 |  6 |  8 |  6 |  4 |  9 |  12|  4 |  7 |
 11|  4 |  5 |  6 |  3 |  8 |  13|  16|  15|  5 |  12|  4 |  4 |  9 |  19|  9 |  1 |  3 |  6 |  12|  8 |  18|  5 |  5 |  2 |
 12|  4 |  4 |  4 |  7 |  8 |  4 |  6 |  13|  13|  8 |  23|  6 |  5 |  6 |  4 |  10|  6 |  3 |  6 |  5 |  8 |  7 |  3 |  4 |
 13|  4 |  7 |  8 |  8 |  8 |  10|  6 |  2 |  8 |  21|  11|  15|  10|  7 |  10|  1 |  11|  2 |  2 |  13|  13|  1 |  2 |  3 |
 14|  3 |  8 |  6 |  7 |  6 |  5 |  16|  3 |  7 |  4 |  5 |  8 |  2 |  4 |  4 |  10|  2 |  7 |  3 |  2 |  5 |  15|  4 |  3 |
 15|  7 |  2 |  3 |  5 |  20|  6 |  33|  11|  12|  4 |  12|  7 |  5 |  6 |  2 |  4 |  6 |  0 |  1 |  5 |  6 |  0 |  4 |  0 |
 16|  0 |  0 |  0 |  0 |  0 |  0 |  0 |  0 |  0 |  0 |  0 |  0 |  0 |  0 |  0 |  0 |  0 |  0 |  0 |  0 |  0 |  0 |  0 |  0 |
 17|  0 |  0 |  0 |  0 |  0 |  0 |  0 |  0 |  0 |  0 |  0 |  0 |  0 |  0 |  0 |  0 |  0 |  0 |  0 |  0 |  0 |  0 |  0 |  0 |
 18|  0 |  0 |  0 |  0 |  0 |  0 |  0 |  0 |  0 |  0 |  4 |  2 |  7 |  6 |  16|  11|  1 |  3 |  6 |  6 |  6 |  3 |  1 |  10|
 19|  1 |  3 |  8 |  4 |  42|  28|  4 |  18|  6 |  7 |  26|  2 |  9 |  5 |  5 |  3 |  9 |  4 |  3 |  9 |  3 |  6 |  2 |  4 |
 20|  10|  9 |  11|  26|  15|  21|  13|  9 |  16|  18|  7 |  9 |  11|  13|  16|  6 |  7 |  9 |  8 |  10|  14|  4 |  2 |  3 |
 21|  12|  6 |  2 |  9 |  10|  0 |  0 |  0 |  3 |  1 |  3 |  6 |  8 |  7 |  3 |  6 |  10|  5 |  5 |  5 |  9 |  7 |  0 |  4 |
 22|  4 |  7 |  12|  8 |  4 |  6 |  12|  6 |  5 |  10|  10|  6 |  7 |  5 |  8 |  8 |  6 |  11|  3 |  10|  3 |  2 |  3 |  5 |
 23|  3 |  6 |  6 |  3 |  1 |  4 |  6 |  23|  8 |  8 |  11|  7 |  9 |  12|  4 |  5 |  6 |  23|  9 |  11|  9 |  6 |  3 |  4 |
 24|  3 |  5 |  4 |  1 |  8 |  11|  7 |  7 |  11|  4 |  9 |  0 |  1 |  8 |  8 |  3 |  4 |  11|  0 |  0 |  0 |  0 |  0 |  0 |
 25|  0 |  0 |  0 |  0 |  0 |  0 |  0 |  0 |  0 |  0 |  0 |  0 |  0 |  0 |  0 |  0 |  0 |  0 |  0 |  0 |  0 |  0 |  0 |  3 |
 26|  8 |  4 |  8 |  8 |  9 |  8 |  15|  6 |  22|  8 |  9 |  7 |  14|  2 |  10|  10|  7 |  8 |  15|  2 |  5 |  7 |  2 |  6 |
 27|  4 |  4 |  10|  5 |  1 |  3 |  10|  7 |  7 |  15|  6 |  9 |  12|  5 |  14|  3 |  4 |  4 |  5 |  7 |  4 |  0 |  3 |  1 |
 28|  2 |  0 |  4 |  19|  13|  8 |  10|  11|  3 |  13|  10|  3 |  3 |  6 |  4 |  4 |  8 |  5 |  3 |  4 |  4 |  6 |  3 |  10|
 29|  25|  64|  24| 385| 232|  75| 169|  47|  12|  16|  13|  12|  7 |  10|  1 |  0 |  2 |  1 |  2 |  0 |  0 |  0 |  0 |  0 |
 30|  0 |  0 |  0 |  1 |  0 |  2 |  1 |  1 |  4 |  0 |  2 |  1 |  4 |  0 |  2 |  0 |  1 |  1 |  0 |  4 |  0 |  0 |  1 |  0 |
 31|??? |??? |??? |??? |??? |??? |??? |??? |??? |??? |??? |??? |??? |??? |??? |??? |??? |??? |??? |??? |??? |??? |??? |??? |
[Observer]Lockyer_Observatory
[Country]United Kingdom 
[City]Sidmouth
[Longitude]003°1307
[Latitude]050°4116
[Frequencies]
[Antenna]Quad Yagi
[Azimut Antenna]135
[Elevation Antenna]0
[Pre-Amplifier]None
[Receiver]ICOM IC-706 MKIIG
[Observing Method]HROFFT30dB Length Datas
[Remarks]winxp
