mar| 00h| 01h| 02h| 03h| 04h| 05h| 06h| 07h| 08h| 09h| 10h| 11h| 12h| 13h| 14h| 15h| 16h| 17h| 18h| 19h| 20h| 21h| 22h| 23h|
 01| 151|  97| 240| 243| 283| 240| 280| 332| 111| 102| 205| 177| 265| 402| 222| 255|  25|  19|  23|  16|  13|  13|  23|  14|
 02|  27|  23|  32|  22|  34|  81| 175| 449| 651| 362| 764|1228| 436|1379|1730|  0 |  0 |1936|1155| 938|1817| 899| 205|1963|
 03| 733|1323|1239|1298|1469| 838|1231|1422|1255|1484| 192| 589| 649| 188| 203| 326| 140| 601|2019| 571| 148|  38|  34|  36|
 04|  39|  48|  40|  37|  61|  48|  33|  34|  56|  53|  71|  59|  23|  41|  23|  68|  39|  10|  16|  18|  35|  28|  34|  40|
 05|  57|  73|  39|  88|  83|  45|  82| 112|  90| 108| 105| 121|  91| 196| 375|  90| 247|  47|  47|  63|  48|  37|  50|  52|
 06|  56|  62|  60|  85|  57|  76|  82| 134|  93|  72| 111| 101|  62|  64|  26|  38|  29|  29|  39|  49|  21|  43|  48|  42|
 07|  47|  47|  67|  78|  82|  88|  98| 131| 106|  81|  98|  91|  61| 101|  42|  41|  37|  31|  32|  34|  75| 113|  37|  43|
 08|  78|  52| 126| 385| 603| 867| 684| 358| 457| 232| 511| 185| 430| 130|  44|  44|  61|  29|  14|  18|  75|  48|  36|  30|
 09|  37|  54|  44|  48|  46|  63|  46|  70|  57|  51|  62|  45|  69|  73|  24|  24|  63|  24|  34|  21|  38|  49|  40|  31|
 10|  47|  56|  46|  39|  50|  47|  28|  81|  52|  64|  61|  70|  64|  23|  30|  27|  22|  22|  22|  28|  23|  30|  43|  37|
 11|  37|  53|  87|  67|  58|  57|  86|  60|  84|  78| 116| 111|  51|  51|  38|  27|  21|  29|  37|  28|  31|  53|  42|  41|
 12|  68|  78|  72|  94|  68|  88| 107|  67|  53|  67|  84|  79| 112| 103|  48|  31|  28|  29|  41|  43|  57|  49|  36|  49|
 13|  80|  73|  63|  78|  40|  63|  52|  65|  68|  72|  77|  74|  82|  67|  40|  30|  21|  34|  31|  27|  45|  27|  36|  45|
 14|  62|  46|  66|  75|  64|  43|  46|  83|  90|  65|  61|  51|  55|  60|  52|  30|  35|  28|  16|  20|  18|  23|  32|  45|
 15|  43|  56|  58|  46|  64|  52|  62|  53|  70|  51|  67|  72|  75|  71|  41|  28|  17|  23|  20|  15|  10|  13|  13|  0 |
 16|  0 |  0 |  0 |  0 |  0 |  0 |  0 |  0 |  0 |  0 |  0 |  9 |  73|  65|  47|  35|  33|  24|  28|  32|  47|  52|  33|  37|
 17|  35|  36|  43|  52|  63|  62| 112|  65|  87|  73|  69|  52|  47|  45|  45|  42|  24|  0 |  0 |  19|  30|  35|  25|  33|
 18|  55|  54|  60|  76|  40|  40|  33|  54|  57|  66|  52|  76|  46|  45|  39|  37|  28|  7 |  21|  16|  20|  16|  32|  45|
 19|  33|  35|  39|  55|  30|  37|  29|  45|  49|  48|  52|  48|  51| 155|  34|  22|  18|  28|  29|  17|  24|  46|  78|  87|
 20| 172| 102|  68|  58|  39|  53|  52|  44|  36|  51|  62|  54|  40|  64|  45|  39|  17|  22|  20|  17|  26|  26|  36|  36|
 21|  45|  43|  52|  46|  36|  32| 272| 219| 287| 183| 101| 237| 106| 307|  72| 178|  26|  12|  22|  26|  33|  28|  44| 195|
 22| 346| 560| 143|  64| 216|  43| 207| 249| 122| 298| 164| 180| 106| 163| 157| 126|  79| 226|  30|  33|  28|  45|  56|  30|
 23|  32| 135|  54| 193|  83| 168| 148| 143|  50| 233| 117| 174|  98|  93|  50|  51|  31|  45|  18|  30|  28|  46|  19|  37|
 24|  46|  60|  63|  64| 282|  69| 443| 117|  75|  80|  75| 398| 421| 220|  37|  45|  54|  32|  13|  14|  27|  26|  38|  52|
 25|  65|  47|  73|  56|  58|  56|  57| 119|  62|  78|  78| 112| 129|  72|  74|  37|  88|  61|  51|  47|  83|  68|  56|  62|
 26| 167|  74|  70|  71|  60|  82|  61| 109| 103|  72|  89| 102| 132|  61|  61|  66|  42|  88|  41|  33|  45|  74|  68|  88|
 27| 139|  80| 222|  74| 291| 295| 100| 204| 169| 107| 193| 126| 153| 164|  77|  83|  38|  72|  87|  33|  62|  57|  89|  87|
 28| 126|  83| 175| 133| 215| 502| 132| 343| 164| 100| 144| 118|  94| 103|  44|  95|  27|  56|  42|  35|  42|  34|  57|  84|
 29|  66|  62|  72|  67|  97|  60|  94| 133| 114|  83|  93|  94|  73|  88|  39|  57|  68|  33|  23|  20|  22|  68|  24|  51|
 30|  52|  73|  69|  79|  86| 129| 152| 150| 130| 115| 121| 176|  89|  69|  59|  57|  30|  56| 101|  63|  43|  53|  36|  37|
 31|  51|  54|  69|  77| 122| 163| 166| 226| 135| 113|  92| 104|  97| 323| 132|  39|  23|  39|  35|  19|  21|  25|  44|  34|
[Observer]Lockyer_Observatory
[Country]United Kingdom 
[City]Sidmouth
[Longitude]003°1307
[Latitude]050°4116
[Frequencies]
[Antenna]Quad Yagi
[Azimut Antenna]135
[Elevation Antenna]0
[Pre-Amplifier]None
[Receiver]ICOM IC-706 MKIIG
[Observing Method]HROFFT10dB Length Datas
[Remarks]winxp
