nov| 00h| 01h| 02h| 03h| 04h| 05h| 06h| 07h| 08h| 09h| 10h| 11h| 12h| 13h| 14h| 15h| 16h| 17h| 18h| 19h| 20h| 21h| 22h| 23h|
 01|  88|  95| 125| 147| 154| 146| 216| 280| 252| 288| 246| 212| 229| 188| 183| 193| 196| 175| 133| 163| 303| 322| 588|  86|
 02|  74|  96|  79| 119| 137| 122| 187| 162| 325| 289| 198| 179| 163| 145| 159| 143|  98| 197| 149| 164| 173| 213|  90|  77|
 03|  84| 116| 154| 153| 211| 115| 183| 188| 220| 155| 240| 278| 213| 216| 344| 222| 606| 663| 307| 157| 186| 155| 105| 108|
 04| 109|  92| 115| 194|  82| 141| 149| 180| 186| 271| 266| 144| 140|  98| 108| 103|  97|  99| 120|  98| 125| 111| 109|  62|
 05|  66| 100| 126| 105| 135| 143| 218| 156| 202| 208| 297| 237| 124| 146| 173| 111| 153|  93| 128| 137| 179| 101|  90| 103|
 06|  58|  87|  88| 128| 124| 182| 283| 300| 244| 318| 208| 181| 163| 150| 165| 125| 163| 233| 185| 157| 182| 140|  99|  69|
 07|  91|  94| 111| 136| 120| 117| 150| 182| 181| 176| 185| 165| 194| 185| 121| 136| 131| 158| 180| 130| 193| 129|  91|  64|
 08|  72|  76| 103| 117| 149| 148| 113| 150| 197| 163| 142| 141| 188| 184| 131| 143| 117| 115| 112|  92| 156| 206|  94|  55|
 09|  71|  83|  78|  86| 153| 392| 206| 298| 223| 206| 175| 231| 190| 165| 186| 468| 417| 270| 155| 160| 177| 156|  78|  70|
 10|  77| 111|  65|  0 |  0 | 154| 276| 247| 276| 291| 317| 312| 324|  86| 274| 234| 348| 325| 262| 216| 206| 272| 120| 179|
 11| 178| 256| 231| 386| 272| 204| 248| 254| 295| 294| 261| 276| 277| 293| 213| 277| 285| 352| 280| 189| 279| 246| 143|  85|
 12| 100| 111| 187| 144| 150| 220| 268| 361| 575| 331| 403| 306| 319| 222| 207| 227| 229| 312| 230| 174| 444| 237| 180| 243|
 13| 290| 412| 416| 413| 353| 545| 367| 612| 707| 772| 621| 372| 347| 407| 257| 221| 266| 216| 206| 228| 445| 287| 168| 141|
 14| 126| 136| 142| 174| 236| 206| 325| 300| 319| 352| 267| 318| 282| 300| 195| 261| 267| 173| 185| 141| 175| 527| 251| 164|
 15| 221| 100|  98| 159| 228| 162| 320| 369| 259| 321| 271| 257| 610| 263| 301| 326| 238|  55|  60|  97|  14|  1 |  8 |  1 |
 16|  2 |  0 |  3 |  0 |  1 |  2 |  1 |  7 |  44|  17|  11|  8 |  5 |  9 |  12|  11|  6 |  6 |  12|  24|  24|  8 |  3 |  1 |
 17|  1 |  0 |  2 |  0 |  1 |  3 |  3 |  1 |  1 |  1 |  8 |  19|  1 |  4 |  7 |  1 |  3 |  3 |  3 |  3 |  2 |  1 |  1 |  6 |
 18|  5 |  2 |  2 |  4 |  1 |  0 |  1 |  1 |  2 |  2 | 106| 100| 131|  95| 123| 151|  89| 102|  81| 134| 134| 117| 148|  90|
 19| 104|  79| 132| 146| 248| 319| 204| 229| 317| 204| 246| 172| 167| 130| 109| 117| 212| 124| 155| 154| 115| 230| 417| 145|
 20| 168| 133| 173| 288| 226| 267| 318| 352| 527| 425| 332| 372| 203| 234| 204| 164| 245| 221| 162| 166| 223| 279| 143| 100|
 21| 147| 118| 125| 189| 235|  1 |  0 |  0 | 255| 181|  38| 184| 286| 232| 216| 153| 176| 184| 208| 195| 257| 237| 154| 126|
 22| 156| 127| 142| 167| 193| 241| 432| 510| 486| 437| 401| 373| 394| 258| 282| 214| 232| 210| 116| 189| 401| 129| 119|  67|
 23|  63|  97| 107| 151| 119| 186| 412| 232| 238| 369| 247| 243| 327| 219| 134| 143| 161| 191| 209| 161| 226| 142|  59| 353|
 24|1427| 971| 388| 109| 144| 222| 293| 234| 186| 195| 181| 222| 204| 179| 140| 351| 255| 208|  37|  0 |  0 |  0 |  0 |  0 |
 25|  0 |  0 |  0 |  0 |  0 |  0 |  0 |  0 |  0 |  0 |  0 |  0 |  0 |  0 |  0 |  0 |  0 |  0 |  0 |  0 |  0 |  0 |  0 |  96|
 26| 107| 116| 134| 125| 329| 228| 392| 275| 396| 464| 229| 276| 287| 180| 134| 275| 332| 257| 184| 159| 119| 104| 151| 111|
 27| 109|  85| 107| 128| 130| 221| 191| 205| 209| 229| 158| 168| 177| 140| 141| 102| 106| 117|  94| 117| 146| 128|  89|  93|
 28|  64|  86| 103| 198| 134| 249| 147| 197| 105| 167| 140| 130| 136| 203| 108|  78| 123| 111|  98| 115| 190| 173| 371| 811|
 29|2408|2850|2489|2880|3047|2841|2831|2454| 957| 564| 372| 184|  81|  67|  18|  15|  13|  13|  20|  22|  26|  15|  20|  17|
 30|  10|  13|  23|  23|  16|  22|  21|  22|  25|  24|  24|  23|  38|  8 |  22|  24|  17|  18|  12|  30|  19|  23|  19|  20|
 31|??? |??? |??? |??? |??? |??? |??? |??? |??? |??? |??? |??? |??? |??? |??? |??? |??? |??? |??? |??? |??? |??? |??? |??? |
[Observer]Lockyer_Observatory
[Country]United Kingdom 
[City]Sidmouth
[Longitude]003°1307
[Latitude]050°4116
[Frequencies]
[Antenna]Quad Yagi
[Azimut Antenna]135
[Elevation Antenna]0
[Pre-Amplifier]None
[Receiver]ICOM IC-706 MKIIG
[Observing Method]HROFFT10dB Length Datas
[Remarks]winxp
