may| 00h| 01h| 02h| 03h| 04h| 05h| 06h| 07h| 08h| 09h| 10h| 11h| 12h| 13h| 14h| 15h| 16h| 17h| 18h| 19h| 20h| 21h| 22h| 23h|
 01|  1 |  1 |  0 |  0 |  0 |  0 |  2 |  0 |  0 |  1 |  0 |  1 |  0 |  0 |  0 |  1 |  2 |  0 |  0 |  2 |  1 |  0 |  0 |  1 |
 02|  3 |  0 |  1 |  0 |  2 |  2 |  0 |  8 |  1 |  2 |  28|  2 |  0 |  4 |  0 |  2 |  1 |  3 |  0 |  0 |  0 |  0 |  3 |  0 |
 03|  2 |  0 |  3 |  0 |  2 |  3 |  11|  1 |  1 |  2 |  2 |  3 |  12|  3 |  6 |  4 |  2 |  5 |  3 |  0 |  0 |  3 |  2 |  11|
 04|  9 |  1 |  7 |  6 |  14|  3 |  55|  9 |  11|  26|  5 |  4 |  2 |  2 |  5 |  4 |  2 |  0 |  0 |  0 |  0 |  0 |  0 |  0 |
 05|  6 |  2 |  4 |  11|  0 |  23|  24|  29|  55|  64|  70|  17|  23|  9 |  2 |  2 |  3 |  3 |  1 |  1 |  2 |  0 |  2 |  4 |
 06|  3 |  1 |  4 |  83|  99|  72|  59|  90| 104|  56|  59|  21|  54|  0 |  1 |  3 |  2 |  2 |  0 |  3 |  0 |  0 |  3 |  1 |
 07|  2 |  3 |  26|  13|  32|  14|  29|  43|  5 |  1 |  7 |  7 |  2 |  2 |  4 |  2 |  4 |  3 |  2 |  0 |  7 |  2 |  1 |  5 |
 08|  0 |  13|  3 |  9 |  6 |  2 |  2 |  43|  10|  33|  20|  61|  5 |  5 |  6 |  1 |  1 |  0 |  1 |  3 |  1 |  0 |  0 |  3 |
 09|  3 |  2 |  3 |  2 |  5 |  3 |  8 |  11|  25|  8 |  7 |  7 |  4 |  2 |  0 |  1 |  1 |  1 |  0 |  0 |  0 |  2 |  3 |  5 |
 10|  0 |  6 |  3 |  5 |  2 |  3 |  9 |  3 |  1 |  3 |  3 |  0 |  4 |  3 |  0 |  0 |  0 |  0 |  0 |  0 |  0 |  0 |  0 |  0 |
 11|  0 |  0 |  0 |  0 |  0 |  0 |  0 |  0 |  0 |  0 |  0 |  0 |  0 |  0 |  0 |  0 |  0 |  0 |  4 |  0 |  2 |  0 |  1 |  3 |
 12|  1 |  1 |  0 |  3 |  1 |  1 |  1 |  5 |  2 |  4 |  6 |  11|  5 |  0 |  0 |  4 |  1 |  0 |  2 |  0 |  1 |  3 |  2 |  0 |
 13|  1 |  0 |  7 |  1 |  1 |  2 |  12|  7 |  4 |  4 |  0 |  3 |  1 |  2 |  2 |  0 |  1 |  0 |  3 |  5 |  2 |  1 |  1 |  6 |
 14|  2 |  3 |  1 |  8 |  2 |  0 |  1 |  2 |  2 |  4 |  6 |  3 |  7 |  2 |  1 |  6 |  1 |  1 |  0 |  1 |  2 |  1 |  4 |  5 |
 15|  4 |  1 |  3 |  2 |  1 |  3 |  6 |  4 |  4 |  1 |  6 |  1 |  6 |  4 |  5 |  5 |  1 |  1 |  0 |  1 |  1 |  2 |  4 |  2 |
 16|  0 |  2 |  4 |  2 |  3 |  4 |  1 |  0 |  2 |  4 |  5 |  1 |  1 |  3 |  2 |  1 |  3 |  0 |  0 |  0 |  0 |  1 |  1 |  2 |
 17|  2 |  2 |  3 |  0 |  0 |  3 |  2 |  4 |  2 |  3 |  1 |  0 |  2 |  5 |  7 |  0 |  2 |  0 |  0 |  7 |  62|  1 |  3 |  1 |
 18|  2 |  1 |  5 |  1 |  8 |  7 |  1 |  3 |  1 |  5 |  9 |  6 |  7 |  3 |  2 |  1 |  4 |  5 |  0 |  1 |  2 |  1 |  0 |  1 |
 19|  4 |  5 |  1 |  4 |  3 |  3 |  3 |  2 |  9 |  3 |  1 |  5 |  1 |  3 |  2 |  0 |  5 |  1 |  0 |  2 |  0 |  0 |  1 |  2 |
 20|  1 |  6 |  4 |  2 |  1 |  6 |  1 |  1 |  1 |  3 |  0 |  0 |  2 |  0 |  0 |  0 |  0 |  0 |  0 |  0 |  1 |  0 |  0 |  0 |
 21|  2 |  4 |  2 |  0 |  1 |  1 |  3 |  0 |  0 |  2 |  0 |  0 |  6 |  1 |  3 |  0 |  1 |  0 |  0 |  0 |  0 |  0 |  0 |  7 |
 22|  1 |  2 |  0 |  0 |  1 |  2 |  0 |  2 |  0 |  0 |  0 |  0 |  4 |  0 |  0 |  0 |  0 |  2 |  6 |  3 |  0 |  0 |  1 |  2 |
 23|  0 |  0 |  1 |  0 |  3 |  2 |  2 |  5 |  0 |  1 |  1 |  1 |  1 |  0 |  2 |  0 |  0 |  0 |  0 |  0 |  2 |  1 |  2 |  0 |
 24|  1 |  0 |  1 |  0 |  1 |  6 |  3 |  2 |  1 |  3 |  1 |  1 |  1 |  3 |  1 |  1 |  1 |  2 |  1 |  2 |  0 |  2 |  3 |  1 |
 25|  4 |  4 |  2 |  4 |  0 |  9 |  1 |  0 |  0 |  3 |  3 |  4 |  6 |  2 |  3 |  5 |  1 |  1 |  0 |  0 |  0 |  0 |  0 |  0 |
 26|  0 |  0 |  1 |  3 |  3 |  3 |  3 |  2 |  2 |  1 |  2 |  1 |  0 |  2 |  3 |  0 |  1 |  1 |  0 |  0 |  0 |  0 |  0 |  0 |
 27|  0 |  0 |  3 |  3 |  4 |  1 |  4 |  3 |  0 |  0 |  1 |  0 |  2 |  2 |  1 |  0 |  2 |  1 |  2 |  1 |  0 |  1 |  3 |  2 |
 28|  2 |  3 |  2 |  3 |  7 |  4 |  5 |  2 |  1 |  0 |  5 |  1 |  0 |  0 |  3 |  2 |  0 |  7 |  0 |  1 |  4 |  4 |  0 |  2 |
 29|  4 |  8 |  4 |  2 |  3 |  3 |  6 |  1 |  0 |  0 |  0 |  5 |  0 |  0 |  2 |  1 |  5 |  2 |  1 |  0 |  0 |  2 |  2 |  0 |
 30|  0 |  2 |  0 |  3 |  3 |  7 |  1 |  3 |  1 |  1 |  1 |  3 |  4 |  1 |  3 |  1 |  2 |  2 |  2 |  1 |  1 |  0 |  2 |  0 |
 31|  1 |  1 |  2 |  7 |  5 |  5 |  5 |  4 |  5 |  6 |  4 |  1 |  5 |  2 |  0 |  2 |  4 |  1 |  3 |  1 |  1 |  0 |  0 |  0 |
[Observer]Lockyer_Observatory
[Country]United Kingdom 
[City]Sidmouth
[Longitude]003°1307
[Latitude]050°4116
[Frequencies]
[Antenna]Quad Yagi
[Azimut Antenna]135
[Elevation Antenna]0
[Pre-Amplifier]None
[Receiver]ICOM IC-706 MKIIG
[Observing Method]HROFFT30dB Length Datas
[Remarks]winxp
