39
56
55
43
24
47
57
36
26
59
44
27
36
29
31
33
26
35
36
44
64
78
65
61
62
71
83
60
72
70
86
85
76
72
39
10
27
40
43
46
36
55
87
88
48
49
36
55
65
46
44
53
50
45
61
43
60
79
101
105
115
91
65
63
49
47
30
67
62
36
68
47
66
72
52
63
64
76
93
101
82
46
54
54
24
29
23
28
24
30
18
35
29
46
37
50
72
63
54
55
60
62
67
97
64
34
43
26
18
23
20
24
20
22
29
33
40
39
31
52
61
64
67
51
65
64
72
61
59
60
38
19
18
17
27
17
10
24
26
31
27
48
43
25
51
46
57
39
40
52
57
44
41
28
23
10
11
9
15
16
14
16
16
9
13
32
30
32
24
34
38
49
55
43
60
57
32
35
37
21
17
22
23
19
16
27
44
34
59
55
55
41
48
48
29
32
39
14
17
9
13
16
12
12
10
16
17
43
38
36
49
48
60
69
58
71
65
46
40
30
40
21
17
14
15
9
6
14
7
12
22
23
18
29
44
43
34
39
31
56
59
59
51
46
29
10
5
9
8
15
8
10
5
10
7
13
15
25
42
29
39
40
51
37
36
19
42
14
19
12
9
6
3
8
4
3
10
12
10
6
15
14
22
31
25
30
33
28
31
41
38
31
23
17
13
9
4
7
6
4
3
1
2
4
10
13
13
11
15
8
14
27
32
19
19
9
8
8
7
10
6
5
7
8
12
18
12
10
20
22
28
36
34
28
33
37
39
31
18
16
11
4
6
9
5
10
16
10
6
11
27
24
32
23
32
42
38
46
42
39
23
25
20
12
7
11
14
9
9
18
10
17
12
8
23
31
25
32
24
49
40
24
53
44
37
20
18
13
11
8
14
8
3
15
12
19
27
46
52
42
80
72
97
81
84
73
74
84
80
47
36
37
19
18
21
28
26
30
44
57
16
19
9
16
25
36
31
89
68
90
58
115
95
58
48
33
19
20
32
22
25
23
31
68
52
50
78
110
92
120
118
121
111
107
71
96
77
55
31
37
28
13
25
22
16
27
25
14
35
18
37
54
33
40
34
32
34
42
29
15
9
15
12
10
12
3
4
15
6
6
11
5
11
9
24
29
31
29
43
30
33
38
27
16
13
12
8
6
19
17
3
6
6
32
8
20
15
20
36
43
22
39
67
50
28
27
15
33
16
8
10
5
13
10
10
14
14
15
11
14
11
18
38
30
34
13
24
20
26
36
24
33
16
14
11
7
6
3
17
3
7
10
11
9
9
19
17
13
21
29
25
22
23
26
27
35
25
8
10
9
9
8
11
13
11
16
12
18
21
22
32
54
36
39
31
48
35
47
16
31
14
16
12
12
5
13
11
8
15
22
14
7
12
13
35
51
26
42
45
49
48
46
32
36
27
30
19
16
12
5
13
12
13
11
19
20
22
27
40
41
47
40
45
35
34
44
45
46
18
16
18
10
13
10
11
8
17
8
10
15
20
21
32
47
33
36
32
36
31
21
28
24
14
17
19
9
10
14
11
6
15
10
2
7
12
8
24
36
53
47
39
51
47
51
47
27
18
18
12
14
14
11
9
13
18
13
14
23
29
35
39
48
32
45
70
71
70
43
47
31
30
29
20
16
13
19
18
23
32
17
36
50
39
38
44
64
79
92
78
79
66
66
52
54
40
27
25
18
17
14
15
14
19
21
39
29
42
53
89
95
91
76
81
59
61
40
41
40
29
22
22
13
19
9
15
30
29
23
35
27
30
32
97
74
68
50
55
32
57
43
29
28
24
20
29
30
14
7
16
26
36
30
50
61
62
93
84
91
81
70
68
67
58
66
47
50
36
27
14
14
9
7
14
2
14
11
13
21
19
34
51
34
35
42
33
32
32
26
31
31
19
21
10
9
6
9
13
4
18
11
13
27
22
24
44
49
40
43
36
34
35
29
33
27
24
22
13
12
9
5
7
10
10
15
15
10
19
26
27
33
27
39
22
36
24
28
21
25
9
6
4
5
8
7
6
5
2
2
9
18
23
12
21
21
24
34
22
24
36
17
25
8
21
9
6
7
4
3
11
11
9
18
14
23
19
22
37
31
31
19
35
26
29
33
29
19
12
14
13
10
7
1
5
12
7
7
7
5
10
12
16
23
22
19
30
17
29
25
24
27
20
14
13
11
8
2
8
5
8
11
6
21
13
14
37
30
35
30
20
27
33
28
30
28
18
7
9
4
7
3
2
4
7
7
8
8
16
29
23
19
34
23
37
21
21
32
42
30
31
26
12
11
9
3
7
9
5
15
10
17
13
19
29
27
30
34
46
42
21
23
15
25
17
11
16
6
12
4
8
13
6
6
10
14
22
16
18
20
29
35
21
24
15
31
23
34
29
12
7
3
4
12
5
4
15
9
15
16
17
14
22
41
53
53
36
48
45
30
25
20
18
14
8
5
9
9
12
10
15
10
13
20
30
22
25
35
21
19
26
33
24
14
52
37
21
14
7
9
8
8
7
5
13
15
10
17
17
21
38
43
50
54
63
39
38
43
54
54
31
16
11
18
8
6
11
13
10
22
20
33
46
52
87
87
79
85
60
39
56
55
51
45
46
38
30
17
11
13
24
29
23
28
21
24
35
47
79
54
70
60
68
82
75
65
79
68
54
35
29
13
17
23
22
22
26
24
10
5
11
17
46
76
42
27
58
59
76
65
39
40
18
4
14
9
14
5
15
19
32
40
49
45
59
39
52
75
89
103
82
96
81
72
54
56
46
32
22
18
14
15
31
20
28
29
25
40
48
59
73
68
62
69
67
85
93
66
71
70
48
43
25
4
6
15
23
33
16
11
18
14
24
29
23
52
38
41
24
47
21
42
44
17
14
11
10
7
10
14
2
2
13
6
4
9
11
28
71
71
33
25
50
53
31
27
30
24
10
14
10
8
7
6
13
6
18
1
3
13
21
22
15
3
38
36
41
23
44
23
11
12
1
6
2
1
10
11
2
4
6
15
17
26
40
48
37
59
49
49
27
20
27
19
14
7
15
9
3
3
6
10
12
10
13
21
20
29
30
45
19
32
37
28
42
25
16
7
9
10
9
7
10
12
12
9
7
3
14
22
16
13
24
46
27
47
41
32
21
18
7
8
9
8
7
7
5
7
10
7
8
4
10
14
23
43
27
25
28
49
17
18
29
19
25
14
8
4
15
5
8
18
9
26
20
19
28
36
45
54
71
72
54
49
43
47
41
40
38
31
21
9
10
12
7
12
15
8
20
30
26
14
9
28
89
61
43
50
31
42
48
48
48
39
26
22
8
12
10
14
23
17
14
14
29
47
61
80
93
75
52
58
65
53
47
50
47
44
27
17
32
28
25
17
19
10
18
29
21
46
47
53
64
82
87
40
90
71
61
30
40
43
33
24
14
11
22
14
11
18
21
26
61
27
22
39
52
49
40
64
120
86
74
44
45
34
37
23
11
18
15
26
12
21
25
29
23
13
21
16
46
25
44
58
33
35
45
39
27
47
16
16
7
8
7
14
17
21
12
5
16
24
30
26
32
30
34
55
44
52
36
32
56
36
30
25
10
8
7
6
10
6
14
8
13
22
16
5
31
24
21
39
35
34
44
36
60
40
31
24
11
12
23
11
10
17
11
11
18
26
21
36
45
45
43
48
46
45
56
46
43
45
35
12
18
11
12
15
14
22
14
19
20
13
22
37
47
51
41
39
35
46
66
58
59
56
17
23
18
5
4
10
16
15
23
38
34
37
43
59
62
86
76
54
45
59
79
89
79
62
48
22
14
14
22
14
12
28
14
23
25
31
33
47
57
57
64
47
52
50
60
66
51
55
31
17
15
4
11
4
4
13
10
9
11
31
12
12
18
18
18
20
38
40
37
53
43
18
23
13
3
2
15
9
8
6
5
3
6
15
12
5
19
14
30
42
33
26
65
43
37
30
9
11
11
4
11
4
3
10
3
3
9
33
15
30
34
69
50
81
64
56
75
104
125
47
14
5
3
5
12
18
11
8
9
7
14
30
48
48
48
63
59
49
64
61
64
64
77
43
25
26
9
7
12
10
18
10
8
16
13
14
13
26
40
34
44
48
48
57
87
63
90
48
40
26
10
7
14
13
11
14
13
15
19
28
28
57
45
63
41
23
48
43
69
65
76
43
15
3
7
4
9
9
13
12
8
9
13
17
42
38
40
20
36
44
64
26
17
27
30
16
7
12
6
13
7
9
5
8
17
25
18
9
20
27
23
22
12
13
10
27
28
16
20
10
16
9
3
9
7
7
8
7
11
8
17
21
22
10
14
30
29
23
35
50
28
33
43
15
12
7
10
7
7
13
17
6
19
10
11
25
26
33
28
37
24
30
25
72
54
69
36
20
12
13
14
10
5
12
14
6
21
12
12
14
25
35
27
48
24
42
50
66
70
65
29
24
19
13
12
9
6
11
8
11
12
25
11
24
23
23
32
24
32
42
41
46
28
30
21
10
13
4
7
2
11
4
2
6
6
10
10
19
22
23
30
42
34
23
30
54
36
44
28
40
11
15
12
7
5
4
6
7
7
12
14
11
18
20
20
20
26
39
33
27
36
41
25
16
14
11
8
7
8
6
15
14
17
21
27
36
22
21
16
24
39
31
27
37
26
16
15
8
10
8
5
6
6
8
10
1
13
12
17
16
11
8
20
15
24
15
18
41
34
30
15
9
5
8
9
3
3
7
10
8
6
7
14
29
22
23
16
16
30
12
29
22
32
20
17
11
20
4
7
3
6
10
19
5
7
4
26
16
29
23
23
20
23
36
32
31
54
36
21
16
8
7
4
3
3
6
4
11
14
20
14
14
30
25
13
19
28
30
25
26
26
16
15
13
6
5
4
6
3
3
5
12
27
8
28
27
22
34
36
36
38
47
31
50
50
24
24
12
16
6
7
9
17
11
11
10
25
25
36
33
41
30
45
49
35
50
34
44
51
23
12
11
8
10
10
3
4
16
6
8
4
3
21
16
13
15
21
22
26
28
25
31
35
34
11
13
5
4
7
4
6
3
3
7
4
12
14
16
27
25
28
15
35
24
26
32
50
32
21
14
10
8
9
4
8
8
10
11
11
13
37
23
36
47
39
23
46
65
49
59
64
51
22
17
9
10
3
10
14
12
7
11
9
7
21
25
17
9
16
27
41
34
32
52
48
33
18
9
13
3
4
7
12
9
8
17
19
10
19
13
22
27
29
38
35
44
35
45
55
44
34
19
12
9
5
12
5
8
7
7
8
28
39
28
41
41
19
39
23
33
37
63
41
45
40
19
15
13
8
6
14
20
9
22
29
23
42
63
37
41
27
40
26
33
41
53
54
51
47
20
9
2
8
9
10
8
15
21
39
32
43
52
66
53
33
29
50
52
49
42
41
31
13
18
8
8
10
18
18
19
26
30
21
32
48
60
38
44
41
24
38
49
36
58
75
29
29
10
12
13
12
17
19
8
6
13
25
27
43
68
97
41
58
48
59
54
70
87
75
44
34
17
8
5
8
6
9
11
15
6
9
10
27
45
65
38
35
43
41
55
42
62
52
47
26
16
8
4
11
8
6
9
16
13
15
25
37
36
56
30
31
67
78
58
56
69
53
56
27
27
13
5
10
12
13
13
19
12
28
30
23
39
32
27
21
48
34
66
60
69
69
37
30
19
13
6
7
13
9
10
17
17
15
27
30
43
32
28
38
30
53
35
32
40
31
20
18
15
7
6
9
12
6
8
8
8
11
9
6
26
9
29
24
16
30
38
35
21
37
17
18
12
5
3
2
5
3
10
1
13
17
14
10
13
15
15
33
26
21
38
48
36
55
40
12
14
12
6
6
6
14
4
9
4
1
3
3
9
8
6
17
21
20
36
64
62
45
17
19
6
6
3
3
5
8
7
14
9
19
28
23
27
31
32
52
49
59
64
59
46
39
22
17
14
6
9
7
15
6
6
16
26
25
33
37
40
52
44
49
62
50
26
40
37
19
11
14
4
6
4
6
15
13
15
30
24
19
38
42
42
27
36
54
29
36
60
79
43
45
19
9
11
7
6
5
7
10
7
13
12
11
22
32
43
18
35
45
40
42
50
76
52
34
28
15
8
13
10
7
10
13
3
3
6
7
11
14
14
22
25
22
38
29
42
36
54
21
26
11
8
3
5
4
3
4
3
6
5
1
9
11
18
24
18
20
44
34
45
44
29
22
18
8
2
2
2
6
1
2
9
5
5
6
16
12
14
16
18
36
28
37
50
46
43
32
27
15
3
1
1
4
7
11
7
5
6
4
17
28
18
22
32
38
37
35
43
57
35
42
21
9
7
3
4
1
7
10
3
6
8
13
10
20
34
29
40
35
48
46
46
49
52
40
32
12
4
6
1
3
8
11
1
11
10
11
16
17
22
29
39
39
39
43
35
50
45
35
25
14
11
2
2
6
1
3
4
5
4
1
11
11
13
10
15
25
22
24
35
33
20
13
2
6
1
3
2
3
1
4
4
9
11
15
14
32
28
39
30
46
45
27
6
6
9
6
6
6
7
4
6
8
10
3
5
6
21
16
23
22
31
31
28
24
41
21
14
15
8
6
5
8
7
2
2
4
6
13
9
17
14
32
32
28
50
54
42
43
30
29
14
9
5
5
6
7
2
13
1
4
7
27
28
41
37
40
41
54
40
39
44
43
26
16
11
9
5
5
3
6
4
1
2
3
6
19
19
16
26
20
31
42
39
50
37
22
11
4
4
2
1
1
2
2
2
3
4
5
5
15
23
18
8
16
25
14
9
2
7
2
1
1
2
1
2
6
8
5
5
7
18
18
5
17
22
24
11
6
3
1
1
1
1
1
3
3
3
4
4
13
12
8
6
5
8
5
4
8
3
1
3
1
1
3
2
2
3
11
8
6
8
3
3
5
11
10
2
1
1
1
1
2
2
3
4
4
8
2
6
6
11
10
9
10
9
2
10
5
4
4
2
2
3
3
1
2
1
5
8
3
3
9
4
15
26
17
18
3
5
2
4
1
6
5
1
7
18
22
22
20
8
3
9
33
28
31
45
60
31
17
8
11
8
10
4
4
4
6
7
13
14
10
20
18
26
41
40
59
46
72
75
58
63
20
11
8
7
4
7
5
11
10
8
20
22
28
24
26
38
36
54
5
8
22
50
41
20
8
10
3
2
8
4
3
4
9
9
7
9
22
17
23
41
30
43
22
22
2
26
29
24
19
9
8
3
6
3
4
2
17
15
11
11
21
30
39
42
31
41
27
40
58
44
48
21
9
9
12
4
2
3
2
4
3
3
3
10
8
5
16
10
5
9
29
12
8
22
42
24
13
1
2
3
1
6
5
2
3
6
6
25
17
18
17
8
20
18
38
43
36
12
2
4
3
3
3
1
3
2
6
17
18
17
17
22
32
38
8
10
20
38
39
15
15
10
8
6
3
3
3
3
9
6
7
18
30
41
27
34
49
45
33
33
74
67
61
40
26
9
15
7
2
8
6
10
10
14
21
17
22
33
20
38
24
55
45
39
26
40
40
43
18
20
17
9
4
6
3
8
6
6
6
14
16
12
27
23
42
35
29
24
17
46
18
29
11
5
7
4
6
2
2
1
4
10
10
5
17
10
4
14
3
15
6
2
17
15
19
9
6
10
6
7
4
7
6
5
14
20
34
37
34
13
1
2
12
39
14
13
7
7
6
2
2
4
19
24
25
13
13
3
3
2
10
13
2
5
3
2
6
1
3
9
20
15
15
34
20
38
24
51
37
28
47
35
47
32
9
23
8
10
4
6
8
2
5
5
14
19
20
26
30
34
46
47
19
28
23
38
45
34
19
9
4
12
10
4
9
6
7
12
20
22
23
19
18
32
23
33
12
8
18
2
2
9
1
2
1
1
9
8
12
24
12
3
9
10
5
2
2
3
6
12
7
5
9
4
9
14
12
22
27
18
16
2
16
15
7
15
7
7
3
2
3
3
1
1
14
12
12
1
5
9
30
61
46
49
48
19
20
7
2
2
8
2
3
2
13
27
25
23
4
1
48
35
62
48
22
9
3
5
2
6
2
6
6
3
19
35
46
51
31
54
46
34
6
3
11
82
119
49
29
19
11
6
2
11
14
6
5
7
14
28
35
24
17
17
1
21
57
65
55
15
12
8
5
5
9
6
5
2
5
4
16
24
17
16
26
25
7
29
34
64
70
77
37
29
20
10
8
13
16
16
8
14
12
14
7
23
27
37
36
44
42
81
68
105
66
65
44
22
14
6
13
5
6
9
7
7
12
13
16
21
25
19
7
3
1
24
15
2
1
7
35
4
3
6
6
6
2
1
5
15
16
12
6
5
8
10
24
14
14
25
9
1
8
23
6
2
4
7
48
47
42
32
34
27
13
10
16
85
75
90
46
19
15
17
8
7
6
6
9
7
18
21
34
60
47
43
20
7
17
7
1
17
22
71
51
27
15
6
6
6
1
3
6
12
15
47
57
19
7
6
6
3
16
6
15
3
4
2
4
3
14
8
11
12
13
1
53
95
36
28
25
2
2
1
6
10
9
8
12
19
11
19
13
17
1
1
14
36
6
35
50
19
14
7
2
8
7
5
14
5
14
6
13
15
25
20
9
10
18
14
10
9
24
20
32
12
7
5
8
8
7
10
27
34
41
9
7
12
11
21
5
7
6
1
1
16
45
56
26
2
3
1
2
3
4
5
10
6
11
10
13
16
12
8
23
34
48
21
17
25
10
4
2
21
54
68
35
24
12
4
2
9
6
5
8
7
12
18
18
27
19
52
65
69
126
91
41
25
5
1
3
8
10
4
12
8
8
12
15
18
25
38
44
28
24
40
23
75
84
104
102
113
99
42
44
16
8
9
6
11
11
11
13
8
13
24
10
32
27
66
23
23
34
54
95
36
60
29
18
6
6
1
9
4
10
12
8
12
14
39
12
32
37
30
24
41
1
10
10
45
26
44
31
18
23
9
9
6
7
9
9
21
32
32
30
10
16
9
40
74
108
59
51
29
14
7
10
21
23
22
16
23
32
65
46
51
46
34
11
4
47
87
67
51
9
4
12
5
12
8
15
4
16
9
16
13
20
30
40
16
8
1
45
28
19
35
35
51
38
35
23
18
13
8
10
26
10
29
13
21
36
32
28
7
7
17
105
86
67
124
100
98
85
64
39
16
7
19
17
17
15
9
8
7
12
8
17
14
23
68
79
30
5
4
49
77
59
33
17
17
10
8
17
17
16
16
26
22
47
63
85
70
96
82
82
77
72
40
85
68
53
37
33
12
13
13
23
14
10
9
32
15
21
18
17
13
60
75
85
101
46
15
46
26
35
29
25
12
10
9
27
15
12
24
21
30
38
73
59
70
29
73
37
9
69
70
89
61
31
10
7
9
13
23
16
14
4
6
4
23
30
41
31
16
44
53
104
80
63
90
119
112
61
39
22
15
13
11
10
16
11
6
7
22
27
37
43
8
3
13
48
80
97
100
104
81
74
34
5
8
13
21
19
18
16
22
13
22
21
24
25
22
5
3
4
24
35
30
57
49
16
39
29
18
21
26
31
18
14
17
20
23
38
37
2
1
1
9
20
35
45
48
41
32
24
11
12
15
29
17
26
26
15
18
25
29
32
61
27
2
31
56
57
48
21
25
19
13
1
14
4
13
17
28
18
21
51
46
60
29
55
53
5
7
21
6
31
21
23
11
9
10
19
13
5
4
13
14
12
18
25
26
43
55
76
86
50
6
23
50
60
42
29
15
6
11
18
21
26
10
4
3
26
33
31
48
64
29
46
28
37
54
56
55
36
25
24
13
13
10
16
16
13
16
15
31
25
43
44
50
75
96
78
74
54
74
69
61
59
27
32
18
29
15
16
24
18
21
22
15
36
51
66
61
74
93
73
70
50
3
12
37
47
19
17
6
5
10
13
11
13
8
19
5
21
23
31
50
51
68
50
5
67
88
44
50
19
16
24
17
16
31
7
17
27
17
12
15
38
35
68
70
111
107
108
76
87
95
87
58
43
14
12
15
11
16
9
11
14
17
5
10
34
30
60
84
78
16
13
51
69
50
89
72
51
42
21
19
26
38
24
32
26
28
22
41
52
57
27
51
16
77
116
103
105
101
105
90
55
32
13
2
4
16
20
23
16
10
8
25
30
42
56
63
85
96
67
94
85
37
25
12
12
13
10
11
7
6
9
10
8
5
21
29
19
17
11
9
8
61
58
82
43
81
105
71
51
14
15
7
18
29
28
19
14
10
15
32
26
28
17
14
5
21
65
70
90
76
47
51
17
16
15
17
16
17
15
11
16
25
29
28
2
10
3
2
1
21
55
33
16
10
23
38
31
23
9
14
40
42
61
67
59
72
43
40
55
30
18
28
50
39
3
5
15
14
15
31
23
19
19
34
37
48
51
52
68
47
43
104
96
114
120
84
72
75
53
29
40
34
43
27
33
29
2
3
1
30
34
19
2
14
49
53
39
12
42
35
43
22
11
9
9
11
12
10
11
11
16
17
39
28
35
63
51
50
64
66
75
63
62
64
48
31
20
15
13
18
18
17
15
18
17
27
49
43
36
59
78
91
73
32
67
60
61
41
46
34
28
21
19
22
29
16
17
27
23
50
49
42
41
78
88
112
76
86
92
61
56
43
40
43
29
16
10
28
25
21
18
26
33
45
42
32
58
64
70
83
57
74
29
18
23
16
9
15
8
10
7
13
8
7
6
6
5
13
37
19
14
41
59
76
60
33
15
53
60
26
23
14
14
20
10
13
23
23
18
17
11
20
36
44
17
19
35
55
68
67
53
60
52
45
41
21
22
23
11
29
21
27
24
15
25
88
62
53
50
97
141
129
105
91
72
55
51
49
35
20
14
15
23
22
39
46
29
36
48
110
100
64
15
86
97
64
52
17
53
13
15
43
22
8
4
12
10
30
30
31
17
33
63
86
74
64
65
83
74
47
6
44
51
18
17
20
16
16
5
12
4
10
12
8
14
19
30
37
26
37
22
25
36
50
34
21
36
39
32
9
17
11
13
5
8
5
15
11
14
16
48
75
49
49
42
72
93
108
70
58
43
36
30
17
16
13
12
8
14
9
13
13
23
50
35
26
32
31
52
89
55
27
32
20
9
1
2
17
7
5
16
18
15
20
26
9
12
23
29
29
33
26
14
21
14
24
25
9
11
9
8
11
8
41
37
44
26
22
53
35
43
22
30
43
28
12
15
20
12
11
2
4
9
19
11
10
1
14
43
39
29
7
7
3
21
16
22
19
33
9
9
12
4
12
15
21
30
15
9
33
58
29
17
1
1
28
16
24
33
17
27
11
11
8
10
2
9
21
16
13
16
23
30
38
35
25
45
38
43
47
24
43
49
31
14
10
7
6
10
8
17
12
8
2
15
10
15
31
33
18
9
2
38
49
42
42
22
3
6
1
2
4
7
7
3
11
12
28
61
31
25
27
4
1
3
12
17
25
16
13
14
3
7
10
6
6
2
6
17
11
29
41
23
42
32
38
35
63
54
30
30
35
36
11
14
9
14
19
13
8
11
12
18
29
35
41
40
39
60
41
62
22
29
24
31
40
16
11
18
8
6
17
9
8
3
5
4
11
39
32
45
30
40
32
15
3
30
9
1
6
11
1
7
4
8
6
11
10
15
29
15
20
25
42
24
20
36
32
41
38
29
33
29
23
23
27
13
11
5
15
7
3
34
39
35
25
18
21
42
11
3
4
43
20
26
16
17
23
11
16
12
12
8
11
13
17
36
20
25
28
43
41
56
35
25
26
15
10
17
13
12
4
9
6
8
11
12
8
7
16
13
13
15
16
30
34
27
23
3
2
10
11
22
14
15
11
7
6
10
2
3
5
5
3
9
14
13
31
21
13
32
39
40
40
37
26
20
14
20
18
17
15
7
9
10
10
6
2
16
8
8
21
5
9
16
17
23
41
4
14
18
13
13
8
6
10
7
7
12
11
8
11
24
31
42
24
39
33
41
39
35
37
23
18
18
24
13
12
8
9
11
8
3
8
13
14
29
30
20
37
54
70
48
19
25
44
33
19
31
25
23
17
9
12
6
7
4
10
7
6
27
26
25
22
33
39
59
63
45
40
8
9
16
17
13
9
7
6
11
11
3
4
9
15
33
39
39
33
39
41
34
26
30
55
35
12
31
12
17
10
9
16
3
6
6
15
6
13
23
20
9
25
30
40
40
24
14
20
12
9
4
4
1
2
4
7
2
3
3
4
4
5
5
10
7
7
12
4
15
18
14
16
22
19
13
6
9
5
6
4
7
4
7
2
2
5
20
19
12
24
30
41
34
25
28
34
20
1
10
9
8
10
7
6
6
3
2
1
4
2
17
22
17
19
33
32
35
42
31
17
7
11
17
17
15
12
10
12
17
8
6
18
7
6
27
27
14
18
33
22
43
32
22
37
31
22
27
19
16
6
12
10
1
3
5
10
10
18
38
31
16
22
18
11
4
7
22
30
27
20
43
19
11
10
13
9
10
10
10
11
6
11
31
26
18
20
40
29
39
31
16
58
36
17
6
9
15
7
7
4
6
5
7
5
7
7
16
19
16
23
28
28
35
39
23
21
13
11
8
12
10
5
4
5
6
3
6
6
12
15
13
32
18
17
11
28
20
13
15
16
29
20
14
6
6
11
6
7
8
6
7
7
16
33
27
28
27
27
44
43
31
36
46
38
30
26
13
11
16
5
3
8
7
2
4
4
23
26
8
15
11
23
13
24
18
18
20
20
16
13
7
4
4
1
2
4
6
13
26
42
30
29
28
61
76
66
60
42
24
31
16
16
15
16
20
9
5
9
1
12
11
10
13
20
31
3
22
30
14
22
18
30
21
9
4
27
29
48
46
44
26
16
11
5
12
7
9
14
11
6
14
16
28
22
31
16
10
7
8
5
39
73
68
43
32
3
1
6
10
15
27
12
13
12
19
28
30
31
37
30
24
40
39
45
58
98
106
17
3
17
14
12
12
7
6
18
34
39
34
30
39
25
35
81
98
66
20
9
3
11
10
5
12
25
16
18
22
9
17
18
28
37
33
26
13
23
21
12
58
67
35
5
3
15
18
15
14
7
17
16
29
34
32
34
22
10
34
28
7
73
90
11
28
29
30
27
33
30
27
45
38
39
38
34
25
20
1
14
9
16
9
21
14
10
8
21
18
32
23
30
18
24
34
50
41
52
33
38
34
20
14
8
9
18
17
16
15
23
23
18
29
28
32
43
38
35
36
36
40
47
58
59
43
30
29
12
12
17
15
18
16
7
18
18
27
25
24
35
48
48
43
42
51
74
85
53
31
30
23
12
18
8
10
3
10
6
10
23
18
32
31
36
33
39
38
38
49
61
47
39
26
13
12
13
9
16
18
1
28
20
33
8
26
38
36
43
43
36
46
63
65
64
52
39
28
17
13
13
11
10
13
15
11
10
14
13
7
8
5
3
12
4
3
14
52
58
31
39
15
10
4
9
10
9
12
10
7
9
19
35
31
25
25
30
33
32
43
33
57
25
8
10
6
8
51
36
31
36
47
45
43
36
32
18
12
6
4
6
10
16
16
11
14
10
13
16
22
31
32
29
24
27
31
38
44
37
27
24
18
7
7
10
14
27
19
21
28
26
28
23
25
31
48
40
33
48
43
24
33
34
26
22
16
8
4
7
8
16
19
4
12
16
25
21
32
28
34
27
30
33
41
28
36
34
20
18
6
10
5
3
9
17
10
12
22
17
15
20
34
23
33
33
30
40
25
43
41
31
35
20
12
10
10
13
10
11
12
16
14
14
18
31
30
44
43
39
35
33
45
38
39
23
22
23
5
8
5
7
5
10
9
11
22
24
32
32
33
34
29
27
28
41
25
20
22
29
19
10
11
3
4
9
8
14
11
19
26
42
30
38
34
32
28
39
32
31
35
35
16
8
10
7
9
7
4
9
8
17
17
12
20
26
27
26
34
24
45
34
25
41
45
42
38
12
10
3
1
6
10
9
11
9
17
18
26
23
34
40
35
50
32
39
35
33
25
28
25
25
13
16
8
7
17
7
8
9
14
23
23
25
27
37
35
32
20
33
38
22
30
27
29
22
25
12
9
6
15
17
12
13
18
16
24
33
44
40
43
42
34
34
20
31
31
22
16
17
13
12
7
8
8
10
14
14
19
17
13
22
31
42
31
32
34
29
34
26
41
38
32
22
18
7
5
6
3
7
12
24
23
27
34
34
35
31
36
26
37
42
41
23
45
35
30
20
6
3
8
9
6
9
13
19
12
24
34
26
36
38
47
30
37
33
29
35
42
25
20
19
15
13
6
2
10
11
13
12
14
26
22
33
36
37
34
34
30
33
42
42
32
33
22
15
10
7
7
9
8
12
10
13
26
39
38
53
49
48
48
43
47
48
43
37
25
21
17
5
11
4
9
13
24
15
25
28
24
38
39
48
51
55
52
51
44
35
40
41
35
23
15
11
8
9
11
18
15
12
16
25
34
33
55
30
53
54
39
43
27
39
46
37
36
19
18
10
10
8
19
11
22
18
20
18
29
50
58
45
60
42
47
49
38
49
35
37
41
21
26
17
20
11
13
16
14
19
21
27
40
32
1
59
69
47
40
46
39
31
37
43
24
23
8
19
9
7
12
12
12
19
20
24
27
36
31
48
52
49
34
43
28
33
30
30
26
13
20
5
6
9
11
9
11
20
31
42
52
45
54
54
72
66
71
49
46
43
54
44
40
20
11
12
18
8
13
23
15
33
27
69
27
43
46
50
51
65
63
59
51
46
48
36
44
26
14
15
12
14
16
22
11
24
26
31
34
36
56
57
86
49
63
50
49
41
35
43
29
23
14
18
11
10
10
17
15
21
18
25
39
32
41
68
64
54
43
41
29
28
33
32
34
17
13
21
15
15
9
12
13
23
18
26
27
28
50
46
67
54
65
59
50
47
34
29
30
17
16
9
6
16
6
17
11
20
24
16
22
40
40
56
67
66
68
66
48
40
32
24
35
29
16
13
12
19
13
12
15
20
23
35
32
31
1
64
58
52
41
47
39
41
41
35
33
21
17
11
13
15
16
9
18
25
30
30
22
39
46
46
51
67
50
66
46
48
35
31
22
20
12
12
13
12
16
6
18
24
37
32
39
33
52
46
41
33
39
36
27
26
21
8
19
12
9
5
10
10
13
21
20
17
25
39
48
48
35
43
47
35
28
36
36
24
13
9
5
4
12
8
14
7
14
12
13
13
25
33
43
46
43
33
57
46
27
39
37
32
16
8
20
12
9
9
5
17
17
20
29
16
28
45
49
48
27
33
59
37
43
35
35
25
20
22
8
12
9
10
18
8
23
13
14
4
4
30
27
44
40
40
38
31
21
21
18
12
13
11
14
18
20
14
42
25
22
30
40
50
40
50
44
47
39
32
39
45
16
21
37
11
13
24
16
22
12
32
24
24
31
37
48
43
53
39
36
26
50
30
36
21
26
24
18
24
22
21
16
8
14
25
18
26
24
21
41
43
55
63
54
53
47
45
27
23
28
23
22
12
16
16
12
16
16
28
22
29
27
36
47
44
33
50
44
40
50
28
38
27
19
15
14
15
14
9
9
33
13
17
17
13
23
23
30
35
31
45
33
44
47
40
32
37
30
31
30
48
26
19
22
38
34
30
16
28
38
40
15
10
13
21
18
23
14
15
8
11
22
10
16
19
18
18
12
15
15
23
32
29
30
33
30
40
42
54
62
59
39
54
65
68
45
60
56
20
25
32
22
20
20
29
27
24
21
47
45
50
56
72
62
46
54
41
49
42
29
37
23
22
22
12
20
15
19
14
17
19
15
34
29
32
32
35
27
33
17
29
24
27
17
18
18
20
8
10
7
9
8
9
37
46
57
53
60
64
72
42
61
41
42
41
40
39
32
27
39
28
31
43
46
27
25
34
28
36
47
47
42
47
49
46
35
34
38
49
58
52
37
49
24
28
44
33
35
43
40
22
43
45
50
68
48
67
73
51
47
77
54
62
67
40
33
30
26
29
27
31
37
34
38
40
29
38
62
55
47
64
50
79
64
89
64
63
62
51
35
43
31
35
23
23
32
33
45
39
42
42
49
65
60
61
54
61
58
48
44
50
45
46
14
23
27
25
27
27
37
32
30
43
27
56
44
49
41
55
47
44
37
53
48
56
35
36
35
30
31
14
25
50
37
20
36
43
38
34
42
34
44
39
37
31
38
34
44
47
52
45
42
29
14
17
36
32
29
35
45
32
38
54
40
51
58
57
52
34
42
60
57
63
65
47
29
32
29
19
47
35
29
36
47
48
35
54
50
48
48
54
45
55
43
45
56
60
49
38
35
31
17
20
18
25
29
22
25
36
47
37
40
52
44
57
52
43
47
78
67
68
4
17
55
37
27
9
29
21
25
28
20
27
26
28
1
1
1
1
1
1
1
6
17
32
16
18
22
12
1
1
1
1
1
1
1
1
1
1
1
1
1
1
1
3
2
1
2
12
23
7
38
35
32
29
29
2
1
2
11
18
25
21
27
31
35
43
46
50
36
35
59
50
19
3
3
10
46
33
28
29
24
77
37
22
16
16
22
30
23
25
35
35
31
36
34
33
45
16
36
72
55
9
14
7
1
1
1
1
2
35
29
32
33
44
27
48
45
53
43
48
40
36
39
35
24
24
24
21
29
17
28
23
39
33
35
26
38
35
39
41
35
54
35
1
1
1
28
31
29
23
26
29
29
22
30
17
35
28
23
28
32
32
2
4
3
2
6
3
3
1
10
29
33
27
33
15
35
12
6
1
8
7
10
10
13
16
48
30
43
24
27
15
17
19
18
33
19
17
24
29
39
35
36
49
41
49
52
54
55
46
63
42
51
31
5
17
25
20
21
2
3
3
9
46
50
29
51
46
55
23
13
28
32
13
17
13
18
19
20
19
30
36
32
36
32
40
43
37
44
60
44
42
55
47
55
3
21
22
32
35
14
15
33
29
30
33
32
34
49
45
34
40
56
58
41
54
48
55
31
30
41
9
30
31
29
20
17
10
11
10
6
2
1
2
3
6
43
68
60
57
44
42
24
1
5
28
23
22
23
14
36
37
23
25
33
39
34
31
39
45
44
48
55
84
56
44
49
42
38
28
26
32
36
36
25
40
37
37
39
58
40
40
42
49
57
44
45
70
52
28
36
47
15
36
22
23
23
28
10
29
38
31
47
55
27
28
35
37
45
41
49
55
55
58
62
54
30
17
26
36
36
33
23
48
40
22
49
42
39
40
36
45
52
65
53
96
95
58
47
26
31
30
29
32
46
34
26
46
37
34
33
46
33
15
1
6
5
19
24
26
33
6
12
6
6
4
8
25
41
24
26
17
15
21
15
3
9
8
9
13
25
37
71
84
64
32
16
11
23
25
33
22
36
41
32
12
15
17
20
15
2
10
9
26
35
59
62
97
108
67
26
22
15
19
43
40
63
57
35
1
1
1
1
1
1
2
3
1
4
3
5
2
2
2
1
2
2
7
1
6
4
1
6
3
1
4
5
7
8
1
5
15
13
17
22
15
19
20
28
15
48
15
2
2
2
1
1
2
2
2
6
8
3
3
4
12
19
19
18
19
16
15
26
14
20
11
11
11
8
5
5
1
6
9
10
5
8
6
13
10
13
10
12
13
15
12
10
10
14
4
9
14
5
4
7
2
4
5
7
5
9
15
17
13
12
5
13
5
13
11
18
9
8
7
6
7
7
8
8
8
6
6
5
12
6
5
3
2
3
1
1
4
1
5
4
1
1
1
3
2
2
3
3
5
6
5
3
8
17
11
9
13
25
14
14
9
14
8
14
11
4
4
3
7
6
6
8
2
13
13
14
13
9
8
21
21
11
11
8
5
8
11
13
8
2
4
3
5
9
6
4
6
12
9
9
2
12
13
10
15
27
13
14
3
2
2
6
7
5
8
1
3
10
10
4
14
12
16
9
14
2
1
6
2
1
1
1
2
1
1
6
3
1
2
2
10
7
8
10
13
19
12
20
24
20
17
19
17
11
12
9
3
11
15
12
4
11
13
4
8
12
4
6
1
4
3
5
7
12
8
18
12
15
21
26
22
44
46
49
27
4
17
29
26
27
41
35
31
30
48
56
58
61
53
28
22
4
10
11
3
7
11
9
8
7
9
8
14
12
12
13
9
10
8
10
21
32
16
14
5
10
1
6
1
6
1
1
17
30
14
36
13
34
29
28
16
29
42
35
45
50
5
5
6
6
4
1
4
5
1
2
2
8
21
21
13
23
28
37
19
41
42
47
54
29
31
62
43
45
46
26
18
17
20
27
14
21
8
14
10
10
22
32
24
24
57
40
34
27
30
27
39
25
24
16
24
11
38
41
26
13
17
48
25
28
18
29
22
41
52
22
32
21
40
39
21
28
29
20
10
12
11
14
7
36
30
11
32
40
36
23
33
40
32
40
39
51
39
29
29
22
34
31
17
28
17
29
25
3
1
13
14
7
9
25
28
42
41
55
41
52
49
43
22
5
1
1
1
1
1
4
6
8
8
13
12
8
16
15
20
23
14
14
16
7
5
5
1
5
1
4
6
9
3
3
7
3
1
9
8
11
18
9
15
15
18
7
14
8
9
7
4
6
8
10
2
2
9
4
7
7
5
16
12
13
23
26
26
27
17
8
14
5
9
21
8
7
5
6
4
2
9
3
1
7
7
10
9
20
14
20
19
10
10
20
6
5
4
11
3
2
6
6
5
7
9
11
13
11
17
18
16
17
35
30
39
21
18
14
14
4
11
20
12
7
6
7
12
22
5
10
5
9
7
15
42
57
58
65
41
53
50
49
43
43
37
31
10
22
26
25
11
42
16
22
19
12
11
15
32
33
44
40
40
39
42
109
49
53
22
31
18
36
20
4
12
12
9
18
8
15
1
1
1
8
22
29
13
16
9
3
12
1
3
1
2
2
5
5
1
1
1
1
2
1
1
1
2
1
11
4
11
25
50
20
14
11
1
11
1
2
5
9
10
2
5
9
4
13
15
28
9
2
5
4
1
1
4
2
3
3
3
10
3
3
2
11
7
7
10
21
5
13
9
6
5
2
7
4
4
2
1
1
1
14
27
9
7
7
6
2
4
5
1
5
2
4
2
3
2
5
1
5
6
3
9
9
20
18
16
9
5
9
2
3
3
3
1
2
1
5
3
4
5
7
6
13
12
15
16
13
8
11
13
5
15
12
3
5
2
9
9
3
5
8
3
1
7
6
9
11
9
9
10
13
19
12
13
7
13
2
1
5
3
3
5
4
1
4
3
8
4
18
16
14
15
16
17
22
22
15
8
4
7
7
9
5
2
3
4
5
7
1
1
10
9
9
11
8
14
12
23
26
12
19
10
8
8
13
5
1
2
6
3
6
3
1
1
1
10
20
13
17
19
8
16
11
17
16
11
2
4
5
5
3
5
1
3
5
2
3
2
5
7
9
8
12
12
13
9
9
9
11
11
2
7
3
4
3
2
8
3
3
1
1
3
5
4
5
12
9
11
14
8
17
19
10
8
15
11
6
12
5
2
6
3
4
1
2
8
3
7
6
11
16
26
20
22
22
10
8
11
5
5
2
8
8
7
3
5
3
1
1
5
4
11
19
17
22
19
24
9
11
13
6
9
5
3
4
3
3
4
3
11
7
3
9
8
15
11
11
13
16
16
8
14
7
11
4
5
9
3
5
2
3
6
2
1
4
3
7
5
8
13
17
17
16
14
10
8
11
17
5
6
5
10
5
3
3
8
2
3
4
6
12
15
18
20
16
20
15
22
17
24
12
11
13
15
5
9
5
7
2
2
3
9
5
6
18
17
25
27
16
30
23
30
15
28
14
23
12
7
12
14
3
10
7
6
7
6
4
13
6
14
25
17
25
28
27
35
28
25
16
16
13
14
14
11
18
8
3
8
2
5
4
3
8
24
18
25
29
23
28
19
25
19
14
13
10
8
13
8
3
8
6
5
2
5
11
11
6
7
11
16
20
18
15
13
11
8
17
8
12
15
10
1
3
5
4
2
4
2
6
3
23
15
15
16
10
20
18
19
22
16
14
9
13
7
5
1
1
1
2
2
2
3
4
6
8
21
21
27
23
23
28
21
16
10
11
10
7
6
7
1
6
4
3
4
9
6
16
18
17
16
14
23
16
14
22
13
17
21
12
3
2
4
1
3
3
7
5
11
12
27
35
20
22
28
15
20
22
22
24
32
25
17
14
6
10
6
7
10
3
7
9
20
10
23
14
27
22
26
30
32
29
36
29
37
26
39
21
8
11
13
9
8
9
6
3
19
10
16
12
12
12
8
23
17
26
22
10
18
22
18
21
9
10
8
12
14
5
2
8
15
16
6
13
12
12
10
25
11
19
16
16
21
17
28
10
15
8
6
9
2
5
2
9
16
9
24
13
13
23
20
27
28
21
22
8
19
9
6
16
5
4
10
8
8
3
7
15
9
17
11
13
12
18
23
15
9
11
14
5
17
15
7
4
5
5
5
10
8
12
4
11
19
9
13
20
13
23
18
23
23
18
11
13
6
11
16
11
3
10
4
7
4
4
5
11
6
14
12
27
25
21
29
16
20
16
21
17
17
9
9
4
2
4
8
10
8
6
4
5
13
23
15
18
27
23
24
21
19
11
1
2
3
7
4
7
5
10
19
12
18
30
21
19
22
25
27
23
19
14
8
6
8
5
5
6
4
5
6
6
4
6
1
4
1
11
15
28
27
9
16
17
10
21
15
7
9
8
8
8
7
9
3
4
6
8
9
15
13
16
13
21
15
15
25
21
19
14
13
7
9
14
7
7
7
6
2
3
9
6
4
8
7
9
8
15
19
25
23
20
12
20
16
4
16
14
4
17
3
7
2
9
8
5
4
4
5
11
8
17
16
2
25
23
23
35
19
13
13
24
9
10
13
8
4
6
6
3
9
5
8
21
13
28
12
10
23
20
14
20
15
14
10
9
7
18
12
3
1
7
3
5
3
3
1
7
11
7
17
15
22
33
22
22
23
22
17
12
10
6
13
9
6
6
8
10
7
11
10
8
11
11
19
17
19
21
29
24
23
21
14
10
11
6
8
6
14
11
12
10
3
10
11
13
10
15
21
16
24
19
25
19
20
17
18
14
13
15
24
10
9
6
10
13
20
12
22
15
19
25
23
15
16
16
15
24
20
13
26
20
17
13
10
6
4
6
8
14
21
15
9
5
23
32
18
24
26
24
26
22
29
27
19
28
23
1
2
24
26
24
28
26
26
19
12
13
4
9
28
35
34
26
16
14
20
3
1
7
22
28
25
23
15
16
15
17
8
12
4
7
7
4
16
6
8
24
20
26
20
17
26
28
15
18
10
30
13
11
2
7
17
21
18
24
26
24
15
22
10
19
11
11
3
4
13
11
15
13
14
10
11
10
1
7
18
8
24
21
22
17
12
16
5
10
3
1
2
3
7
4
4
3
8
6
7
9
19
10
14
21
11
14
13
11
12
9
16
12
7
3
5
4
2
4
1
5
8
8
12
7
14
10
17
19
22
17
23
13
12
18
10
9
6
7
6
6
3
4
4
8
2
8
5
12
19
17
8
11
12
11
16
14
12
7
11
2
1
1
1
1
1
2
10
4
4
5
9
3
8
12
12
10
10
8
11
15
11
7
6
4
9
5
10
10
11
5
3
8
11
19
16
22
21
12
27
20
15
16
9
10
13
2
1
5
2
5
4
1
2
1
6
2
3
12
16
23
22
18
12
17
21
14
9
7
12
12
15
6
4
4
9
11
10
3
9
18
38
22
34
29
18
14
21
9
10
13
9
3
1
2
6
4
3
6
4
3
8
12
17
26
25
27
8
17
6
11
9
8
5
3
3
6
1
1
6
2
7
8
9
9
18
17
28
32
31
23
21
19
17
9
5
3
9
5
19
14
14
9
7
19
7
8
9
7
3
13
21
25
24
25
31
28
24
17
14
9
8
12
9
7
9
4
3
5
7
4
7
7
20
14
10
11
20
14
14
10
14
14
2
3
4
8
3
7
3
4
4
2
6
3
5
6
10
13
7
14
16
18
24
25
25
16
12
11
6
10
10
13
10
10
3
4
10
6
8
11
11
14
16
33
25
7
22
31
15
12
15
17
25
13
3
2
7
3
9
10
16
13
11
17
12
11
11
12
12
8
11
26
24
28
33
24
19
17
22
2
1
1
1
1
3
4
3
3
4
1
2
4
2
6
6
1
1
1
5
2
2
1
1
4
7
4
8
11
16
10
23
28
19
25
37
41
33
25
30
28
16
27
17
8
5
8
9
5
9
4
6
12
5
14
13
6
35
27
17
6
9
5
2
1
26
16
16
2
1
5
2
1
7
4
7
12
9
13
22
26
34
25
29
20
30
25
34
15
10
10
9
18
34
34
22
14
27
16
21
18
6
6
4
10
8
9
5
2
10
15
18
21
27
22
33
29
33
12
1
7
7
8
9
6
9
7
4
2
4
8
12
12
13
23
28
30
17
7
4
9
7
5
2
11
28
16
17
10
9
8
5
6
8
11
10
5
17
25
32
38
29
23
34
22
40
28
20
17
32
17
16
5
5
11
19
12
7
5
5
4
13
18
26
26
32
21
10
5
4
2
2
3
11
7
3
11
7
8
10
12
11
13
15
18
31
36
35
48
22
1
5
1
2
1
1
1
8
12
13
9
5
8
5
6
6
11
8
2
3
2
10
9
6
8
3
1
5
7
8
1
1
1
5
3
2
5
6
11
5
4
1
1
4
1
2
10
23
16
15
2
2
11
5
5
5
7
4
4
1
3
6
10
8
3
9
9
2
1
8
4
9
5
3
6
3
6
7
12
23
17
32
36
19
3
3
1
7
17
20
10
4
10
6
10
2
9
10
13
6
1
2
2
6
3
2
1
5
7
9
4
5
1
7
8
12
2
2
4
3
7
3
5
3
1
1
20
19
12
6
8
4
4
5
8
9
14
12
14
29
26
30
30
37
30
26
28
27
28
8
1
1
2
1
3
1
3
1
3
1
1
1
1
1
2
8
11
9
12
13
22
32
16
21
7
12
4
6
22
23
19
2
1
5
1
15
25
31
30
30
29
32
5
1
1
1
1
2
1
11
17
15
31
18
1
1
2
1
1
1
1
1
1
1
1
1
2
1
1
1
7
22
27
22
13
26
25
33
25
27
33
30
46
31
31
28
27
22
15
12
18
5
9
14
4
14
11
18
16
27
21
17
17
17
11
8
6
5
4
14
19
16
11
10
7
4
15
8
6
9
5
10
11
16
16
25
17
22
18
14
21
20
25
22
28
23
9
10
10
9
9
10
7
5
4
3
10
11
12
15
9
10
4
5
8
8
18
16
20
20
11
9
9
3
13
11
9
1
9
6
11
10
9
14
17
12
8
21
22
15
20
28
15
9
9
12
5
6
7
4
11
1
7
7
6
10
6
10
12
12
14
16
30
22
23
20
14
14
14
9
4
6
11
11
16
5
9
7
13
14
20
31
32
23
30
26
28
47
31
30
22
23
6
13
15
7
3
7
9
7
5
7
6
13
15
14
12
25
24
26
21
23
28
36
29
14
19
7
6
7
7
4
5
6
6
6
8
31
19
18
29
16
28
23
20
18
9
25
11
10
7
7
9
5
1
7
4
4
7
8
4
9
15
10
16
20
20
31
26
31
22
19
18
10
6
6
5
3
4
5
11
10
16
19
22
25
18
25
35
37
24
40
24
34
16
14
3
6
2
8
5
7
9
9
6
17
13
18
17
25
22
23
16
28
33
34
23
4
11
4
3
6
1
3
6
7
4
7
9
4
8
16
11
15
27
15
22
25
25
32
32
19
8
8
8
5
2
5
5
3
2
2
4
9
10
11
19
17
26
19
14
20
28
26
24
18
8
4
2
2
1
6
9
1
3
2
1
2
1
4
2
2
3
9
22
32
28
12
6
1
2
3
1
3
7
3
7
8
5
5
13
22
19
20
13
24
20
23
16
8
6
6
2
5
5
9
8
5
15
11
13
10
26
19
18
25
23
23
29
25
27
24
11
5
1
2
3
3
4
2
2
1
5
3
3
5
8
7
2
4
11
20
9
11
5
3
1
4
5
5
5
12
9
14
19
14
19
21
31
17
24
12
16
27
25
26
9
4
2
3
3
2
2
4
7
4
6
7
9
16
16
30
11
21
14
23
14
25
17
9
9
5
2
4
1
3
3
8
4
7
10
13
5
7
6
17
23
30
22
28
19
27
25
5
1
2
4
4
3
6
6
6
14
6
6
4
4
7
2
5
7
3
2
1
3
3
1
1
5
5
1
8
4
2
1
1
1
2
1
3
1
4
1
3
1
1
2
1
2
1
1
1
1
3
7
4
2
7
7
7
8
19
16
13
9
23
19
20
22
19
19
27
20
32
13
6
9
2
6
1
5
4
4
7
3
9
12
21
19
22
22
16
14
19
17
13
29
22
5
2
1
5
2
6
3
7
7
5
6
9
17
18
28
15
15
17
16
19
14
11
27
10
13
6
6
3
3
1
1
2
4
8
6
4
8
7
14
15
8
11
18
17
8
22
18
18
6
4
3
3
5
3
5
2
5
2
6
8
11
17
9
14
13
14
14
14
11
22
17
14
9
8
6
4
2
2
5
4
9
5
11
12
8
7
19
11
12
16
20
16
23
18
15
10
2
2
5
10
3
2
6
18
6
8
12
12
19
15
32
31
22
25
26
27
34
47
36
30
16
7
8
12
6
14
6
6
7
5
9
19
25
18
14
15
33
30
28
40
37
46
41
32
25
20
9
2
7
6
9
7
10
3
1
12
13
18
14
14
21
20
35
44
48
31
29
17
7
1
10
7
6
5
5
4
5
10
16
16
29
25
24
21
19
18
24
29
39
33
28
30
21
9
12
11
15
22
20
10
15
11
16
25
25
11
13
17
14
27
27
40
17
8
21
26
19
6
7
6
5
10
12
10
9
5
10
20
17
18
40
22
24
18
35
46
62
51
65
28
17
18
7
4
4
14
11
13
15
9
15
22
27
21
24
29
33
24
39
41
63
52
58
39
18
7
8
4
12
8
14
9
11
11
13
6
17
23
30
32
23
20
24
47
52
60
75
36
12
11
4
5
7
7
13
7
9
11
18
20
28
32
43
40
34
47
58
66
72
80
61
43
17
10
10
5
5
10
11
3
6
12
8
11
22
30
24
34
23
28
39
40
46
62
47
30
11
2
6
3
8
3
6
4
1
12
14
14
23
23
34
35
38
27
35
39
51
50
44
27
21
18
13
4
14
13
16
20
18
13
18
31
31
44
35
46
47
46
55
55
54
73
45
39
28
11
13
7
16
14
20
12
24
32
27
35
38
38
61
56
53
51
44
46
68
65
54
18
23
12
11
4
19
11
11
25
14
17
25
33
36
31
45
32
51
44
48
55
54
70
54
34
25
5
7
12
13
11
15
7
21
21
23
22
30
30
30
41
36
39
41
41
48
53
50
30
17
9
13
13
10
13
15
19
21
18
21
21
35
24
38
29
24
11
12
10
10
6
11
10
8
5
3
6
2
1
5
6
3
9
1
6
13
16
26
22
26
29
32
37
28
21
42
28
30
19
12
3
1
3
6
2
4
2
6
9
17
21
35
31
46
35
38
50
49
63
63
62
19
29
23
3
7
2
10
14
13
9
10
18
12
20
22
33
27
32
22
18
23
49
30
37
21
12
5
8
11
6
11
9
17
17
20
34
34
35
52
77
68
49
40
56
53
55
57
50
35
27
18
5
17
10
13
16
16
17
11
16
24
24
31
42
43
38
27
31
48
49
59
36
35
45
25
13
8
12
13
12
21
22
23
29
1
7
7
16
16
29
25
33
42
77
51
66
48
64
57
71
78
65
30
44
32
29
24
18
24
21
29
31
40
30
51
69
83
68
61
84
67
72
92
84
75
62
58
35
20
44
39
24
32
35
32
32
32
51
62
70
75
63
70
55
57
44
56
75
51
59
30
25
19
22
19
13
19
9
16
18
21
32
30
52
49
65
49
54
39
37
38
66
47
28
29
23
18
8
15
13
11
16
27
27
23
33
53
56
62
61
53
50
47
35
24
56
54
52
34
25
20
5
19
11
13
13
6
9
15
33
49
61
64
67
68
54
71
73
48
67
56
41
24
11
14
18
19
18
7
14
18
34
49
42
57
54
65
53
50
37
40
30
25
37
55
51
38
30
11
7
10
15
14
6
19
33
32
63
49
64
90
64
56
36
30
51
37
41
47
27
26
23
13
8
10
15
12
14
20
28
30
43
48
53
44
51
54
55
42
30
42
37
43
26
16
12
13
11
8
16
12
18
14
22
31
38
46
76
69
70
62
73
45
40
67
50
44
38
11
9
11
4
4
3
17
17
20
26
24
30
42
54
54
60
59
49
40
37
55
35
33
24
13
14
11
12
15
8
4
1
6
11
26
42
34
56
55
60
59
41
40
52
58
36
47
35
26
23
13
12
12
13
10
17
14
38
36
37
25
33
38
39
28
29
37
37
35
30
30
31
20
11
15
12
22
24
15
26
16
11
27
19
36
53
70
62
52
54
70
40
54
52
33
29
30
17
19
22
36
33
34
37
29
41
43
28
65
66
70
67
49
53
30
30
31
22
17
25
13
14
10
11
15
9
19
25
31
28
33
37
59
57
88
63
57
47
29
34
37
26
27
18
15
14
8
8
15
13
13
17
15
30
25
26
45
64
60
50
65
60
53
46
51
52
27
16
18
8
16
10
11
10
10
12
22
29
27
40
41
55
73
87
90
70
66
46
39
43
29
17
14
13
6
12
11
11
13
21
21
24
41
36
59
80
69
75
73
50
62
48
35
28
24
18
13
17
14
15
18
20
22
29
24
35
40
55
74
85
99
108
102
76
83
71
62
49
40
33
25
18
13
14
10
21
17
22
23
27
35
64
87
107
115
83
101
83
89
72
45
54
40
24
27
25
16
16
7
18
22
28
41
37
48
36
66
93
87
82
92
58
67
69
53
37
38
31
20
13
15
16
11
6
11
29
29
31
34
33
25
36
36
13
17
21
19
14
15
8
6
11
2
5
2
2
7
9
13
20
17
21
21
19
22
32
85
23
74
97
77
81
62
60
48
34
1
2
3
6
6
9
9
18
24
25
31
35
55
59
58
60
31
36
36
27
45
22
18
9
12
3
4
4
8
9
11
21
17
23
32
45
48
62
65
45
42
28
27
28
19
21
9
18
17
11
17
13
14
9
25
18
40
56
45
41
59
64
53
54
39
46
73
40
34
42
36
19
7
11
7
12
5
8
12
16
22
27
28
17
54
59
49
23
33
17
57
43
53
27
5
7
6
7
3
12
17
17
19
10
22
42
21
11
17
10
10
23
81
88
50
86
50
45
21
6
2
7
21
25
29
35
26
28
30
39
37
52
63
73
75
78
97
80
86
76
87
48
37
28
22
14
11
13
20
16
19
21
23
24
26
47
51
56
72
68
79
84
79
75
76
54
45
57
37
23
17
27
33
28
40
32
25
33
51
56
54
77
86
75
64
79
59
76
61
63
37
31
27
40
20
18
21
21
24
24
45
47
47
53
61
44
55
75
81
64
72
54
60
60
44
37
24
20
28
31
17
18
22
35
25
28
40
62
63
61
72
68
49
76
68
66
60
57
51
36
14
19
18
24
26
20
24
23
17
24
23
43
42
46
76
84
79
86
89
78
93
63
64
81
61
44
40
27
38
45
57
17
37
50
66
69
66
79
98
109
124
147
102
77
89
69
58
59
40
38
40
38
33
48
22
28
45
45
43
69
52
77
72
85
85
97
66
63
63
84
76
53
49
27
48
25
24
25
48
41
46
27
38
46
53
52
75
69
67
73
80
32
31
28
36
22
25
38
26
35
38
30
35
41
26
55
52
58
38
66
60
59
84
73
78
60
62
55
24
29
4
7
5
10
8
5
7
17
6
17
16
11
42
17
21
19
21
13
12
6
5
5
6
3
16
11
9
6
8
15
11
16
15
19
25
22
21
12
3
3
1
10
2
8
1
5
4
4
9
9
12
7
2
9
7
13
12
13
11
12
17
11
9
14
15
15
9
4
4
3
3
3
6
7
2
10
9
14
14
12
9
5
4
8
19
7
11
16
17
8
4
3
8
4
2
3
6
10
1
7
14
15
21
14
31
21
26
25
10
18
12
10
7
7
8
5
4
5
3
5
4
10
9
14
12
20
28
30
15
1
13
28
22
14
16
16
6
4
2
3
3
8
11
6
7
17
8
21
22
25
20
31
32
30
18
1
9
16
19
13
8
3
5
10
5
11
14
6
6
14
15
18
19
21
26
20
18
25
4
1
5
3
5
2
6
8
5
3
4
8
11
8
12
16
45
16
21
14
11
12
20
13
11
9
5
12
7
8
10
8
20
20
21
32
25
12
27
26
17
7
13
15
21
12
5
8
8
9
7
3
12
17
18
20
16
12
33
30
29
19
15
24
15
11
1
10
5
4
6
4
5
2
11
8
15
9
3
18
16
20
19
17
25
22
13
22
16
4
10
9
8
7
4
6
4
8
10
11
13
22
20
25
31
24
29
33
32
15
21
29
14
16
15
13
6
3
4
2
7
5
9
7
11
15
13
5
2
8
29
17
28
18
30
23
10
13
10
5
4
4
4
8
8
6
5
8
21
11
25
24
28
28
20
27
21
31
25
25
13
22
17
1
1
22
16
26
10
10
7
12
6
4
3
4
6
4
7
12
15
24
32
24
18
26
21
33
22
19
18
15
17
9
14
5
3
7
6
3
6
10
4
1
3
3
3
13
23
23
31
23
22
17
28
16
7
4
5
1
2
8
1
6
7
11
14
14
22
22
22
19
19
28
17
25
26
13
19
15
14
6
7
2
7
7
6
7
5
8
21
14
3
31
33
9
1
1
2
4
4
8
9
3
3
6
9
13
24
22
32
28
31
18
34
33
24
28
17
17
17
11
9
3
2
6
5
13
11
8
17
17
11
24
23
24
3
6
28
16
17
19
7
6
9
10
5
4
2
3
6
3
5
8
25
11
22
17
51
25
31
29
12
2
26
9
20
10
8
7
1
5
3
3
5
6
13
17
24
22
29
24
22
31
33
16
2
1
2
21
3
2
6
8
20
15
19
25
20
24
37
31
32
30
15
6
3
7
5
3
6
8
13
6
11
9
24
20
34
15
17
21
31
29
17
16
15
23
21
17
6
6
5
2
5
6
4
8
4
12
18
30
22
15
22
22
36
32
17
22
16
21
16
10
7
6
4
5
6
8
7
6
9
6
13
15
22
15
28
4
1
2
2
17
19
10
12
6
1
2
9
8
8
14
18
19
23
40
13
24
27
28
17
15
17
6
11
14
9
7
6
10
5
7
8
9
19
18
19
19
49
26
25
28
7
22
19
24
17
12
10
3
6
5
7
6
5
3
10
10
12
22
25
4
1
36
22
22
7
28
13
21
18
5
3
9
7
2
4
5
6
12
17
17
23
26
18
29
25
1
1
17
11
16
19
21
7
10
10
5
3
1
1
5
8
16
11
14
17
18
17
16
21
18
27
32
18
23
17
23
22
11
7
3
7
7
6
5
4
2
9
27
25
26
29
23
28
20
17
17
16
11
16
28
11
3
2
5
3
3
9
5
11
8
19
12
24
24
25
19
19
13
13
19
22
19
15
10
5
5
4
6
2
5
6
4
6
7
14
11
17
15
22
16
17
17
22
20
18
14
6
9
5
3
3
11
6
5
11
6
10
14
20
16
27
12
12
25
9
22
19
21
16
10
7
8
3
7
5
4
8
2
1
8
7
12
13
20
11
7
9
22
14
13
8
18
11
5
5
3
4
6
7
1
4,4,11
2,2,10
5,5,13
5,5,16
79,79,14
16
2,2,25
197,197,15
323,323,16
140,140,25
169,169,25
161,161,26
213,213,20
203,203,20
299,299,20
389,389,14
959,959,12
409,409,11
545,545,16
815,815,12
138,138,5
759,759,15
844,844,7
465,465,9
373,373,17
367,367,7
83,83,12
80,80,13
86,86,13
44,44,27
407,407,31
611,611,31
787,787,22
640,640,34
726,726,32
865,865,20
835,835,38
750,750,6
765,765
784,784
829,829
826,826
743,743
775,775,1
312,312
126,126
130,130
2
1,6
21,8
7,4
5,11
22
26
6,24
20
6,6,26
4,4,31
10,10,12
1
10,10,7
35,35,21
30,30,36
97,97,23
122,122,19
152,152,8
12
8
8
8
5
9
11
202,202,16
55,55,13
8,8,17
8,8,13
20
23
72,72,29
22,22,24
57,57,26
171,171,39
359,359,26
320,320,37
341,341,31
339,339,30
313,313,39
268,268,20
90,90,8
9
4
5
9
6
7
34,34,16
1,1,8
1,1,13
2,2,8
1,1,22
30
21
18
20
1,1,24
22
22
20
1,1,17
22
34
1,1,21
9
9
8
3
6
7
10
11
12
9
14
9,9,13
27
21
28
40
17
34
21
23
35
21
23
16
147,147,20
160,160,12
180,180,3
120,120,12
110,110,9
13,13,15
12,12,8
6,6,9
7
51,51,10
209,209,9
258,258,14
8,1,14
30,16
27
17
3
19
30
8
29
336
1033
1086
1047
987
545
587
243
33
18
10
28
32
29
22
29
19
5
2
2
3
2
6
3
6
7
19
10
14
11
3
20
25
27
37
30
47
18
29
29
22
19
10
17
7
10
7
5
17
12
7
14
9
7
27
21
20
26
25
37
37
29
37
19
26
14
15
12
8
7
3
11
7
16
11
12
8
19
18
14
30
22
27
27
25
21
29
17
17
15
7
7
9
6
5
7
11
8
17
14
7
1
6
14
15
3
1
2
14
27
4
8
22
14
10
16
13
12
15
13
28
36
5
32
1
25
40
42
33
27
21
21
20
17
9
11
9
13
9
13
15
10
18
11
20
36
36
26
17
20
1
9
21
22
14
29
20
6
1
2
4
13
12
3
8
11
10
9
22
22
24
26
33
21
26
26
20
27
20
35
19
12
10
11
11
8
11
5
7
11
15
20
19
21
25
29
19
30
25
21
22
26
14
29
16
9
22
11
13
12
11
11
6
18
13
16
8
4
17
21
26
45
34
32
36
24
9
6
6
5
8
7
10
6
10
15
25
21
31
25
25
25
26
30
22
24
16
5
4
5
13
6
5
17
10
10
15
15
23
32
36
24
24
24
24
24
19
23
18
21
14
21
13
7
9
14
5
2
5
10
11
12
23
30
29
37
39
27
33
30
33
12
31
20
25
17
10
13
15
7
9
8
7
10
14
14
21
36
35
28
17
6
1
14
26
14
21
15
10
14
10
12
10
9
9
7
6
11
10
18
18
25
7
15
22
25
24
15
23
17
31
25
17
21
11
8
13
11
14
15
3
15
15
25
37
8
15
3
1
7
29
20
30
36
20
12
8
16
16
12
7
12
10
12
6
19
22
35
34
23
16
22
22
22
17
20
30
22
26
9
17
11
5
8
7
14
11
10
11
11
17
22
32
27
36
33
13
36
15
24
21
9
19
19
11
18
5
5
10
10
3
13
19
25
13
25
16
4
4
1
7
9
7
9
8
14
13
6
15
25
29
34
36
36
21
35
33
29
34
22
32
45
40
27
15
16
14
7
9
10
8
6
14
18
28
36
34
21
20
42
31
34
29
28
30
29
22
16
24
15
10
11
13
10
5
14
33
32
32
34
22
29
19
32
30
26
30
30
21
17
14
10
20
5
4
9
6
7
6
10
8
20
29
35
18
15
26
30
32
18
28
28
20
16
21
13
16
5
9
15
5
14
2
14
10
27
27
25
28
27
30
29
27
34
30
26
17
21
18
11
21
9
9
5
2
12
1
19
19
20
32
5
16
28
28
27
23
30
23
15
25
20
22
21
15
11
2
12
30
31
27
23
35
31
26
28
31
20
20
21
20
8
4
8
5
4
13
8
13
14
10
20
6
8
19
22
26
28
7
32
35
25
20
11
6
5
5
8
8
7
12
8
18
29
10
21
9
6
19
23
29
34
23
14
14
21
8
15
5
9
7
8
5
9
12
15
13
25
24
3
10
13
29
23
14
17
16
18
19
23
20
14
12
12
10
7
7
6
1
12
13
5
19
17
20
32
32
29
18
29
20
17
20
19
15
14
7
8
7
10
15
14
7
17
27
34
6
22
23
26
24
22
2
17
14
3
4
6
29
36
18
22
18
15
7
4
5
5
4
2
16
29
18
2
4
26
15
21
17
19
16
17
9
4
6
7
6
5
11
7
16
21
22
27
27
25
15
22
34
26
25
24
22
20
20
13
10
14
10
6
8
5
8
4
11
11
20
12
1
16
21
31
26
30
21
22
16
13
11
16
10
10
15
6
7
5
9
7
18
19
33
15
20
29
29
30
25
35
21
24
15
19
10
14
11
11
5
6
2
2
8
17
24
19
24
14
10
26
24
31
19
24
28
8
1
1
8
7
9
2
16
11
18
23
25
32
24
15
23
20
13
20
23
21
14
19
15
8
10
9
5
2
1
8
10
10
14
18
28
29
18
21
22
21
2
5
9
8
9
11
8
9
7
13
23
28
28
13
16
8
17
23
23
17
19
16
17
10
6
3
5
8
4
7
9
7
20
18
20
18
13
25
28
25
34
30
28
28
20
20
18
10
9
6
6
6
7
8
8
17
28
22
29
20
16
19
13
22
30
29
25
18
3
3
12
17
14
8
2
13
16
5
14
23
21
24
12
16
12
24
27
23
26
23
20
10
12
12
18
17
13
3
14
26
23
20
22
13
9
20
27
27
22
19
9
8
14
11
14
7
6
7
5
5
7
10
11
16
18
14
21
16
9
15
16
23
5
15
21
13
16
18
12
13
14
8
8
2
8
14
14
15
15
14
17
14
24
20
28
32
23
31
24
36
16
15
10
18
16
6
11
3
4
10
10
23
19
7
27
26
12
13
17
10
24
18
29
18
17
14
7
9
7
9
1
10
6
7
14
13
20
1
3
4
18
10
29
24
25
34
18
24
14
15
6
5
6
10
9
8
12
13
19
8
1
1
4
17
15
35
38
29
22
26
18
23
10
24
10
13
5
2
5
6
9
11
14
15
23
26
24
22
13
31
27
14
4
19
16
18
13
17
14
11
6
3
4
6
8
12
21
19
16
18
9
27
18
9
9
26
20
26
14
18
23
20
16
8
11
4
8
6
11
14
18
24
40
15
30
29
23
31
30
30
21
25
18
15
2
1
2
8
5
6
4
7
7
8
14
16
21
15
15
23
15
16
22
17
18
17
16
8
13
10
2
13
7
6
8
3
8
14
15
20
25
17
17
18
17
25
20
11
8
16
16
11
14
8
4
5
5
6
5
4
14
24
20
25
29
21
20
34
26
27
37
29
33
27
1
1
9
6
2
2
12
7
13
7
17
18
19
17
10
16
25
22
37
21
21
14
14
12
9
2
2
1
2
4
8
13
11
20
9
17
9
10
8
12
17
8
8
13
14
7
5
5
2
4
9
10
4
14
17
9
23
15
31
26
17
21
19
30
34
36
20
3
9
15
13
19
8
10
6
9
8
7
16
17
34
38
32
33
29
26
30
38
34
38
35
29
21
8
21
11
7
14
20
7
10
10
15
1
11
22
27
26
24
17
25
20
36
27
26
32
21
28
17
10
7
7
8
4
4
10
12
18
18
36
24
1
24
32
15
21
23
26
25
31
24
24
16
6
15
9
12
21
4
13
9
11
5
13
17
35
48
29
15
27
32
30
23
36
38
28
3
14
17
10
14
15
16
11
8
6
18
18
37
47
31
38
38
39
12
8
37
28
16
27
11
14
12
7
5
12
13
13
5
7
16
16
21
31
24
21
20
26
27
23
18
22
18
6
10
10
12
7
6
10
11
13
5
13
18
20
28
25
25
24
11
26
24
24
29
11
31
8
1
7
10
5
3
7
7
11
18
13
31
23
31
25
30
26
33
42
35
32
19
13
14
11
14
2
8
5
10
12
2
9
28
27
46
34
19
45
24
28
32
39
32
25
27
12
16
15
10
5
10
2
8
16
15
34
31
41
32
31
32
32
21
31
24
24
28
12
18
17
11
9
18
2
5
3
20
17
16
22
24
36
33
23
40
35
33
24
23
33
32
19
18
10
18
12
17
15
4
8
13
10
6
28
27
22
43
28
23
25
25
30
22
30
24
28
10
17
12
3
3
8
7
1
14
12
22
28
52
46
24
19
16
25
34
33
21
33
25
25
17
9
9
11
13
5
3
10
7
16
32
50
67
67
55
45
13
25
36
38
15
15
29
19
20
12
5
8
1
1
4
10
12
14
49
51
69
100
87
41
24
21
19
28
40
50
44
41
29
15
20
11
11
1
14
23
41
70
79
91
113
77
25
26
53
61
52
48
44
57
28
21
7
9
5
8
9
16
32
43
50
54
20
82
73
59
39
23
23
46
30
37
31
17
14
4
2
10
12
11
3
7
11
17
26
26
22
36
38
11
12
29
26
36
24
26
22
16
23
16
11
9
6
5
6
2
8
10
4
13
36
29
19
17
17
36
27
29
29
28
19
19
15
12
15
13
9
7
5
12
10
6
10
18
28
21
33
27
31
29
34
24
34
38
17
2
14
17
22
16
24
13
21
25
24
25
24
22
20
36
19
17
15
10
8
13
9
1
3
12
8
16
26
23
25
17
15
31
23
35
19
22
17
19
10
14
13
10
7
7
5
10
11
12
14
26
12
18
1
19
20
26
28
17
24
22
17
14
14
23
8
15
13
10
15
6
8
6
18
30
16
10
25
25
19
31
25
20
12
18
16
6
12
10
22
12
6
11
7
10
11
11
16
15
20
20
52
51
40
21
18
39
22
25
22
19
14
10
14
9
4
6
4
4
3
6
16
12
6
12
13
9
28
31
22
22
32
14
19
10
12
7
17
12
16
12
4
10
8
18
4
20
17
25
28
22
23
25
23
26
17
33
12
17
18
9
7
7
7
9
1
3
16
11
8
4
24
24
21
19
13
28
33
26
22
17
21
10
19
11
16
13
11
14
6
8
9
11
9
13
9
18
6
12
29
24
16
20
19
19
11
6
13
8
4
6
5
7
3
10
8
14
8
17
16
10
28
18
20
30
18
21
19
16
12
13
4
8
6
6
6
7
4
3
5
10
8
14
15
19
26
18
16
25
22
11
19
8
6
11
10
1
9
12
5
3
6
6
8
15
3
11
13
17
22
25
18
37
30
31
17
12
8
6
15
3
4
10
4
7
8
8
8
16
15
21
5
17
26
15
4
11
11
16
19
19
13
7
11
10
3
6
4
7
2
6
9
5
7
12
22
17
28
9
17
21
38
31
26
21
19
6
9
14
9
8
10
4
10
6
14
10
17
14
1
24
40
11
14
31
29
29
42
39
24
17
15
10
16
14
10
10
15
7
19
14
19
27
52
22
59
49
56
21
47
64
49
30
10
10
11
15
11
1
11
17
13
14
8
15
9
20
32
21
35
34
29
22
42
28
34
13
3
12
11
10
11
8
8
8
10
5
11
12
16
11
23
20
23
34
35
15
6
15
8
11
4
13
6
13
6
6
2
2
6
9
8
23
20
7
21
30
24
29
41
47
20
30
15
14
11
15
8
6
4
8
4
7
11
6
11
16
28
16
28
43
22
39
23
24
26
22
15
15
14
11
2
6
10
10
2
8
9
11
9
11
25
18
22
32
24
26
15
12
17
10
9
13
10
13
10
6
10
7
5
8
5
3
12
12
18
23
22
20
27
33
32
19
17
7
13
12
8
16
8
5
3
8
8
12
11
16
23
5
1
32
30
40
32
39
36
22
12
18
10
20
13
7
10
11
10
8
8
12
9
16
9
22
28
36
26
33
28
25
20
4
13
6
25
9
9
12
9
6
8
3
9
10
2
11
18
15
13
20
17
18
28
13
22
18
16
10
11
9
9
7
7
9
7
4
1
16
10
13
5
19
15
15
23
29
37
33
18
16
15
8
11
8
11
7
8
10
8
6
9
5
2
25
26
14
23
22
21
42
37
26
20
17
7
25
22
16
16
14
13
5
3
6
14
9
21
13
21
26
30
34
39
3
28
23
5
13
15
28
12
4
6
3
11
8
13
2
3
14
15
8
20
21
15
28
30
17
13
10
8
6
2
6
1
2
2
7
3
4
8
7
11
13
15
7
17
14
27
24
31
20
8
8
7
8
4
5
4
4
2
4
11
7
12
2
10
20
5
10
29
32
18
12
11
11
5
10
9
4
6
9
8
6
3
6
5
11
7
17
20
22
18
20
15
22
15
24
9
8
7
4
8
7
3
2
6
10
11
14
6
8
24
19
26
28
27
17
2
12
3
6
7
4
3
6
2
5
5
6
1
12
12
15
19
14
11
19
19
24
17
14
14
14
7
7
3
3
3
3
6
2
7
6
8
12
15
16
9
19
21
23
20
23
12
16
8
8
10
8
1
4
1
5
3
8
7
7
3
15
11
7
23
12
11
21
9
11
7
1
3
7
3
6
6
6
9
10
7
10
8
12
15
15
4
2
16
8
14
17
22
11
9
12
11
9
5
5
3
6
5
10
6
6
14
15
14
12
15
10
21
23
18
17
12
8
8
8
10
4
7
3
1
1
5
6
9
13
15
15
1
18
20
18
25
19
12
20
11
7
9
8
5
4
4
5
1
2
5
6
10
5
16
16
19
13
16
21
15
7
12
5
9
5
2
5
4
3
2
1
4
7
1
10
8
17
12
12
20
24
23
16
10
6
16
10
7
7
3
2
5
4
2
2
7
6
9
5
14
18
16
14
23
29
10
16
17
15
9
18
8
14
5
7
2
3
4
4
11
7
9
11
10
17
15
16
14
28
29
19
14
14
9
8
10
15
19
15
14
12
4
8
12
11
10
9
5
4
6
1
7
6
7
8
11
16
10
24
15
5
22
14
28
18
16
12
5
9
5
11
12
3
2
4
6
14
8
13
13
14
27
19
11
18
22
16
11
8
10
9
1
10
2
3
4
7
2
9
9
20
15
3
12
16
13
9
9
15
6
11
15
9
5
4
3
5
3
5
4
6
10
17
18
7
5
20
15
14
13
16
6
9
12
23
5
6
2
2
4
4
1
2
6
11
13
17
17
14
4
17
19
11
12
1
2
4
3
3
8
10
2
4
3
4
3
6
7
4
11
7
7
3
3
8
4
2
2
3
4
1
4
10
10
16
18
15
23
16
15
15
7
11
10
5
6
8
7
9
3
4
1
4
2
5
3
8
11
14
15
14
13
11
17
10
5
5
5
1
4
6
6
6
2
4
7
8
8
11
3
13
11
21
24
15
23
23
18
12
9
5
6
6
7
8
10
6
6
9
7
14
10
11
16
20
21
13
8
23
15
9
12
7
5
2
3
3
2
2
1
1
1
6
7
10
7
8
19
17
24
10
9
17
21
13
10
8
8
3
4
5
9
3
2
2
1
2
6
7
7
5
9
2
11
14
26
16
5
13
5
6
9
5
4
4
2
2
3
11
9
8
14
5
13
19
18
3
9
11
11
5
8
6
5
5
1
4
2
3
3
5
11
16
7
13
19
15
14
11
14
9
9
5
7
4
3
4
2
1
4
6
2
8
4
10
21
8
9
20
12
12
7
9
3
4
5
2
3
2
1
1
1
2
2
5
8
7
16
15
1
3
10
24
11
10
10
11
12
7
7
2
7
12
4
3
2
4
5
3
6
7
9
13
15
5
13
10
12
12
10
12
8
6
8
5
9
5
5
5
7
5
11
9
9
15
5
5
19
8
8
14
15
12
8
6
7
3
4
2
1
6
6
3
4
10
3
11
23
13
13
6
21
16
11
15
9
6
3
8
5
6
1
7
1
2
3
2
5
15
17
20
17
22
21
11
17
23
17
14
10
8
12
10
8
12
3
7
3
1
3
4
9
10
19
5
13
18
26
13
24
19
12
17
11
17
9
6
5
1
3
7
4
6
12
10
3
8
27
24
19
15
11
20
16
10
13
14
5
2
5
5
8
7
5
3
11
18
14
15
19
23
19
24
22
23
13
22
11
4
10
11
8
7
5
1
4
7
3
2
5
9
8
7
19
18
20
15
24
23
14
14
9
7
10
4
10
9
4
2
9
5
1
5
9
15
15
21
19
23
18
27
35
17
14
10
9
11
8
1
3
7
5
9
2
5
8
6
7
8
14
19
16
16
17
30
14
20
18
18
15
10
12
11
7
8
3
5
1
2
6
4
4
7
9
13
4
13
15
11
15
18
15
4
10
11
8
6
20
19
25
25
23
18
11
18
23
15
4
8
6
8
5
4
2
8
4
8
20
12
8
20
13
17
20
28
33
22
13
9
11
10
6
10
11
4
8
1
3
3
4
9
7
21
12
23
9
30
25
19
12
13
10
10
15
9
11
11
6
7
7
3
2
6
5
8
9
16
18
20
23
24
27
18
23
27
15
15
10
16
10
11
11
2
2
7
5
7
7
8
8
30
21
19
22
18
21
13
23
16
8
18
16
14
9
6
6
3
1
1
3
4
4
9
13
15
18
14
23
25
16
32
16
9
9
10
4
8
3
4
4
4
6
3
8
8
10
11
21
21
15
24
16
25
26
28
23
18
19
17
13
10
4
8
7
4
2
3
5
8
9
4
14
19
20
17
34
23
23
15
11
5
9
5
3
3
6
6
4
3
2
1
5
6
15
6
18
12
13
21
14
19
25
12
11
8
13
7
7
9
6
7
3
5
2
4
7
5
14
6
14
14
20
16
12
13
15
17
16
15
6
9
5
3
2
6
2
7
8
4
9
12
15
11
20
19
25
14
15
24
10
15
9
15
4
4
3
2
1
7
4
5
6
5
6
18
24
8
10
28
21
28
17
11
16
12
7
7
6
9
6
4
1
4
2
3
9
6
3
16
14
19
21
14
23
14
15
14
11
7
15
8
7
5
7
5
5
2
4
4
7
8
15
7
10
17
17
18
24
20
20
16
17
11
12
7
8
9
5
11
4
3
1
4
6
5
11
16
17
16
11
21
23
19
18
16
14
14
14
8
8
6
2
11
5
3
6
7
9
11
7
7
17
16
11
11
19
13
11
10
9
12
16
17
4
6
6
3
2
3
5
4
3
9
15
15
11
18
18
29
25
16
14
7
14
17
7
4
4
2
2
4
7
5
7
7
10
8
25
24
23
28
25
16
24
9
11
13
14
9
3
6
4
4
5
1
5
6
8
6
7
27
7
10
15
11
20
18
25
16
16
14
15
6
9
5
6
3
4
3
2
8
3
5
4
10
6
17
16
18
17
26
12
19
10
10
11
5
2
3
5
2
4
6
10
17
19
14
14
20
17
19
19
13
16
16
13
10
6
5
6
3
4
3
7
6
8
9
14
14
11
29
32
19
19
27
26
24
19
15
10
17
11
4
5
4
1
9
6
8
5
10
8
13
19
20
14
23
22
13
15
16
17
19
15
8
6
4
7
4
2
2
5
9
6
12
19
14
20
14
22
23
27
19
22
25
21
17
19
14
9
3
6
3
3
5
3
5
6
9
3
13
16
22
26
21
34
20
23
14
14
12
14
15
14
7
5
7
4
3
2
4
3
7
10
21
24
13
23
36
31
23
31
24
17
16
12
9
3
8
4
3
8
5
4
8
8
7
8
17
16
29
25
33
28
20
22
15
16
12
14
14
9
6
5
6
5
3
2
2
9
11
4
14
17
23
23
15
19
18
13
14
21
7
8
10
10
6
7
11
4
6
3
2
8
10
20
22
23
20
24
19
23
14
16
18
13
13
11
10
3
6
4
3
2
3
4
5
9
13
11
20
19
22
25
20
15
18
22
14
10
9
7
3
5
4
2
4
1
4
6
3
5
7
14
20
21
29
21
19
16
12
6
9
8
7
28
25
16
19
14
10
15
12
9
10
5
6
5
3
3
3
4
4
3
5
1
6
12
11
7
19
15
10
14
4
6
6
22
12
8
10
8
4
5
6
2
6
6
5
8
7
9
15
21
23
23
26
19
19
17
17
9
12
11
5
8
4
6
9
4
4
1
5
11
11
15
12
15
14
20
12
12
19
15
14
14
17
15
7
8
3
8
8
8
2
1
6
11
10
1
23
15
20
26
31
28
17
21
20
18
13
9
3
7
5
4
2
3
6
3
11
18
17
16
19
25
26
29
30
27
18
22
21
19
9
7
7
5
4
6
3
4
6
4
7
8
9
14
23
21
25
35
38
22
21
21
16
24
7
9
7
3
4
3
2
5
4
14
14
15
23
31
28
41
44
30
19
15
22
12
9
3
2
4
2
6
4
2
3
6
8
5
5
18
5
8
30
22
23
16
19
10
13
13
6
3
4
4
1
1
5
1
4
2
9
10
16
27
15
22
19
28
15
12
18
17
17
12
10
5
6
3
2
3
2
6
5
6
5
9
16
22
20
24
15
12
30
18
16
18
22
14
6
5
5
5
7
8
5
5
8
2
11
9
16
16
21
33
25
30
28
20
25
17
10
8
6
4
7
4
6
3
4
3
6
5
6
18
1
22
25
28
30
21
19
13
21
12
11
16
7
4
4
2
2
2
3
6
7
10
11
9
12
24
46
35
52
38
32
25
30
24
12
14
6
5
2
5
4
7
2
5
3
9
9
22
24
26
27
35
28
23
21
15
19
26
15
11
1
8
3
3
6
3
4
9
11
6
12
15
24
25
38
34
40
42
33
21
26
20
14
8
9
5
2
7
4
2
3
4
5
5
9
23
18
42
47
36
31
38
18
15
20
18
13
9
7
4
2
3
5
7
5
7
7
7
7
12
23
17
21
27
36
37
27
13
16
22
13
8
4
2
3
1
3
2
1
2
7
5
9
22
27
17
35
20
35
29
18
13
19
20
16
7
1
3
4
3
2
2
4
3
11
5
10
12
25
30
17
26
25
22
15
14
9
16
7
2
3
2
8
2
2
2
6
7
9
11
18
26
33
22
28
23
25
23
10
17
17
12
11
7
5
2
3
4
3
2
9
3
4
15
18
30
27
32
42
35
30
28
13
18
23
10
7
8
7
7
8
4
3
6
2
4
7
11
17
19
32
47
21
41
27
21
30
25
20
20
13
6
2
1
2
4
3
5
6
12
12
15
25
22
29
20
23
34
17
20
17
14
10
15
4
6
3
3
1
1
4
7
8
10
19
21
21
32
27
26
33
26
15
16
20
8
10
6
7
4
5
6
4
4
2
3
7
9
9
6
38
33
19
19
24
14
19
18
17
20
12
11
7
7
7
3
9
5
7
4
8
12
12
23
22
23
16
24
28
16
18
16
10
7
11
11
7
9
3
4
8
3
5
10
8
18
25
34
37
22
31
11
20
19
27
10
9
8
8
3
6
8
2
3
6
5
3
4
7
7
12
8
6
9
18
12
14
20
17
17
16
12
7
12
3
10
2
4
2
6
6
8
7
18
14
27
21
27
21
30
24
16
18
14
23
12
30
25
30
17
21
27
28
36
23
10
8
9
6
4
1
2
2
4
6
13
8
21
23
25
23
17
31
17
11
27
19
25
15
8
10
5
3
6
8
4
3
9
4
13
18
35
29
20
20
23
21
22
8
1
6
7
3
6
6
3
7
18
15
43
23
32
22
22
26
38
31
23
25
5
6
4
8
1
3
3
6
4
9
10
14
21
23
23
16
22
38
27
34
26
22
16
12
9
5
8
7
5
4
8
3
11
5
8
22
13
24
32
37
24
30
29
28
38
27
20
23
11
7
3
3
6
4
2
2
4
8
7
15
19
22
33
30
26
28
37
39
38
15
16
20
6
4
4
7
6
2
2
5
2
10
7
12
13
27
24
24
28
33
20
25
25
19
20
12
8
6
4
6
4
3
1
6
6
10
11
12
13
25
29
27
27
26
22
30
36
17
24
18
1
5
5
7
2
2
2
3
6
14
15
14
22
20
26
28
31
27
30
29
25
22
19
13
4
2
5
1
3
6
1
3
5
9
7
10
17
20
34
22
30
31
23
18
23
31
17
8
2
2
4
6
5
2
2
5
6
7
19
23
16
29
28
39
35
34
28
28
30
19
20
9
7
6
2
2
8
4
3
5
9
3
16
21
23
15
27
16
16
29
26
19
26
14
15
3
4
5
7
2
3
3
6
3
9
4
16
23
27
26
29
22
21
1
21
26
23
16
21
11
11
5
3
4
4
3
3
3
2
2
1
6
12
3
11
15
28
18
28
15
18
28
17
24
21
12
4
6
5
3
6
3
2
1
8
4
6
12
17
24
25
16
14
19
19
25
31
24
17
7
2
6
2
4
3
3
2
8
2
11
21
24
20
4
11
17
24
23
20
12
10
3
3
3
3
5
4
9
1
5
9
9
20
20
15
11
15
15
18
29
22
22
21
18
7
4
4
3
5
2
2
2
8
7
9
12
10
9
16
17
21
17
17
13
24
14
16
9
8
15
1
1
5
6
3
8
4
4
4
15
17
18
18
21
29
42
27
30
13
31
30
20
9
4
4
2
4
8
4
11
6
6
4
15
17
18
33
23
26
34
23
29
21
25
29
22
6
6
2
2
3
2
3
5
2
6
5
16
18
16
19
22
17
23
22
11
18
11
2
4
3
5
4
2
2
3
7
8
13
18
15
34
32
25
20
25
27
17
17
23
10
8
4
11
3
2
4
3
5
8
6
9
12
19
16
3
2
3
2
3
5
11
15
18
15
21
15
17
17
22
21
16
28
28
18
7
4
2
4
1
2
5
3
2
7
9
5
18
17
25
14
22
32
25
18
29
25
17
14
8
4
1
3
1
3
1
8
8
8
3
9
10
11
17
21
18
26
10
17
23
11
8
3
1
2
3
6
1
2
5
5
4
16
12
15
27
21
19
28
18
29
22
23
36
14
8
2
1
2
4
3
7
2
3
2
7
8
11
11
18
23
18
16
25
43
25
32
20
9
6
28
21
22
25
31
37
37
29
22
13
7
3
1
2
6
6
5
7
4
13
19
18
14
17
29
32
22
26
21
37
36
34
29
18
11
6
3
8
14
12
6
9
6
6
3
14
25
13
18
24
28
26
27
26
37
20
20
16
4
1
3
2
4
7
5
8
13
4
8
18
30
33
24
25
30
31
31
29
39
46
25
7
1
3
4
9
8
9
8
13
8
21
21
21
31
33
30
21
1
2
7
5
3
5
2
10
4
12
6
5
6
3
1
2
1
4
28
31
24
35
42
34
41
47
55
30
14
4
3
1
3
4
6
8
8
6
8
5
8
15
15
21
34
32
37
31
37
56
35
36
29
9
2
1
1
9
6
12
5
10
4
11
16
17
18
16
14
6
28
44
47
59
59
56
33
11
10
3
2
4
5
5
13
11
3
14
17
18
31
49
40
39
48
36
52
50
31
26
19
4
3
4
3
4
8
8
7
3
4
6
12
28
28
29
32
44
36
33
47
35
30
16
12
5
3
4
4
4
10
12
10
12
7
12
18
12
20
26
21
36
40
33
38
45
39
21
9
2
1
4
1
6
3
7
7
5
15
11
18
14
28
25
23
27
17
23
36
30
46
29
17
5
5
6
4
4
5
6
2
6
12
11
21
27
29
30
27
31
28
34
36
36
35
15
7
8
6
3
5
9
5
3
9
8
8
16
21
20
23
39
29
29
31
43
47
25
18
16
11
1
1
4
2
6
5
8
12
10
6
10
4
20
19
25
24
26
28
3
2
3
1
3
8
4
1
15
6
8
15
11
16
34
32
38
32
34
33
34
26
33
31
10
6
3
7
3
2
4
5
9
12
9
11
13
19
37
13
1
2
2
2
9
33
12
1
6
14
2
2
4
19
5
2
1
4
3
6
6
6
8
16
21
16
30
34
31
42
32
31
26
34
45
32
26
16
5
4
3
7
4
1
5
7
14
9
29
20
32
42
37
28
30
35
41
24
23
24
24
9
6
4
3
5
2
6
6
7
19
17
33
52
47
34
32
32
36
41
49
27
20
24
26
29
27
31
29
49
34
38
16
6
7
4
3
4
1
4
9
4
9
1
11
19
22
37
27
30
25
35
27
23
21
22
13
6
3
3
3
3
7
1
7
4
2
6
10
11
20
5
20
27
31
28
31
32
19
20
18
7
7
3
3
4
4
1
1
3
5
7
16
15
13
21
11
22
21
21
19
19
18
12
17
10
4
3
3
9
1
4
7
5
7
10
8
11
20
11
25
17
21
16
21
20
17
13
7
6
4
5
1
6
7
7
6
9
9
11
10
19
38
45
29
30
5
1
12
19
10
9
8
9
4
2
4
2
5
6
8
11
6
26
20
28
28
39
28
30
22
25
25
23
15
9
9
6
2
8
6
5
5
6
5
11
26
18
19
28
41
34
39
29
24
29
29
18
20
11
9
6
2
3
9
3
6
6
6
9
9
24
17
24
31
33
32
29
26
19
19
26
12
12
5
6
7
1
4
4
5
2
8
11
14
15
20
35
29
17
6
20
8
17
27
23
19
28
15
6
1
2
6
2
6
4
6
8
13
18
28
30
30
31
25
30
15
29
23
22
19
18
20
6
7
4
4
6
8
8
3
12
3
13
13
22
17
33
26
21
38
28
18
12
19
5
1
7
5
10
5
3
3
6
9
6
11
13
11
25
30
27
36
19
33
20
24
17
18
11
6
8
3
2
4
5
9
3
5
14
6
14
17
21
26
20
24
22
21
23
16
23
11
22
13
6
1
5
2
5
4
11
8
7
18
23
20
17
31
36
28
29
26
23
21
22
23
25
12
9
7
3
4
6
8
4
6
11
14
21
20
15
25
40
41
36
29
20
34
32
23
14
10
8
6
7
16
7
3
9
4
4
12
19
19
36
25
29
31
26
22
28
15
16
17
15
22
10
3
9
4
8
2
8
5
11
10
18
30
38
38
40
37
28
28
25
15
17
15
10
11
5
5
4
4
6
3
6
3
17
22
20
38
47
44
32
31
30
23
26
18
11
13
18
5
14
3
3
6
9
8
1
7
5
13
16
15
30
34
24
25
24
21
18
11
7
12
7
11
5
4
3
1
5
6
7
7
7
13
13
19
36
29
15
25
35
28
19
16
18
12
6
4
7
5
4
1
1
5
3
6
5
14
17
26
21
23
23
38
34
35
25
15
12
17
6
10
4
7
3
8
6
11
7
10
10
17
12
37
27
36
35
36
29
23
26
14
13
9
12
6
1
4
6
11
4
4
9
7
15
18
32
36
44
34
30
34
20
14
15
15
20
15
11
12
6
3
5
2
1
11
8
13
11
16
24
41
50
59
40
38
26
17
20
17
7
6
7
8
9
3
8
5
9
6
13
5
8
12
18
25
42
28
22
29
17
23
15
11
16
1
1
3
5
3
2
2
5
5
9
11
5
12
19
27
25
20
17
28
15
15
11
11
3
4
7
6
5
5
9
4
4
10
16
31
30
37
42
37
41
35
32
29
13
17
11
3
35
27
19
28
10
16
21
14
13
10
4
12
5
5
6
2
6
4
7
7
9
7
20
24
13
19
18
30
15
14
17
26
12
3
5
4
5
2
3
3
5
4
4
8
15
7
24
22
31
23
28
16
20
18
15
7
9
10
7
8
6
6
8
5
3
8
9
13
14
19
15
28
41
22
30
39
23
26
7
14
17
5
5
8
7
6
1
1
11
10
4
7
14
20
31
23
12
20
15
12
17
13
6
5
8
7
4
6
3
3
3
6
5
5
6
14
20
20
25
31
27
14
19
22
12
22
22
8
16
14
4
6
5
3
4
4
4
6
10
6
26
19
32
28
33
28
23
20
16
20
34
18
9
10
9
5
7
8
9
9
12
12
19
14
4,12
6,29
26,30
19,25
31,42
22,38
31,23
34,24
31,22
22,26
26,23
16,25
16,15
14,7
16,23
6,8
10,3
11,10
10,5
8,5
10,6
12,5
5,12
15,10
16,13
19,21
27,31
29,25
34,21
27,11
20,27
26,16
15,11
21,27
23,20
20,12
17,11
13,17
11,3
12,7
13,6
13,8
10,2
6,8
14,11
9,9
12,8
14,11
17,13
20
13,11
18,18
21,11
35,24
25,16
16,14
29,11
24,17
21,8
19,12
24,11
20,6
21,9
20,4
16,9
9,6
7,1
12,4
13,5
20,7
9,10
17,14
24,12
18,15
17,18
24,15
24,34
24,20
27,15
35
81,12
25,14
31,21
44,19
24,28
21,14
15,7
23,5
25,4
22,13
15,5
15,27
17,11
12,7
18,10
22,13
20,23
28
50,30
26,27
25,36
33,29
43,29
53,24
52,24
60,30
23,23
29,21
25,18
25,9
21,16
9
52,5
25,6
13,14
16,9
23,9
19
56,14
20,32
29,25
42,31
52,48
52
110,44
72,67
74,57
80,58
86,60
26
125,34
61,19
31,21
37,31
31,12
8
56,11
23,10
21,10
18,13
17,7
7
30,8
29,5
24,17
19,37
38,29
22
77,47
52,55
54,55
54,49
43,38
44
78,20
33,12
33,17
35,11
34,7
7
34,10
13,11
19,4
13,9
13,15
13
27,8
11,5
24,23
24,37
25,33
28
60,42
28,31
28,32
27,36
28,25
18
51,19
17,24
30,17
25,8
15,3
5
35,7
13,9
12,10
13,7
8,7
7
30,13
15,9
20,17
23,18
25,26
42
45,28
25,28
24,23
29,25
18,26
26
53,19
22,23
27
17
17
36
6
11
11
11
32
25
17
16
25
36
28
23
21
25
28
19
25
17
24
25
13
14
11
13
17
18
17
21
18
36
19
14
26
25
28
18
18
16
15
18
11
10
9
7
31
19
20
31
21
38
26
20
21
23
56
20
22
21
12
33
11
16
22
16
28
20
14
13
22
46
9
24
26
19
39
31
27
14,1
15,7
2
32,9
10,2
12,7
11,3
6,6
8
20,6
12,15
19,22
19,19
16,23
30
25,28
20,31
19,20
18,30
18,14
8
31,12
13,12
13,6
18,7
20,5
10
24,8
10,9
13,10
11,9
5,6
4
22,9
18,11
20,18
22,27
17,18
33
30,32
21,22
18,18
11,21
22,22
15
36,24
23,12
17,7
9,10
13,8
6
29,7
16,2
12,7
16,8
15,5
18,12
13,12
16,18
17,22
25,19
18,14
20
48,21
19,24
28,25
11,14
16,14
17
44,14
22,9
24,10
12,11
21,15
4
18,9
12,12
13,7
16,5
16,8
6
29,12
7,7
9,10
15,20
20,15
23
38,22
18,23
21,14
14,9
8,18
28
41,19
11,15
21,10
7,4
11,11
10,5
11,3
10,3
4,1
9,7
11,8
12,12
15,8
10,6
8,12
18,15
12,16
16,15
18,23
14,31
26,16
11,21
10,13
24,16
19,18
14,13
18,11
27,9
13,5
8,8
12,9
7,5
9,6
21,3
14,5
8,10
28,11
20,1
19,12
10,10
13,26
12,16
24,19
14,17
15,19
13,15
15,15
22,12
13,18
14,10
15,13
17,5
13,7
16,8
7,7
11,7
13,5
7,8
11,12
13,3
6,7
22,13
12,16
13,17
16,11
15,11
12,13
22,12
20,16
13,22
21,19
14,17
18,16
18,28
14,13
13,9
11,10
10,7
16,5
12,6
14,11
6,4
10,7
20,5
11,5
15,8
11,20
15,21
18,18
17,19
15,16
17,10
8,18
19,23
12,20
15,11
16,26
14,12
8,15
13,9
10,3
14,5
5,4
5,5
9,3
10,3
10,3
8,7
17,4
17,10
15,8
15,10
15,13
22,14
18,14
18,24
10,18
26,35
19,25
12,23
17,20
19,15
22,14
17,3
20,4
9,10
9,2
11,9
9,1
11,6
10,4
10,2
26,5
18,9
13,21
17
16,24
15,18
19,13
27,22
18,7
24,13
28,9
23,15
18,16
17
32,12
20,6
17,7
11,6
12,10
13,11
7,6
12,8
13,6
17,11
17,8
18,5
10,15
11,18
16,18
14,14
21,24
25
19,7
10,20
22,23
17,7
16,9
8
14
17
12
13
17
9
3
6
8
6
12
23
4
1
1
1
10
3
37
37
32
25
28
25
28
13
19
25
17
6
4
8
3
17
25
39
25
37
33
24
20
26
22
16
19
15
16
9
6
3
6
9
7
13
6
10
13
16
21
31
39
27
26
40
38
19
25
20
29
15
15
13
11
12
9
14
11
8
9
7
14
15
23
24
30
32
23
23
27
29
23
16
18
14
9
7
9
5
9
10
12
7
9
9
12
22
21
29
24
35
19
23
24
29
19
10
21
17
15
9
7
11
20
6
5
9
10
6
13
17
18
29
27
18
30
28
30
12
26
26
16
17
26
8
12
10
10
5
8
7
11
10
10
9
26
31
19
17
28
22
20
23
18
13
19
15
6
4
8
7
3
6
7
3
5
6
8
23
15
27
27
19
33
24
23
20
19
13
16
11
4
14
8
2
7
5
7
9
4
9
19
13
22
28
27
21
16
28
27
36
8
21
21
34
10
14
5
5
3
4
7
10
8
12
12
12
14
32
22
13
26
17
32
29
25
20
23
18
11
13
11
7
3
12
11
8
14
15
14
22
26
16
27
40
28
28
29
22
27
15
25
23
12
14
10
12
11
10
23
13
10
7
13
16
15
21
24
22
24
24
25
22
18
13
12
12
7
4
6
8
8
7
3
14
11
11
16
15
23
19
15
27
33
21
23
17
20
19
21
9
16
7
6
7
10
12
11
12
6
7
20
18
28
25
16
28
14
36
30
25
21
24
9
7
8
9
6
4
6
3
3
8
14
16
17
29
23
18
11
13
24
27
28
18
27
20
13
6
7
8
10
9
5
12
4
8
6
11
15
16
22
13
22
25
15
16
14
16
13
18
13
19
11
9
11
5
6
13
7
7
6
13
13
11
18
33
29
33
15
25
29
18
19
19
25
19
20
5
9
10
10
18
12
15
11
9
13
18
25
21
26
15
15
22
15
17
13
21
15
12
13
8
11
9
5
8
6
5
7
14
22
23
1
27
40
23
32
32
32
23
29
21
16
4
2
7
9
7
2
6
4
4
9
14
17
22
20
19
17
31
26
15
20
17
30
15
14
14
17
8
11
10
3
4
4
3
10
16
13
17
17
16
15
18
16
28
12
14
17
17
13
9
12
10
11
3
4
7
8
4
12
16
12
22
14
15
17
10
23
16
21
20
20
10
23
6
10
7
2
9
2
3
2
4
5
8
15
16
13
8
19
21
29
25
26
22
19
15
19
9
10
2
3
5
7
19
7
13
15
10
4
16
10
10
13
20
18
8
5
5
12
14
11
10
4
2
10
3
11
13
11
12
8
8
18
11
6
17
17
18
22
8
8
9
1
3
4
6
5
2
9
13
12
10
21
16
5
19
19
16
11
18
27
24
12
12
6
1
2
5
5
5
6
17
9
14
12
15
16
19
18
20
16
18
12
9
11
13
9
3
5
6
8
7
5
7
9
12
6
12
12
14
22
26
21
24
16
10
24
18
13,11
12,14
16,15
28,16
18,17
24,14
12
17
20
16
8
15
9
7
6
6
2
1
13
6
14
12
13
13
5
12
17
18
12
13
13
17
18
19
6,8
10,6
15,8
14,5
10,9
11,8
14,4
15,2
19,13
14,1
13,10
13,9
12,13
21,21
11,14
25,11
21,18
22,18
18,7
21,16
18,18
24,15
22,3
18,14
22,15
14,8
23,7
13,4
13,8
10,7
8,6
9,3
15,6
17,12
14,10
7,17
20
20,15
19,6
15
22,18
14,16
28,16
28,15
22,24
18,29
17,31
11,15
18,10
12,7
6,4
8,5
13,6
20,2
10,2
14,4
9,6
12,17
20,9
16,17
17,17
13,4
8,16
18,13
20,9
12,18
13,17
17,13
15,20
15,15
15
23,12
15,6
12,5
12,4
13,11
12,9
11,4
8,5
14,7
10,5
15,6
9,13
14,22
20,23
13,25
15,13
13,21
11,24
13,30
21,16
22,14
22,26
22,28
20,18
9,11
15,10
16,10
15,6
3,5
14,7
9,3
12,4
7,3
13,6
10,15
27,7
10,11
11,12
11,20
15,12
15,12
15,16
13,17
10,16
23,31
24,18
12,10
13,22
8,14
15
10
1,7
12,6
10,9
12,5
10,5
15,9
21,2
8,5
15,10
17,15
15,15
10,26
11,32
12,25
18,27
11,30
30,30
23,19
12,18
24,10
14,18
18,13
16,17
17,8
10,3
10,4
11,5
11,7
4,2
6,4
10,7
16,11
23,8
24,14
20,20
18,14
7,16
14,13
8,14
15,13
13,15
9,15
19,13
17,17
18,17
21,15
9,12
14,4
12,2
11,7
8,3
10,4
7,2
10,2
13,9
24,6
13,5
11,22
18,17
20,8
14,13
14,13
20,17
13,7
17,8
16,15
24,11
28,12
17,9
21,7
15,5
11,10
18,2
8,7
6,3
14,4
14,3
12,3
7,3
14,7
10,12
15,19
20,14
9,10
11,18
17,9
20,22
18,26
14,19
20,21
22,11
12,9
10,14
20,11
17,9
8,1
12,5
11,4
10,5
14,7
16,3
11,2
8,5
15,17
13,12
12,15
14,17
12,15
15,15
12,11
17,15
17,12
13,16
19,18
14,10
16,10
9,8
19,14
9,14
12
14,3
19,3
8,1
14,3
10,8
12,3
12,7
11,8
19,13
13,12
9,20
21,11
14,11
12,6
20,22
13,21
17,33
16,17
13,15
21,16
12,12
17,8
24,7
13,6
9,6
10,2
13,2
13,8
6,3
7,4
12,8
9,7
19,6
19,26
12,24
15,17
20,18
22,10
16,13
17,10
19,28
25,16
13,11
22,20
22,7
15,5
20,7
16,18
10,11
14,6
7,5
15,7
10,11
15,11
11,12
15,9
19,17
17,23
12,18
15,27
15,26
16,31
20,27
20,29
17,21
21,26
19,36
21,25
18,14
20,13
13,15
8,10
20,9
13,15
14,11
13,5
14,7
8,11
11,9
17,11
9,25
16,25
21,30
17,32
13,30
23,29
17,25
20,30
16,21
12,8
16,24
16,20
29,21
10,13
17,13
19,8
10,6
6,7
9,9
12,3
12,4
19,10
15,4
20,13
18,11
12,22
16,23
10,27
6,6
18,18
22,23
17,31
10,30
14,30
15,25
19,25
9,14
20,16
10,9
11,7
9,11
7,4
13,7
7,4
10,6
6,4
18,7
13,11
12,26
10,10
14,15
17,20
16,12
20,15
12,15
11,28
18,17
22,11
12,15
24,11
15,8
13,4
10,8
18,6
5,8
5,6
5,18
4,8
10,9
12,5
9,8
17,10
10,13
13,29
9
10,18
22,29
10,30
18,28
20,31
17,25
13,22
25,32
19,14
10,14
14,10
9,4
8,12
10,15
5,11
7,4
13,5
9,5
14,3
13,10
17,13
11,9
11,22
15,29
16,24
13,16
18,25
20,32
21,18
20,23
19,25
17,20
21,12
10,21
9,13
17,11
12,10
13,15
10,12
10,7
9,8
12,6
4
29,17
19,15
16,24
16,29
15,37
12,29
14,36
20,35
18,35
21,38
18,31
16,22
12,33
16,31
7,22
20,14
12,13
12,12
11,5
8,5
11,5
12,11
14,4
9,6
19,5
12,7
13,20
12,18
13,21
8,32
10,29
14,45
11,28
21,39
13,36
15,25
5,25
13,15
11,16
18,23
10,10
16,7
8,13
10,9
11,9
9,4
8,7
12,3
7,3
12,13
13,20
17,28
14,26
12,29
12,26
15,30
24,44
25,30
18,12
16,28
16,22
14,16
15,4
15,2
12
13
11
10
14,1
15
14
10
12
12,1
12,18
22,30
21,18
9,22
19,19
14,16
17,30
21,20
19,19
16,19
18,18
14,16
15,11
20,23
11,9
16,9
14,9
10,5
10,2
6,6
20,4
12,6
16,9
18,9
20,16
19,22
23,18
18,18
24,18
25,21
24,27
23,18
18,13
17,19
21,18
9,16
9,18
14,16
18,7
10,7
15,5
15,5
10,2
9,8
10,4
9,3
13,5
15,12
14,13
16,18
18,20
17,14
10,21
11,18
15,24
13,27
16,39
14,19
25,25
16,21
12,30
16,21
16,10
14,5
11,4
8,6
8,3
13,5
10,9
15,3
7,5
13,14
19,7
18,12
15,16
12,30
10,13
17,14
19,27
10,19
18,26
17,25
29,14
14,20
18,13
20,17
16,4
14,5
11,7
7,7
10,5
9,10
7,6
4,4
8,10
8,7
17,23
19,17
13,18
15,17
19,12
16,15
22,21
16,13
26,13
21,19
17,14
18,17
11,4
22,10
16,11
12,12
9,10
8,6
13,6
9,2
7,7
13,7
13,1
13,9
18,10
10,18
19,28
22,21
19,17
19,16
13,14
18,24
8,30
9,18
15,16
21,14
10,19
14,13
7,7
12,6
7,2
12,8
13,2
3,2
10,7
13
9,12
13,10
19,10
16,22
17,24
17,17
22,6
11,15
21,28
20,24
13,28
16,20
23,22
13,16
15,19
12,11
5,13
16,6
9,5
10,5
6,1
14,7
12,3
13,4
15,4
23,9
14,16
21,15
20,14
12,16
11,12
17,11
19,12
11,14
13,14
22,25
25,14
22,17
21,21
19,11
12,7
15,6
12,6
4,5
8,4
9,3
7,6
3,5
6,13
14,6
25,18
32,15
13,19
18,34
18,22
12,16
12,35
22,32
10,20
17,13
14,14
17,6
10,9
7,9
5,5
11,6
11,9
7
33,4
15,4
12,5
24,9
19,13
16,16
18,19
8,12
12,15
17,23
15,21
15,22
10,29
18,27
14,21
13,13
11,15
11,14
13,11
10,5
10,5
10,4
6,4
7,3
8,5
9,3
9,10
10,8
16,10
17,17
21,30
12,16
16,11
12,21
12,24
16,24
22,23
13,22
19,16
17,12
18,17
14,15
16,5
13,3
16,5
8,3
10,4
9,2
6,2
8,6
6,10
10,7
20,11
15,27
18,20
13,21
15,14
15,18
10,18
8,21
21,16
13,19
8,15
18,12
14,31
10,7
4,15
16,10
15,4
10,7
9,3
8,4
8,3
11,13
13,9
19,19
19,16
19,16
21,47
15,23
13,24
22,6
12,29
14,28
17,26
27,28
14,20
6,22
5,16
19,5
11,15
13,4
8,2
13,7
8,4
6,4
15,5
12,6
11,10
15,10
16,15
19,30
29,25
23,21
15,15
21,19
24,24
18,10
19,17
16,13
29,14
18,17
15,13
14,8
12,3
15,4
9,6
12,7
10,1
4,4
16,5
14,3
20,5
21,10
44,19
21,24
21,30
24,23
19,12
9,12
17,10
20,11
11,12
18,17
13,14
12,15
8
10
7
20,3
5,3
11,5
10,4
10,4
7,6
19,6
13,10
20,14
15,22
23,27
19,16
9
15,9
21,13
17,21
20,14
20,12
23,13
20,28
11,20
21,10
16,11
16,9
20,4
10,3
11,3
14,7
9,5
11,4
7,4
9,4
11,8
20,18
23,22
15,16
18,10
10,18
19,9
9,17
16,27
21,26
8,12
11,10
16,14
14,15
18,10
12,8
17,16
6,10
10,7
13,5
2,4
12,4
18,10
19,7
11,14
22,17
20,11
14,28
19,18
15,11
21,12
20,13
19,23
20,22
10,11
18,13
19,20
17,7
10,4
18,7
13,10
14,6
4,9
17,7
12,3
7,3
12,9
13,7
23,14
25,20
17,18
23,13
16,16
18,15
14,9
12,16
14,17
15,18
16,13
11,14
13,18
13,15
9,14
10,12
9,5
14,1
13,4
6,4
7,2
14,2
7,15
15,14
16
20,7
21,18
15,12
23,16
10,14
10,12
9,13
18,21
18,14
24,7
10,14
18,7
14,10
21,7
9,8
11,4
6,3
12,4
14,6
8,1
5,5
13,10
20,10
21,10
17,8
18,15
17,16
16,16
13,18
12,18
16,7
13,8
14,16
15,16
15,19
15,17
14,13
10,10
15,10
13,5
9,4
10,7
9,3
8,2
7,3
12,10
10,6
15,7
8,19
20,27
17,36
17,26
16,11
19,20
11,20
15,21
10,11
17,19
8,20
20,15
17,14
13,13
7,5
7,7
8,6
10,6
8,4
10,7
20,6
12,13
13,13
15,18
16,21
20,25
21,32
18
14,14
13,21
21,25
18,22
15,28
15,27
8,14
20,14
10,13
13,12
13,8
10,13
6,8
6,6
8,8
7,4
10,8
9,6
15,4
13,15
17,13
16,15
11,17
17,12
17,13
14,10
16,15
11,14
23,14
15,16
11,15
5,10
14,13
13,8
13,4
8,10
5,12
10,8
12,9
5,7
7,11
11,4
11,12
18,13
9,19
19,25
23,30
18,18
17,2
13,18
11,28
14,45
12,15
17,25
17,23
14,27
12,21
22,16
9,18
10,10
16,10
8,6
10,7
6,5
13,9
13,3
16,12
16,9
15,18
22,14
20,18
15,12
15,11
15,20
12,21
19,12
13,15
17,12
22,9
12,13
17,5
13,10
12,4
6,5
9,2
18,3
9,4
9,6
13,6
15,6
9,6
12,10
20,10
7,16
17,22
14,28
10,20
5,23
19,29
14,33
21,20
16,20
13,19
19,17
14,25
13,28
11,8
11,10
8,20
4,8
5,7
12,6
9,3
9,6
11,7
14,22
16,16
18,15
11,17
15,16
15,19
16,16
20,20
23,38
20,22
19,17
24,13
12,17
18,33
18,19
13,15
16,10
8,8
10,6
10,6
8,7
8,12
5,9
11,16
13,16
17,18
17,24
10,15
11,20
16,19
13,20
19,24
13,11
15,18
15,17
14,13
13,16
16,9
21,24
13,17
19,9
5,8
10,6
7,9
7,7
9,8
11,7
11,11
9,20
9,19
8,17
18,17
9,20
8,13
9,22
16,30
8,28
13,31
15,28
16,15
22,14
13,20
7,16
12,7
12,6
12,12
5,4
8,5
7,5
11,4
8,5
15,6
11,9
8,14
21,19
6,9
15,16
9,14
8,6
13,22
11,14
10,26
12,19
17,15
13,10
14,12
25,8
10,13
7,4
6,1
5,2
4,5
7,2
5,5
8,7
13,5
11,2
14,11
11,4
11,15
8,11
12,6
11,14
23,14
13,19
16,16
16,13
19,12
17,16
14,17
11,25
15,20
6,13
9,8
6,3
5,1
5,8
6,7
5,4
11,9
14,13
11,20
12,19
14,28
11,23
9,15
8,18
11,16
21,21
17,31
14,27
15,16
12,25
16,12
11,23
13,12
10,10
10,3
12,12
11,7
12,10
4,9
7,11
5,12
11,18
9,10
13,27
9,20
13,20
8,30
9,19
16,28
12,16
13,38
12,28
9,29
8,19
11,17
9,13
10,15
6,15
13,9
6,7
14,6
6,8
15,6
5,3
4,5
15,12
11,15
1,26
13,18
16,14
12,34
9,24
10,19
17,23
10,22
12,28
17,28
8,18
9,19
7,26
9,11
4,6
9,7
6,11
7,5
8,4
11,6
11,12
6,10
14,12
16,21
12,17
15,13
11,12
14,15
10,10
16,28
13,24
13,35
16,20
10,19
16,23
9,11
14,21
11,9
14,9
12,11
7,10
4,7
1,3
11,10
7,9
9,6
15,5
8,22
11,26
13,21
10,24
14,19
12,21
13,26
15,26
15,33
11,34
12,34
19,22
8,14
13,12
7,6
6,17
9,14
12,6
7,5
11,10
7,5
14,6
4,10
9,10
10,13
15,8
13,13
7,15
11,12
15,16
17,23
18,22
16,25
11,20
7,13
14,10
10,11
9,16
13,10
11,10
4,10
10,13
13,8
10,5
2,7
10,5
17,7
13,7
14,14
20,15
13,15
17,19
16,19
18,26
22,11
15,23
13,14
16,14
16,21
16,12
7,14
4,11
12,7
9,4
11,4
3,7
8,3
16,6
13,7
15,8
17,19
21,28
18,20
10,21
11,13
15,18
21,23
19,27
25,32
9,29
18,25
26,22
15,20
15,12
11,10
9,11
6,9
7,4
8,9
11,5
8,14
5,7
12,7
13,16
16,20
9,17
10,20
7,12
8,11
10,21
14,32
14,19
10,26
14,22
16,24
12,25
15,16
13,15
22,9
6,11
10,7
10,4
10,5
6,8
8,14
8,10
7,7
15,22
14,19
7,24
16,41
16,44
13,17
13,26
21,32
12,32
19,27
9,34
21,32
12,27
19,24
9,10
11,16
7,10
9,8
6,8
8,8
10,14
6,6
4,11
12,13
15,24
10,22
17,28
22,35
17,31
9,12
22,25
4,21
16,38
14,39
18,29
10,19
17,13
15,11
8,14
14,14
12,6
11,6
10,11
5,6
5,2
10,11
6,9
10,11
17,8
11,20
16,18
25,16
5,18
13,14
10,27
12,30
16,20
10,39
18,34
18,16
17,23
20,10
10,15
14,13
15,4
9,16
10,9
7,7
5,5
8,5
4,3
8,10
11,9
13,10
16,20
13,10
21,9
9,14
17,12
17,15
10,17
11,18
14,16
18,9
14,12
13,6
14,8
6,11
11,6
8,4
8,4
11,2
9,4
5,5
7,8
13,12
14,7
12,8
13,22
12,19
15,20
22,12
13,10
17,14
9,21
15,16
17,20
13,15
14,9
13,12
16,7
16,6
8,8
8,11
6,7
5,7
6,5
7,3
11,6
13,7
15,20
16,27
19,31
16,31
12,39
10,30
10,24
20,31
12,33
17,38
20,35
14,23
15,25
7,18
7,18
7,6
11,7
6,9
7,10
3,8
7,6
8,5
4,9
11,14
8,16
14,26
9,37
23,38
19,26
16,25
10,26
18,23
11,35
13,25
14,12
19,19
8,22
14,17
8,21
14,6
13,8
11,9
15,11
4,8
7,7
6,5
7,13
9,10
14,20
16,25
20,27
19,32
18,18
10,24
9,16
16,17
23,17
20,21
11,22
18,25
13,20
11,21
7,11
6,22
13,6
10,7
11,6
7,6
8,6
4,8
5,8
9,7
16,27
25,31
19,41
21,45
17,45
18,34
16,26
21,22
29,30
19,34
13,29
21,26
17,24
19,21
9,32
7,16
11,8
5,4
14,3
10,5
6,7
4,10
8,11
18,17
24,39
25,49
30,84
31,74
38,2
33,64
13,27
20,21
37,22
32,28
28,31
24,31
19,41
21,31
14,39
11,21
9,13
7,7
8,5
8,11
4,4
4,5
15,12
17,22
39,65
61,64
53,97
76,119
75,113
55,75
25,26
40,27
41,43
41,46
30,57
34,41
35,47
48,44
23,32
10,18
8,13
8,3
5,6
5,2
10,4
6,8
20,15
27,22
34,51
52,47
73,86
111,86
121,93
87,44
54,15
39,15
49,46
39,34
38,35
26,22
25,27
23,31
16,19
9,19
11,6
7,5
3,5
6,1
7,1
8,1
7,1
12,3
17,6
25,17
11,23
8,24
18,25
21,24
16,25
22,28
9,19
12,26
16,29
23,23
11,31
15,20
13,16
14,11
9,14
19,7
6,10
5,8
4,5
8,8
6,9
4,10
13,19
15,24
16,22
17,21
9,29
7,19
19,29
13,27
13,17
16,14
13,31
13,19
11,23
11,15
14,15
16,19
10,10
7,2
10,4
7,5
7,7
4,6
6,9
10,6
8,17
7,26
5,25
10,22
12,28
14,16
8,14
11,10
15,27
11,20
17,16
12,19
12,24
8,16
22,10
8,10
9,10
14,11
10,6
7,8
11,9
3,4
8,4
9,2
6,11
10,12
14,16
10,13
9,16
18,15
21,13
10,11
12,15
8,5
9,9
8,6
8,11
11,10
7,8
8,8
20,12
11,11
7,6
9,8
2,2
8,5
6,11
10,8
7,9
11,20
12,20
11,12
14,10
9,13
11,16
11,2
13,11
12,15
11,23
10,18
14,21
8,21
12,16
15,11
7,9
10,9
7,4
6,1
5,4
11,6
3,4
4,4
12,7
6,14
12,11
9,10
14,15
8,14
12,16
8,30
15,33
17,24
18,19
13,28
9,15
13,12
11,9
11,9
10,12
12,11
9,9
4,6
5,5
6,6
10,7
14,12
10,10
11,14
13,22
11,24
14,10
8,24
11,19
8,26
8,36
9,30
16,19
9,25
8,28
13,13
15,12
12,20
13,14
13,20
5,9
5,7
11,6
5,5
7,3
5,7
12,10
16,17
9,17
9,20
10,14
7,21
5,17
11,18
17,14
15,22
15,28
21,34
17,23
12,29
15,11
7,17
9,11
8,11
6,8
5,10
6,12
2,7
10,5
12,5
8,17
8,15
10,22
8,14
11,16
11,15
9,16
10,15
11,20
11,19
8,22
9,10
12,14
7,12
5,10
14,7
12,11
9,13
10,10
5,7
7,14
8,5
3,4
14,5
9,8
13,15
10,14
13,22
7,14
11,17
11,15
16,21
20,28
12,19
15,16
8,16
10,18
14,18
4,13
7,19
8,18
7,9
10,4
7,3
5,9
8,6
2,8
5,10
5,13
10,6
5,13
12,16
6,15
7,8
9,13
8,15
12,13
8,10
14,16
10,7
13,11
20,11
11,13
10,17
10,8
8,11
7,5
5,3
6,11
8,4
5,7
8,5
6,11
7,10
10,10
10,10
15,12
8,11
13,17
15,8
3,19
15,20
7,13
19,12
8,14
10,6
12,6
7,5
10,11
11,6
6,6
5,3
10,11
6,6
3,3
4,5
4,9
10,8
7,11
12,15
12,5
9,9
12,16
5,13
10,13
16,17
17,15
11,14
12,19
13,13
15,12
6,5
7,6
5,6
6,5
9,4
4,3
8,4
8,3
11,6
6,14
11,5
14,11
12,10
18,12
8,5
11,7
8,10
9,20
16,21
10,14
15,12
12,10
8,14
9,4
10,4
4,3
10,4
10,6
11,4
6,8
5,4
7,7
8,6
14,6
15,14
7,21
12,9
9,8
11,8
11,18
13,13
13,16
14,16
7,13
12,18
11,25
10,13
11,10
12,5
8,5
4,3
11,1
7,4
9,1
5,2
6,2
5,9
8,5
14,6
14,12
8,10
19,8
15,11
13,16
14,15
11,23
16,31
10,20
14,21
14,20
8,24
11,25
11,11
10,9
13,6
10,7
9,8
8,6
10,1
6,9
8,8
6,6
9,9
15,13
14,21
13,10
13
9
12
13
10
13
8
8
12
11
6
5
8
7
9
5
7
10
9
12
9
22
10
12
17
15
18
12
15
13
14
12
13
9
10,2
11,5
10,4
4,1
9,7
3,8
8,11
11,5
11,9
22,9
16,13
13,17
16,28
17,35
22,44
16,33
18,28
25,39
14,27
15,19
18,16
11,13
12,9
12,5
11,10
11,11
16,13
20,11
11,7
18,8
7,10
14,23
15,26
21,36
16,36
26,44
39,55
41,91
77,106
93,137
124,152
120,156
142,92
128,19
56,11
53,21
55,21
51,18
39,19
41,42
41,28
33,28
17,21
13,16
9,10
15,8
14,9
17,9
19,25
10,28
14,27
18,12
15,26
22,26
19,20
16,14
14,14
11,8
11,5
14,10
9,15
5,7
7,10
8,4
7,6
10,12
5,7
12,9
8,10
14,12
19,12
11,16
13,19
18,34
12,21
24,25
17,34
26,32
17,38
15,28
15,23
14,22
17,16
8,9
13,10
7,4
10,4
6,6
4,4
8,5
12,13
14,5
8,11
10,10
17,9
12,18
8,9
14,10
16,12
21,14
20,14
20,27
21,20
12,22
12,12
13,11
11,9
8,7
4,9
6,7
7,16
3,9
5,8
6,4
9,4
4,4
11,11
12,12
11,12
9,12
15,14
5,26
14,21
11,16
9,22
14,18
17,27
21,23
18,8
17,23
9,6
7,16
13,4
13,5
9,4
6,11
6,7
9,2
2,5
9,3
7,4
9,8
6,8
12,8
9,15
11,9
14,17
11,11
11,19
17,8
16,18
14,15
17,17
16,10
16,23
15,9
13,7
13,5
11,2
12,3
4,7
3,4
2,7
3,6
9,8
6,9
9,8
9,10
9,13
12,13
9,15
14,17
6,12
13,28
23,33
14,29
8,21
12,7
7,6
10,7
6,7
5,5
7,17
4,6
7,10
3,1
4,3
8,6
3,9
6,14
4,15
4,18
5,23
11,30
9,20
4,29
6,42
14,32
7,34
15,25
9,20
11,27
4,18
6,10
6,15
8,14
4,16
6,10
8,1
6,5
6,4
3,8
5,5
8,12
5,14
11,10
11,26
9,17
8,16
10,17
15,29
8,36
12,37
13,25
10,16
13,11
14,8
5,10
9,6
5,5
3,6
8,5
2,5
2,4
4,1
5,3
8,6
8,12
6,14
8,13
10,28
7,26
6,17
5,28
10,27
10,22
7,48
8,37
14,17
9,17
5,9
9,12
5,17
9,14
4,4
6,5
5,13
3,5
1,4
3,4
7,7
3,14
8,14
7,14
8,22
7,28
14,26
6,26
6,33
12,27
17,24
7,29
9,26
8,25
5,21
12,11
10,8
13,9
9,10
10,8
9,7
2,6
9,4
8,10
6,6
8,10
3,14
5,15
13,14
11,18
6,11
15,25
13,29
17,33
12,48
7,37
12,21
12,12
8,10
7,7
6,16
6,10
9,7
7,11
5,8
7,9
2,8
3,9
10,6
9,11
7,17
10,12
6,11
8,12
14,20
13,17
12,18
11,30
10,30
16,19
16,19
14,12
19,17
2,24
10,13
4,5
12,11
3,11
5,6
5,8
3,5
4,4
2,9
9,11
5,9
12,8
6,13
9,14
12,9
9,27
8,35
17,32
14,40
7,30
7,21
20,14
7,15
15,16
14,17
5,24
3,9
5,13
1,12
3,8
6,7
1,4
8,7
8,9
9,11
10,17
4,10
5,7
9,6
13,18
14,17
12,16
18,28
14,9
11,12
11,7
8,4
15,11
11,13
5,9
9,3
9,7
9,4
5,7
11,4
5,1
2
5,4
7,11
11,12
9,10
4,16
12,7
9,7
11,18
18,13
15,8
10,21
10,10
11,10
8,14
8,5
6,8
7,10
7,6
4,7
4,5
2,7
6,6
3,4
5
8,3
11,5
8,10
11,10
6,14
7,10
7,11
14,15
14,20
19,18
12,15
9,5
2,11
6,11
11,14
6,9
10,13
6,12
9,3
1,12
5,5
3,7
4,6
4,7
7,2
4,12
16,14
11,19
12,19
14,11
11,17
9,19
15,21
16,22
6,22
11,14
5,22
10,15
13,22
8,5
3,10
7,12
5,4
5,2
4,8
9,5
8,1
8,5
6,7
14,10
9,17
10,15
7,12
17,17
14,12
9,19
10,27
14,18
1,27
21
11,16
13,6
12,9
8,21
8,6
7,11
9,9
4,12
9,6
5,2
8,4
3,5
5,6
5,12
4,11
5,18
3,20
5,17
9,24
14,28
8,36
15,31
13,27
13,15
10,12
11,17
8,6
14,7
6,11
5,8
7,6
7,5
7,3
7,2
3,4
6,3
8,10
5,11
5,12
5,9
9,9
13,7
6,9
12,17
11,22
20,18
10,22
4,10
8,16
2,12
8,10
12,11
9,6
8,9
5,4
6,6
3,7
4,3
8,8
5,1
3,14
7,8
12,20
15,15
11,10
12,24
16,20
16,18
14,18
19,21
5,15
10,8
6,6
7,11
10,10
13,5
12,10
11,6
5,5
4,10
6,4
4,6
8,5
5,9
5,4
9,10
12,11
9,24
12,22
6,20
11,24
13,16
8,22
6,15
7,11
7,16
7,6
9,6
5,9
10,16
10,9
7,15
5,14
5,6
6,6
6,5
3,5
3,2
8,4
5,12
5,13
7,12
6,18
11,13
15,25
13,23
14,22
9,19
8,23
13,11
8,17
10,14
13,15
5,6
11,20
8,13
8,4
2,3
4,9
6,8
7,5
4,9
12,3
8,6
9,9
9,14
14,16
16,21
10,12
17,15
16,20
8,22
13,17
9,18
11,16
8,7
10,11
12,10
8,10
5,15
8,11
6,8
3,6
8,6
5,4
5,8
6,13
9,12
13,12
10,17
9,21
10,24
5,24
13,16
14
7
13
3
12
11
11
8
8
7
2
3
4,17
3,3
5,4
1,3
9,8
4,13
10,9
7,7
10,7
8,8
7,16
16,18
11,23
11,24
8,20
8,19
6,16
8,11
9,7
7,6
10,9
7,7
4,5
4,4
8,1
8,6
4,2
8,7
12,7
3,5
8,20
13,26
9,20
11,22
6,22
9,15
5,20
10,23
10,22
14,13
12,15
8,11
13,17
6,7
8,13
9,12
8,11
4,5
5,7
5,5
1,2
7,7
7,5
6,12
16,19
17,16
7,32
14,22
7,23
11,24
7,20
9,15
13,13
5,16
13,16
11,15
3,11
4,9
5,10
5,6
7,6
2,3
7,6
5,7
8
6,6
10,8
7,9
10,15
16,24
12,21
13,27
8,28
7,22
5,13
5,17
11,11
12,13
6,8
8,12
6,4
8,8
10,3
5,7
5,3
4,1
4,9
4,13
6,4
9,14
14,12
8,20
6,9
7,15
7,27
11,22
18,25
7,21
16,18
15,16
9,13
11,7
7,10
5,6
7,10
5,4
11,7
3,3
8,5
2,3
6,8
5,4
12,6
7,15
6,13
9,18
10,22
14,13
9,11
9,10
13,3
9,11
10,11
10,15
6,4
7,6
7,6
12,9
10
12
6
1
4
5
5
4
4
10
16
21
18
26
9
27
19
23
21
24
16
8
12
10
16
6
6
6
6
8
6
6
1
11
10
20
20
23
18
25
25
21
16
25
10
13
12
20
9
9
5
7
7
5
6
2
6
14
9
20
19
14
15
7
16
18
20
18
18
12
28
9
9
5
11
3
3
6
3
8
13
8
9
17
20
19
19
11
6
15
17
8
17
14
4
9
10
5
3
9
4
2
1
5
9
8
12
10
10
10
12
16
24
18
15
26
17
20
8
9
8
3
2
2
2
3
8
4
10
12
11
14
13
19
20
35
27
13
11
12
5
7
5
10
8
5
4
3
5
1
5
6
15
16
17
22
13
19
21
27
20
19
21
12
20
6
5
10
11
6
1
3
9
6
8
17
14
15
21
21
27
19
30
28
25
25
14
13
12
11
7
19
5
5
8
7
2
5
5
12
13
10
11
4
12
19
22
16
15
12
16
9
19
11
9
6
3
1
2
2
7
13
12
6
10
24
19
19
24
21
17
21
11
7
12
7
10
1
6
12
3
2
8
3
2
7
12
10
13
7
11
16
18
18
12
24
15
20
15
8
19
11
12
6
1
2
4
5
7
6
8
8
13
14
20
11
24
14
18
27
20
10
12
19
18
21
15
3
2
4
8
3
4
10
6
13
10
21
16
12
15
27
24
25
19
17
9
9
14
9
7
7
9
6
2
14
6
5
10
8
6
27
19
30
27
11
20
21
14
12
16
11
14
8
9
6
5
3
4
4
5
4
6
5
12
8
17
8
13
16
12
15
14
16
20
12
10
12
5
7
6
6
1
6
1
5
5
9
13
9
12
8
10
22
25
31
19
16
17
13
10
9
11
14
9
8
5
3
9
8
7
9
8
13
13
12
26
26
21
27
8
25
14
13
13
16
6
6
10
5
8
7
2
5
9
11
17
9
13
12
11
16
19
10
16
12
5
9
15
16
12
7
6
6
11
2
4
2
6
13
13
22
15
14
8
16
22
18
14
25
12
5
6
17
5
7
1
9
4
5
7
6
11
10
23
19
9
24
21
23
16
25
20
13
18
14
6
15
5
5
5
2
9
7
1
5
4
11
18
21
17
21
18
16
17
18
16
12
9
16
21
9
3
6
9
9
2
2
3
5
5
12
12
14
19
17
18
27
22
27
16
26
18
18
18
4
5
8
5
4
5
8
7
5
8
13
6
8
20
16
20
25
27
18
15
15
18
27
9
6
8
11
7
3
2
3
6
4
9
13
14
12
21
22
20
25
27
19
14
15
14
10
9
4
5
4
5
4
5
2
4
6
3
3
5
3
3
7
6
8
7
4
14
12
10
9
12
6
7
11
4
8
5
12
4
3
2
1
3
1
4
7
4
4
8
11
9
11
7
11
13
5
5
7
11
12
6
4
6
3
5
6
4
5
6
1
10
9
8
10
9
11
7
6
8
10
6
7
8
6
9
5
7
11
2
7
2
6
3
9
7
14
8
7
7
7
10
8
10
7
10
5
11
3
7
6
10
5
3
2
6
3
3
3
9
7
13
11
12
9
4
8
9
11
14
9
8
11
7
7
8
8
2
6
4
3
3
2
3
3
7
8
4
8
5
2
7
8
18
14
4
5
15
6
3
6
4
2
3
1
5
3
8
6
9
12
6
7
6
5
6
11
13
4
5
12
8
6
9
7
3
4
5
2
4
3
6
5
6
12
8
5
10
12
12
10
11
5
8
4
9
7
5
8
4
5
3
3
9
6
8
2
5
7
15
9
8
14
7
9
11
9
10
13
5
13
7
1
5
3
3
3
3
6
7
12
7
3
4
4
2
5
1
11
11
12
12
14
17
6
7
16
12
9
13
13
8
5
6
6
3
2
3
5
4
4
10
6
15
11
8
9
8
16
5
7
6
12
5
11
12
9
7
6
4
2
4
10
5
9
7
6
14
12
18
16
12
4
17
9
12
9
7
19
11
9
4
2
4
5
2
8
8
2
8
7
12
7
9
18
12
18
12
8
8
6
15
6
12
6
7
9
5
3
6
9
3
7
6
4
9
19
8
14
11
11
12
11
12
21
3
7
9
3
4
5
7
5
1
3
9
4
10
15
7
14
9
19
11
12
12
14
10
4
8
4
8
11
8
1
4
4
3
4
1
3
7
7
13
8
10
14
10
8
12
7
10
9
9
10
5
8
1
5
2
3
8
4
4
9
8
17
16
35
25
12
9
14
6
14
10
10
22
24
20
21
27
21
21
26
11
17
15
26
29
28
21
19
17
12
11
8
7
10
18
17
13
24
24
28
29
31
21
32
31
31
23
18
21
25
28
30
18
15
10
7
8
8
32
23
26
28
37
23
31
17
28
24
22
27
18
28
37
27
25
14
14
12
13
13
8
3
20
15
23
28
26
27
32
23
26
21
48
21
21
21
28
22
23
11
3
5
4
9
12
9
12
20
37
37
24
26
35
21
22
28
18
19
18
28
19
17
19
15
16
10
13
8
16
17
14
19
20
31
24
35
17
25
19
17
33
31
30
29
32
25
26
23
15
8
5
10
19
14
16
22
26
41
32
28
30
28
27
36
19
24
28
34
60
26
6
9
9
10
10
11
8
20
25
27
32
31
29
25
19
23
3
28
18
57
15
26
16
7
9
8
5
11
21
18
22
26
24
34
20
26
37
18
34
21
30
26
25
19
24
26
13
13
15
11
8
14
12
21
17
34
32
31
33
32
32
33
29
25
22
35
22
30
14
24
8
12
9
11
17
13
15
19
23
32
28
37
38
42
40
31
44
25
27
25
32
34
24
18
16
16
13
11
13
13
14
20
22
37
31
21
39
28
31
38
34
34
27
28
30
29
23
29
16
11
13
8
8
10
11
22
34
29
30
32
32
27
39
29
30
22
31
31
25
25
34
24
15
15
4
12
7
4
10
18
27
23
30
28
29
26
26
30
30
19
24
30
30
24
36
23
21
13
10
13
7
9
14
21
19
18
29
20
24
34
28
23
25
38
28
26
35
36
30
15
31
11
13
8
11
7
13
21
24
25
24
22
31
25
22
28
33
26
26
22
33
28
23
16
13
17
12
9
7
9
22
27
20
22
32
33
20
18
32
28
29
30
32
30
36
24
23
31
15
11
6
9
16
17
17
19
20
27
24
32
30
31
35
36
28
38
107
25
37
27
25
23
22
13
11
7
11
11
21
16
20
27
18
23
32
37
21
31
29
25
26
31
36
32
21
26
20
13
10
7
14
15
21
30,22
24,23
32,7
28,12
32,19
35,28
40,22
30,32
35,27
23,16
23,18
25,6
31,7
25,5
16,7
10,4
8,3
10,3
7,2
16,7
14,6
20,8
24,16
27,21
25,12
26,14
27,20
29,13
40,29
44,19
46,14
36,32
37,20
42,16
23,5
29,6
25,4
19,4
19,4
20,2
8,4
9,1
10,5
18,4
14,9
17,8
21,14
22,21
24,12
26,17
29,37
22,23
41,22
34,37
39,41
44,32
29,44
34,24
37,14
37,12
23,11
18,7
14,5
10,6
9,6
10,6
11,3
11,5
20,10
12,6
25,8
31,18
26,11
37,5
32,14
32,26
54,21
47,20
41,15
46,30
32,13
43,18
30,9
24,7
26,7
23,3
8
36,3
13,3
12
10,3
11,4
18,8
21,6
30,12
32,16
26,15
24,9
34,12
40,20
48,24
43,21
46,21
47,27
44,44
52,21
41,1
27,11
30,5
23,9
21,3
15,4
17,6
16,6
13,3
17,6
21,6
22,8
20,13
22,13
26,17
28,12
29,10
36,21
45,18
43,38
37,27
41,19
34,28
28,22
31,12
21,4
26,9
26,4
20,6
11,2
11,3
8,1
8,4
13,2
17,6
18,5
20,5
34,4
19,11
29,14
28,12
48,8
27,20
33,24
48,28
44,11
47,9
37,15
39,7
31,4
26,3
26,3
24,5
14,6
13,4
13,2
12,4
17,1
22,3
20,10
25
40
22
23
34
31
42
35
54
45
53
43
34,7
30,6
43,9
30,12
17,6
23,14
9,4
19,2
13,7
18,7
12,6
20,8
25,15
33,14
27,23
31,15
41,13
42,19
49,27
48,15
44,19
39,30
38,29
39,9
44,14
5
6
6
6
8
5
5
3
7
9
14
10
20
15
16
29
33
42
42
37
29
36
21
6
7
6
1
2
1
5
5
7
13
21
12
16
12
21
14
9
16
14
22
20
7
6
9
5
4
2
3
11,4
12,6
18,4
16,7
24,8
29,13
32,14
36,19
31,23
26,27
29,16
40,27
41,21
47,36
33,24
36,21
34,14
37,14
40,13
41,10
24,7
20,3
24,4
17,2
18,5
12,7
13,8
18,12
19,12
25,20
17
12
26
42
23
24
28
21
24
22
25
13
11
7
8
4
4
16
10,4
8
2
7
6
8
9
15
24
20
21
21
21
25
23
22
16
9
7
1
1
16,3
29,2
24,2
16,2
6,1
16,5
17,2
23,7
27,5
31,5
22,11
33,9
35,10
29,4
37,9
34,27
37,18
35,26
40,24
35,20
36,9
34,12
31,9
7
4
3
1
1
5
3
4
7
12
21
16
6
10
12
16
20
21
9
13
16
15
10
3
6
8
2
7
5
1
2
4
4
7
10
11
13
23
19
18
18
21
25
13
19
10
6
2
2
4
6
13,4
10,6
8,7
15,5
6,5
7,10
12,15
12,5
19,17
19,16
21,11
24,22
22,13
22,33
21,16
24,22
23,17
17,14
18,11
16,10
20,4
30,5
18,3
19,5
9,2
9,7
7,4
13,8
9,8
15,8
5,8
10
11
22
21
19
23
24
29
30
17,30
31,23
25,18
23,5
25,1
21,2
24,5
11,3
14,5
10,6
8,6
9,5
15,4
12,4
21,10
22,20
31,15
31,21
37,17
31,6
16,9
25,14
27,18
30,30
19,23
25,12
31,4
23,6
24,5
19,1
16,2
19,10
17,5
6,5
14,4
17,5
11,6
18,2
18,8
16,16
21,19
21,24
22,17
22,14
21,22
15,17
23,16
30,20
20,10
23,10
20,12
16,9
24,5
26
24,2
15,4
13,2
17,4
8,5
15,5
16,5
14,5
18,10
21,7
19,20
22,18
24,10
33,11
37,17
38,12
28,20
38,18
29,31
23,12
30,11
26,8
25,5
31,6
18,6
21,6
16,14
11,3
8,7
4,9
10,5
15,8
13,17
24,16
33,17
27,23
24,21
15,6
25,20
36,17
35,13
33,20
30,25
34,10
20,11
26,3
25,5
23,4
25,5
20,6
15,9
18,5
13,6
15,5
11,5
12,7
14,12
23,13
20,21
18,33
28,21
31,18
32,21
34,22
33,14
37,22
27,36
33,19
25,21
27,10
32,11
21,5
17,7
18,10
9,6
10,2
13,3
7,3
10,2
13,5
22,17
18,18
25,20
23,18
25,21
23,20
28,17
25,26
42,21
33,27
32,32
13,20
32,5
19,6
19,10
16,2
21,5
7
3
6
4
6
6
4
9
12
14
11
19
20
24
18
27
16
27
13
11
4
5
11
4
5
3
5
9
5
4
6
9
16
25
23
31
33
33
27
27
28
16
13
10
1
2
3
7
1
9
5
8
7
6
7
16
29
15
31
34
31
31
34
26
19
17
9
3
3
2
4
2
6
3
7
3
5
7
15
19
13
23
22
19
22
26
29
26
34
21
10
6
5
1
3
5
9
9
5
10
6
6
16
10
13
15
19
21
25
15
23
21
15
21
8
2
9
6
6
7
3
6
39
24
27
18
24
18
7
11
13
12
9
14
17
22
25
23
35
44
38
39
47
28
30
20
23
23
14
22
18
12
7
6
6
18
8
17
12
12
19
18
37
47
35
60
27
21
28
30
46
41
29
27
22
11
8
14
12
22
22
29
23
26
35
57
49
43
51
50
33
32
21
37
32
30
32
24
23
19
5
13
17
24
25
28
38
29
39
55
54
58
62
50
17
21
24
27
30
26
29
23
10
17
11
8
13
22
27
14
30
41
36
40
65
59
51
35
28
33
33
34
15
27
40
18
19
15
13
12
14
12
20
23
30
25
20
39
42
30
46
35
36
35
23
21
24
12
18
11
11
9
5
4
8
14
25
16
21
20
21
18
25
23
28
28
21
18
15
19
11
14
14
10
10
7
6
8
14
12
11
14
18
18
17
20
38
23
27
23
11
20
11
16
21
16
18
13
8
6
2
7
9
11
6
14
12
23
22
29
28
33
27
25
28
30
22
26
30
25
18
15
7
10
4
14
13
15
19
26
26
25
26
28
25
30
30
36
18
25
12
14
16
21
21
11
7
12
9
9
8
15
10
26
21
13
26
29
31
42
25
32
31
22
18
18
25
17
12
15
12
10
13
10
12
11
11
16
16
25
22
22
38
45
33
28
27
22
22
12
16
24
16
13
14
17
7
12
14
19
20
24
26
31
31
23
30
33
34
23
18
21
27
12
19
13
17
14
17
12
8
11
10
11
19
12
16
15
38
20
33
34
22
25
24
17
19
14
19
22
15
11
13
12
5
14
12
13
16
22
19
34
27
34
31
31
33
20
28
24
20
24
12
11
16
19
12
11
12
7
13
10
16
24
12
19
24
22
24
26
29
28
15
14
19
13
13
21
13
19
12
10
12
10
17
15
17
24
18
27
32
36
29
26
17
24
17
11
12
15
19
10
13
12
7
2
6
3
12
11
11
14
10
14
13
17
28
18
20
21
21
18
17
16
9
14
13
10
10
6
10
6
10
9
9
15
11
21
15
17
15
26
20
15
18
24
21
13
15
18
9
8
5
8
8
9
8
21
20
20
19
18
17
23
32
19
18
24
18
18
10
10
16
8
9
7
4
2
9
6
9
24
15
16
24
21
29
24
18
19
17
13
11
15
16
11
6
3
8
8
7
9
7
18
12
13
16
24
21
25
24
16
21
13
20
8
13
15
12
8
6
6
5
8
3
8
17
11
15
22
20
22
26
22
12
19
17
24
12
14
12
9
10
13
14
10
6
14
4
12
8
20
22
14
17
11
16
20
21
15
15
12
11
7
13
12
13
13
7
9
11
12
9
9
13
18
18
12
16
12
12
23
21
13
19
11
11
12
6
10
10
3
10
6
8
8
11
7
9
12
20
16
11
30
19
20
17
14
13
15
8
11
6
11
11
15
9
7
8
12
4
10
13
11
17
13
20
25
26
27
19
16
16
14
13
12
16
13
8
11
14
11
7
7
8
17
21
22
17
14
21
30
14
26
16
25
17
14
7
12
13
16
8
15
3
8
8
8
5
10
20
20
18
40
20
25
13
17
17
18
21
13
17
7
9
2
8
14
10
6
3
15
14
13
19
10
21
23
19
24
18
16
19
12
13
8
9
11
15
15
16
14
8
7
6
9
11
5
9
21
23
10
13
18
23
12
12
18
16
21
9
11
12
10
7
6
11
13
6
9
16
6
16
25
17
24
24
22
17
21
21
29
17
10
13
13
7
11
8
9
10
10
10
7
11
22
18
22
20
19
18
14
24
21
36
11
19
8
12
15
10
11
6
14
9
5
6
7
8
13
15
24
19
15
20
16
19
13
14
15
12
11
13
10
8
10
8
11
11
8
11
14
11
19
15
30
35
26
26
21
35
19
25
22
19
23
23
15
20
17
15
10
13
15
6
20
19
20
29
29
27
27
32
29
25
25
28
16
19
21
13
18
14
14
24
10
12
14
22
15
23
24
26
38
31
32
31
29
26
18
26
26
20
18
9
10
17
16
15
13
10
12
14
24
16
27
18
29
36
33
31
30
25
27
17
22
28
19
8
23
25
19
16
14
12
8
24
18
31
30
34
34
39
35
28
34
28
26
25
12
19
11
14
19
11
13
17
12
15
13
16
21
24
30
24
36
33
26
32
33
19
22
30
21
19
16
19
13
12
15
13
18
9
22
25
16
24
25
31
38
39
28
28
47
25
25
21
14
13
12
11
20
12
10
18
15
22
15
20
24
24
22
28
38
28
37
53
35
28
59
30
20
17
18
18
29
24
13
17
17
17
19
22
24
34
44
35
45
31
41
28
28
48
26
28
17
18
21
20
22
19
10
21
11
7
20
19
37
41
46
39
37
41
29
22
31
25
20
17
24
14
11
13
13
19
21
14
15
13
23
24
37
42
37
42
44
39
32
22
21
32
21
22
23
17
16
23
13
15
13
13
12
12
19
26
32
32
47
43
49
39
37
25
24
26
29
25
17
15
18
19
12
5
8
10
17
19
17
22
45
33
42
57
49
44
46
31
26
29
25
26
19
11
17
9
17
16
16
20
11
17
23
30
45
51
60
67
48
47
32
29
20
28
30
14
29
20
20
16
10
20
13
21
35
23
53
53
49
77
60
53
59
37
34
28
43
32
28
20
26
17
25
21
12
26
14
22
21
35
42
55
61
68
54
56
44
43
42
29
20
31
25
15
17
18
22
16
19
15
25
25
23
24
30
44
44
53
42
41
43
34
28
21
26
28
23
19
13
23
13
9
13
9
48
48
69
50
33
38
34
34
31
31
27
15
11
14
17
17
13
17
18
18
28
26
37
34
49
51
53
45
47
45
29
23
36
25
25
20
17
25
16
27
20
15
23
18
25
20
33
43
42
31
42
37
46
45
26
32
34
29
19
21
24
18
17
12
20
16
19
9
24
24
33
46
54
35
47
46
48
41
26
22
22
22
38
17
10
20
20
14
19
19
22
22
22
32
27
30
43
30
48
53
61
42
39
26
39
26
30
18
14
28
22
20
17
22
21
19
18
30
43
36
47
46
31
39
56
33
33
24
19
19
29
19
14
15
26
15
19
17
21
17
20
24
34
38
45
45
51
46
51
31
32
42
23
24
30
30
19
23
21
20
22
18
13
16
24
20
30
33
42
34
34
40
43
49
32
27
34
28
21
16
24
22
9
16
19
15
16
16
22
18
16
33
36
44
42
38
42
47
29
37
26
29
36
25
17
22
16
20
24
25
16
20
18
36
30
29
29
42
44
49
62
52
50
57
30
35
17
26
25
24
14
16
22
19
10
19
25
28
38
41
38
49
52
53
75
67
39
44
44
17
28
31
26
22
18
19
19
20
19
20
29
35
45
67
60
75
64
83
129
122
135
102
104
75
58
62
52
44
37
19
20
32
32
27,3
30,53
29,86
44,96
40,86
64,123
60,101
50,111
57,151
61,77
72,51
61,33
58,49
43,69
51,33
43,47
30,62
27,19
23,16
30,4
19,4
14,57
26,27
25,21
13,96
26,46
31,76
27,88
38,78
35,90
46,137
40,193
58,171
49,169
50,25
46,3
43,103
34,4
34,4
31,23
30,32
23,23
23,17
17,20
31,12
18,19
22,31
13,19
25,67
17,53
17,66
26,97
27,74
39,67
24,87
29,100
30,105
33,82
28,94
22,68
39,55
22,52
23,33
25,27
16,16
16,8
35,12
20,17
25,12
19,13
13,17
14,28
14,70
11,62
21,81
22,99
23,80
29,80
27,57
31,35
33,78
35,90
32,69
21,80
26,83
29,32
19,9
22
29,7
17,1
18,9
16,3
15,5
15,12
10,7
13,9
17,15
24,18
18,25
23,30
18,24
29,25
28,34
27,32
30,22
43,14
32,8
20,17
32,11
27,19
23,4
27,5
16,5
17,3
16,3
22,7
17,8
16,7
16,4
14,15
12,15
15,15
24,21
21,21
28,37
38,29
31,30
31,38
27,34
25,24
19,24
24,10
28
13,16
27,8
25,6
17,11
23,6
23,2
18,3
18,7
19,11
26,4
15,18
22,19
18,17
16,24
24,25
36,34
32,31
22,29
27,29
33,41
37,15
30,21
31,17
28,8
22,13
12,5
19,6
21,9
16,6
36,3
16,5
12,5
17,6
16,12
12,21
14,9
18,15
17,24
24,28
30,25
35,23
26,24
25,27
17,24
29,20
22,11
24,8
20,15
60,9
24,7
17,8
16,7
21,4
17,8
20,6
20,1
20,8
9,7
19,11
23,17
24,15
24,21
13,28
29,30
28,28
29,26
19,13
29,15
31,23
23,14
33,14
21,15
21,24
15,15
19,6
17,3
15,2
20,5
20,6
17,6
19,8
17,3
19,23
14,11
18,15
17,25
25,33
15,12
28,29
31,31
27,31
25,34
31,26
22,28
15,27
25,15
29,12
22,22
25,14
19,12
20,6
15,9
14,10
25,10
19,5
15,2
16,7
19,18
16,15
20,25
21,26
18,36
14,41
26,9
26,18
29,20
21,15
25,15
24,20
19,18
19,10
15,14
32,9
21,10
12,4
15,2
17,3
19,3
12,6
18,6
12,3
14,12
21,11
18,15
18,29
25,20
26,27
31,26
30,28
21,25
27,25
33,7
25,18
29,19
21,17
19,14
14,7
13,9
15,8
11,4
19,5
32,6
10,4
16,6
18,9
15,7
15,13
18,12
21,20
34,23
24,20
26,23
24,30
24,21
21,18
24,18
11,19
22,12
20,10
15,10
20,7
16,7
19,4
15,4
14,4
17,7
16,2
9,5
7,18
16
17
20
16
18
24
32
21
23
29,7
42
26
28
22
21
21
29
20
19
16
15
15
27,3
16,8
12,14
14,21
18,14
27,29
26,21
20,20
21,22
19,19
26,24
33,12
37,6
25,9
27,17
20,11
23,8
19,15
24,7
19,8
10,3
10,7
10,3
16,6
18,12
12,16
21,19
17,25
26,15
17,21
19,29
17,29
25,26
24,26
30,14
34
24
24
19
31
11
26
23
9
16
21
23
14
15
13
15
17
16
18
22
27
32
27
24
17
28
32
4
12
17
15
19
16
26,4
17,37
18,23
21,19
19,27
26,22
24,17
21,14
19,9
21,6
23,2
28,1
22,1
30
32
22,6
17,3
20,1
20,2
30,7
14,5
15,7
14,9
15,9
18,15
20,15
17,22
19,27
25,28
26,21
26,26
23,18
16,23
27,21
21,12
27,13
16,14
24,17
24,11
15,5
11,6
21,7
12,3
17,6
19,7
13,2
16,4
13,7
15,11
14,17
12,20
29,33
23,17
25,23
30,28
24,17
20,11
22,12
18,17
20,6
22,4
15,5
13,2
12,4
15,8
12,7
20,2
11,4
9,9
13,9
22,21
27,28
17,20
24,20
20,34
24,24
25,19
40,28
22,15
35,8
34,8
16,9
13,6
24,9
13,4
13,5
21,3
12,1
16
21
13,1
17,10
20,7
21,14
20,20
24,21
24,36
21,32
22,22
27,16
34,12
21,3
24,1
23,4
26
13,2
26,3
12,17
13,15
19,7
20,5
15,2
14,3
15,3
14,1
18,10
21,7
23,9
16,14
17,7
18,13
29,18
22,14
19,13
28,22
23,24
22,17
21,14
19,16
21,14
13,12
16,38
18,57
13,49
22,11
15,11
9,13
20,5
17,13
19,18
14,15
16,13
20,16
18,24
20,21
15,19
23,14
17,17
27,15
14,28
26,16
30,27
17,15
18,19
24,45
14,8
19,8
10,11
22,7
18,4
17,2
11,5
9,5
16,14
22,5
10,15
13,12
16,19
16,28
24,17
19,17
25,9
24,41
26,26
25,34
33,14
24,42
21,56
14,35
19,19
18,4
20,8
14,9
18,4
10,1
21,3
12,9
7,9
13,12
18,9
25,23
24,40
16,51
16,55
29,46
21,20
19,15
19,26
26,24
29,9
20,15
21,14
18
29,8
21,11
14,15
21,10
19,5
17,5
25,6
13,12
15,6
15,11
23,12
23,15
17,24
16,35
14,31
36,20
22,29
29,18
17,27
17,31
36,17
20,24
20,25
24,30
23,20
14,21
20,10
23,4
24,11
21,3
12,4
18,11
12,12
17,8
13,19
18,24
16,25
21,21
21,26
27,30
26,16
20,28
22,30
25,12
26,26
17,25
25,32
24,13
16,17
20,14
22,7
15,8
20,12
18,9
16,9
11,13
21,7
12,21
22,25
21,9
13,11
18,20
25,22
25,31
24,22
28,31
23,34
33,25
22,30
23,22
23,12
20,18
22,17
24,14
25,4
18,13
18,11
15,7
13,9
16,11
16,14
9,12
4,18
16,26
20,22
23,23
20,22
23,24
22,28
23,28
24,34
29,13
30,23
23,20
17,20
21,15
15,17
29,12
24,5
22,12
22,12
19,9
17,3
20,7
10,9
12,11
15,11
18,16
17,21
16,25
21,21
19,17
23,29
28,24
24,18
29,30
20,33
26,23
20,20
18,20
21,20
15,12
15,16
16,11
16,7
20,10
20,6
17,13
20,10
8,14
13,13
18,19
14,23
24,23
28,24
23,20
19,18
18,30
23,14
22,24
27,24
26,17
23,22
20,18
22,49
36,21
28,6
15,4
16,4
14,10
11,5
22,14
18,8
13,13
17,12
20,18
19,15
27,17
21,9
25,24
24
50,26
31,39
28,28
23,31
28,36
21,27
30,19
20,18
13,16
21,18
23,7
17,7
19,1
18,7
11,2
15,6
15,1
23,4
19,2
18,3
10,1
19,2
20,16
23,11
26,26
30,22
27,27
23,27
29,20
27,34
11,20
23,15
25,10
28,3
16,8
16,9
16,9
21,7
11,8
11,10
13,4
19,8
18,12
24,21
26,20
18,26
18,23
21,24
17,25
30,19
33,32
31,29
22,20
12,21
23,11
25,16
17,13
27,8
27,18
18,5
21,10
15,7
12,10
18,7
22,7
15,16
25,21
24,15
34,23
25,20
25,22
24,32
23,29
16,23
30,28
24,26
26,31
21,32
18,20
27,22
31,13
13,8
27,12
15,8
17,12
15,9
18,8
5,13
15,12
22,12
15,16
17,27
16,26
29,30
24,31
14,25
21,30
21,34
26,29
17,25
18,23
26,25
24,29
20,25
28,15
20,16
23,15
23,10
25,12
16,12
13,6
8,8
18,11
17,20
15,15
20,34
14,33
24,19
15,21
21,23
30,26
24,19
19,22
23,23
25,28
20,22
15,26
17,14
25,15
18,8
26,6
16,11
17,5
14,3
16,3
11,8
17,4
15,15
15,24
12,18
21,38
17,27
18,23
26,33
29,29
22,25
28,22
22,12
14,25
27,29
20,19
20,21
22,28
26,13
21,10
25,11
15,6
12,12
16,16
20,13
18,6
16,14
23,20
19,26
26,24
26,34
28,39
28,32
25,27
28,39
26,40
14,31
21,24
25,33
26,22
25,19
26,14
16,15
17,16
17,14
23,8
9,8
17,11
19,8
11,15
17,17
20,8
9,27
16,19
15,23
22,23
20,26
29,22
18,24
20,27
30,24
35,26
15,20
22,21
14,11
9,16
24,6
24,2
15,4
21,5
16,3
15,5
16,10
16,4
15,10
8,12
17,20
14,20
27,25
21,24
27,28
22,36
16,27
21,27
20,29
21,38
19,22
17,27
13,28
19,12
15,12
18,11
17,10
20,4
18,6
18,18
17,10
16,10
14,22
17,23
15,19
15,25
21,21
25,35
25,19
27,26
34,26
45,26
43,31
129,28
62,21
44
104,16
200,5
114,6
41,5
34,4
43,2
37
43
41,1
120,1
45,6
42,4
47,6
79,9
94,9
81,11
77,12
67,9
149,6
156,6
68,7
164,9
165
124,4
81,5
45,2
42,2
62
44,12
20,15
28,22
42,16
199,16
311,23
292,34
265,26
87,25
37,43
60,34
166,35
73,46
33,37
30,48
26,43
32,37
30,48
20,25
31,37
37,29
28,13
29,24
31,27
55,11
21,11
32,17
26,16
16,11
172,11
103,10
107,19
57,40
58,35
56,37
78,37
97,38
67,41
80,41
87,43
60,44
91,27
37,24
68,20
51,23
44,14
48,24
46,15
86,12
77,7
41,6
38,8
44,8
79,13
54,14
43,18
27,32
69,37
49,31
194,34
152,32
54,54
55,37
48,38
51,44
95,37
44,31
40,18
44,19
37,22
43,17
32,12
55,13
51,10
44,7
44,5
60,11
93,19
55,29
30,32
32,36
31,35
68,41
61,53
49,45
36,43
43,46
44,38
59,43
53,47
32,19
25,36
22,23
35,23
49,18
24,14
16,14
25,13
19,10
25,13
23,34
80,16
19,20
27,19
23,25
20,34
26,51
57,43
31,44
34,48
34,46
40,33
42,38
68,41
44,44
36,30
51,14
42,12
41,16
49,17
45,6
53,9
62,8
50,11
32,34
126,13
31,13
39,21
15
9
23
24
33
20
19
25
26
23
32
40
31
39
32
39
36
34
34
52
15
19
18
22
15
18
20
17
17
12
11
23
25
20
26
28
33
36
33
36
38
35
30
30
29
17
26
20
21
22
15
21
10
14
23
20
30
22
22
22
32
41
37
42
36
39
40
29
23
22
26
24
23
20
13
19
10
18
18
33
28
24
25
23
31
31
29
31
24
24
22
32
25
17
24
25
25
13
18
14
12
21
33
22
22
26
20
26
34
23
42
36
25
37
25
24
37
24
22
26
25
22
19
17
14
15
19
15
20
29
18
20
26
29
29
26
40
37
36
34
29
22
27
20
17
15
12
13
16
10
18
26
25
27
23
13
13
34
35
34
28
36
28
25
23
19
28
24
21
17
13
20
21
16
23
23
32
20
28
26
18
21
26
27
25
27
34
25
30
21
23
27
12
12
22
10
17
13
20
16
25
21
18
22
22
23
28
27
25
24
22
29
32
21
20
27
22
18
15
17
13
16
23
18
22
22
20
17
21
19
28
23
19
25
35
16
27
23
25
12
17
20
12
17
18
11
22
14
19
22
20
25
18
29
37
30
24
24
29
24
31
33
21
25
23
18
19
19
20
14
17
25
17
29
17
26
21
29
26
21
20
26
27
15
26
20
22
23
23
19
12
17
16
12
17
21
25
24
27
26
21
17
26
23
28
22
22
20
23
20
26
11
19
21
13
14
13
17
20
30
20
23
21
18
23
26
22
29
21
18
26
21
32
24
19
13
19
20
18
9
22
20
18
26
15
22
16
26
21
20
20
33
19
34
23
18
22
13
18
22
16
19
17
13
22
34
26
31
39
20
23
22
18
23
22
31
28
17
20
20
22
20
17
15
10
14
19
21
23
18
20
18
28
46
28
28
18
23
27
17
33
30
21
23
16
20
13
10
10
14
13
20
15
17
24
27
23
23
29
31
22
32
36
30
39
23
24
22
28
19
21
11
18
23
22
22
23
28
33
20
40
32
36
32
71
39
22
32
28
20
23
23
17
23
23
20
13
23
22
18
28
19
23
26
26
20
26
24
30
31
33
31
22
31
21
19
25
11
11
18
20
21
52
31
19
16
27
30
21
35
26
25
32
24
22
23
18
27
17
16
12
14
10
11
11
22
18
18
23
20
20
24
23
23
24
20
34
28
17
18
26
29
11
9
16
15
10
13
13
23
21
26
33
18
14
22
25
24
22
31
20
31
18
27
20
12
14
15
20
15
33
11
19
19
20
22
21
23
22
19
20
21
22
22
18
25
17
16
9
8
18
18
14
27
17
12
26
26
28
16
24
27
28
19
17
20
17
26
25
13
19
8
10
15
8
17
18
14
24
18
22
21
23
25
25
22
27
23
22
21
23
20
26
15
23
12
10
11
12
27
25
30
20
21
15
15
22
30
24
21
21
28
24
27
23
18
11
19
17
16
12
13
9
21
17
17
21
11
19
29
24
25
20
18
31
16
20
20
28
23
18
8
18
18
12
18
22
15
25
17
16
20
20
18
29
18
23
23
29
17
20
15
22
24
17
13
22
9
12
19
10
28
25
28
22
19
27
19
25
20
26
35
27
23
21
8
27
19
20
17
11
9
13
22
18
14
15
19
20
21
15
15
21
28
27
19
20
21
28
17
26
20
13
12
19
10
14
15
14
17
21
34
24
22
23
22
20
30
41
24
26
39
40
46
36
22
22
24
13
13
12
29
11
17
22
33
32
13
16
19
15
23
27
39
28
41
31
16
27
21
15
19
17
21
41
11
14
14
13
22
19
26
22
23
21
22
36
26
32
26
24
17
35
15
16
24
12
11
13
15
12
18
21
21
15
25
29
22
31
34
35
22
25
26
25
25
26
21
25
19
16
16
8
16
22
18
18
29
25
17
21
20
17
28
28
30
18
33
23
29
25
22
26
21
12
6
10
8
12
18
21
20
15
25
20
28
30
23
25
34
23
27
16
18
15
27
19
23
23
18
17
9
17
20
21
32
27
19
25
23
26
23
35
22
31
42
25
29
26
20
19
24
20
15
14
7
13
15
32
23
25
22
22
32
26
42
31
28
28
27
33
35
23
4
20
16
16
13
15
13
17
17
21
15
18
22
29
26
30
26
25
29
22
25
27
24
24
31
14
20
12
18
15
20
10
15
23
19
22
24
16
21
32
31
33
33
32
32
23
29
25
6
17
7
16
5
12
17
22
23
25
26
18
18
19
24
24
26
30
22
25
24
26
37
12
19
14
23
18
18
23
16
21
19
15
23
25
15
31
27
17
30
28
21
25
30
24
17
17
15
23
17
14
21
10
11
19
24
24
21
