27
32
37
49
33
42
42
42
29
28
30
30
30
20
26
18
26
26
20
25
22
23
17
26
24
16
52
34
36
36
27
37
25
41
23
41
28
45
29
27
25
19
23
18
14
26
12
27
19
1
9
42
29
31
29
33
31
25
20
17
24
23
18
21
18
16
19
25
28
41
32
46
46
39
38
39
31
31
25
21
18
21
25
28
28
29
30
31
18
21
17
17
21
44
30
29
37
46
28
50
38
39
41
39
27
11
23
52
46
39
41
39
37
30
52
49
48
57
60
59
87
62
89
78
66
62
74
58
51
35
54
65
48
35
33
45
35
34
43
55
54
59
73
70
73
80
73
79
47
62
80
40
47
41
56
52
61
37
32
27
40
46
38
40
44
50
47
56
88
90
71
72
63
47
49
56
42
42
42
47
43
70
34
53
35
36
45
45
62
59
63
71
97
96
81
71
72
82
68
60
46
50
37
44
63
46
53
36
31
51
43
54
68
76
77
93
92
120
115
108
74
73
70
76
56
67
49
45
45
35
45
41
37
38
41
