23
1
9
5
9
63
46
3
15
3
23
13
76
19
170
34
140
217
7
45
104
119
132
24
1
2
2
2
1
1
2
3
1
1
2
1
1
1
3
1
3
1
1
3
4
1
1
2
1
2
1
2
1
2
1
3
3
3
2
2
3
2
6
3
6
6
3
5
1
4
4
4
1
3
3
3
2
6
6
2
4
6
4
5
7
7
11
7
5
4
9
1
9
6
4
3
2
3
2
6
6
4
12
4
2
6
5
12
4
14
5
10
7
8
8
6
12
6
5
2
3
3
4
8
10
8
7
8
11
10
4
11
6
7
7
5
13
7
6
2
3
5
4
4
5
3
7
6
11
7
13
5
3
3
2
2
2
5
4
6
9
10
7
4
3
7
3
7
1
5
4
5
3
5
2
5
1
7
4
4
9
9
11
7
10
6
5
5
7
3
5
9
3
3
5
1
2
1
1
1
4
2
5
4
5
5
7
3
2
4
2
2
3
4
2
3
7
10
8
7
9
11
7
8
8
3
5
7
8
7
4
2
4
3
2
5
6
5
2
7
1
6
2
5
10
12
14
9
7
5
12
5
3
4
5
7
4
5
6
5
6
9
4
8
7
7
7
4
12
13
11
11
8
11
2
2
6
8
6
5
6
8
15
6
8
9
9
16
13
6
11
5
11
8
3
6
4
11
8
8
6
3
3
13
15
14
14
12
3
4
13
4
7
4
3
1
1
4
4
6
9
7
20
11
10
11
8
4
3
10
3
4
2
3
1
13
25
19
11
18
13
8
8
6
3
8
5
1
2
2
2
2
1
2
3
11
11
20
29
28
22
28
39
26
30
11
15
11
5
4
1
2
3
7
4
1
4
1
9
27
32
32
43
39
35
32
38
16
17
10
8
5
4
3
2
2
1
3
1
4
6
4
1
15
9
6
11
27
20
11
11
7
13
8
10
3
2
1
3
1
1
6
5
3
6
7
3
8
15
15
18
14
15
10
9
12
10
14
4
7
3
2
3
2
2
5
5
7
9
7
5
6
7
4
1
2
4
2
4
2
5
13
10
8
9
4
10
5
13
5
6
3
2
1
1
3
1
4
5
10
12
10
4
3
2
1
8
8
1
3
2
1
1
4
2
2
1
2
1
2
13
13
8
2
1
4
8
10
6
4
1
3
7
16
7
11
7
2
10
5
7
7
5
5
1
4
1
1
11
10
10
7
5
9
5
9
7
5
11
2
6
2
11
11
11
9
6
3
6
11
12
7
2
2
2
4
6
6
6
6
11
16
11
11
9
11
7
12
14
21
21
7
12
8
13
12
16
16
11
2
2
1
3
10
9
15
16
10
6
7
5
9
13
21
11
14
9
4
7
9
19
11
7
6
3
4
5
8
14
7
10
8
8
8
11
3
24
22
16
7
6
10
14
9
19
16
12
4
1
4
5
10
10
12
18
5
19
18
7
11
18
29
30
18
9
12
11
19
26
23
5
4
7
4
8
10
14
12
14
7
10
5
6
12
20
20
18
12
6
6
5
14
13
8
9
5
6
2
1
2
4
5
14
3
5
6
3
6
11
17
19
8
5
7
9
16
7
9
1
1
3
9
6
9
4
11
8
6
8
13
19
21
8
6
9
8
11
20
7
4
3
1
4
3
4
8
13
19
12
4
7
12
9
16
23
20
6
9
7
9
12
14
24
4
2
1
2
4
8
4
11
20
10
7
5
13
7
21
33
34
15
8
10
12
22
31
30
17
6
3
3
7
5
13
19
10
10
13
13
14
14
25
25
24
17
6
12
12
17
13
12
3
3
1
1
16
17
12
16
16
16
7
15
22
24
20
10
9
8
6
9
7
8
2
2
4
7
9
10
7
22
15
9
10
10
7
18
28
15
12
4
6
11
6
8
15
9
5
6
1
5
12
9
11
11
4
13
9
7
10
13
19
11
10
6
12
9
12
3
4
3
1
5
11
8
13
11
5
4
4
4
10
16
13
18
14
7
9
15
13
9
11
7
1
3
1
5
7
10
11
11
7
2
5
8
10
9
16
15
5
9
5
7
6
5
4
5
1
1
2
4
6
9
11
5
2
2
3
8
6
16
28
16
10
11
8
8
12
15
11
3
3
5
2
3
9
9
9
10
3
7
10
2
7
9
24
13
8
6
4
3
3
11
6
9
10
7
6
8
3
8
17
19
11
17
6
11
6
5
16
10
3
2
2
3
7
13
10
21
7
6
8
7
6
21
27
10
7
7
3
5
10
7
14
9
8
4
3
2
4
9
2
14
8
8
8
9
10
18
21
15
9
8
9
9
10
13
9
11
3
4
4
2
5
4
5
6
6
2
3
7
9
10
7
9
1
2
7
7
4
5
3
2
4
4
3
10
5
6
7
2
10
7
10
9
10
12
21
2
4
4
2
6
6
7
5
4
2
4
2
10
10
6
3
10
2
5
5
7
16
18
17
9
5
7
10
6
6
2
10
10
8
5
5
1
3
2
2
6
5
8
12
6
8
4
7
7
12
18
16
13
6
6
5
10
6
9
5
5
2
7
6
8
12
10
6
12
3
6
8
8
13
17
14
9
3
4
5
9
5
6
4
4
2
10
6
11
8
9
5
5
7
3
7
14
10
7
5
3
5
7
3
1
1
6
6
15
13
9
5
5
5
4
10
10
14
10
5
9
4
5
11
11
3
3
3
3
5
5
3
11
6
8
6
5
5
9
11
21
5
13
5
6
1
6
10
6
7
2
1
6
7
7
10
12
6
3
4
8
4
2
8
10
16
10
7
4
3
9
11
1
6
5
6
3
4
11
8
11
9
10
6
7
4
6
13
9
14
6
7
3
3
6
10
4
4
4
4
4
2
7
10
8
7
3
9
5
4
12
15
9
10
8
7
9
3
6
10
7
9
2
2
2
5
5
6
6
10
6
9
10
8
9
4
5
6
6
1
2
3
2
5
9
11
17
8
7
5
5
4
11
11
5
10
3
2
3
4
1
6
5
1
3
3
5
2
8
7
7
6
7
10
12
14
9
11
9
5
3
5
6
8
2
5
6
1
3
6
11
10
4
8
4
2
6
5
5
10
9
5
8
6
9
9
3
3
4
2
4
2
7
6
11
9
11
5
9
11
3
3
7
5
7
9
10
4
11
4
8
3
3
1
2
2
4
4
12
7
6
7
6
4
8
5
7
13
8
9
6
2
2
1
2
4
4
2
3
5
6
9
5
5
4
3
5
5
7
13
6
2
3
3
5
8
4
2
4
1
4
2
7
8
12
13
7
3
7
5
5
6
17
8
5
4
7
2
2
4
7
2
1
2
2
4
3
8
8
7
5
3
4
7
4
8
11
11
9
5
3
3
3
2
7
5
8
10
4
4
5
9
8
4
9
6
3
5
2
7
4
8
1
1
5
5
4
5
9
11
5
8
11
6
6
4
9
11
9
4
4
5
8
6
1
1
1
3
1
2
7
5
12
11
5
4
11
11
4
11
3
5
12
4
6
2
10
8
4
1
5
2
3
4
4
8
14
9
10
12
5
9
7
6
6
11
2
9
5
2
3
5
2
1
2
3
5
4
7
7
6
6
6
7
5
8
5
13
7
4
2
5
4
3
3
5
3
5
1
1
4
6
4
9
7
2
3
5
6
7
4
7
3
10
5
5
4
3
2
4
6
3
1
9
7
6
9
2
6
7
6
6
11
8
11
4
2
7
5
6
4
2
8
7
11
8
5
5
4
3
4
10
15
6
5
3
2
6
2
3
2
4
1
2
1
5
4
8
11
13
4
8
13
6
11
11
14
6
5
5
5
5
4
5
5
2
1
7
7
9
14
18
15
6
11
12
8
7
11
12
6
6
9
6
4
7
3
5
7
10
13
21
12
14
11
14
11
16
16
6
6
5
2
7
4
2
3
2
2
6
5
3
5
7
16
17
13
13
10
10
13
20
8
8
4
9
4
4
8
4
5
1
2
7
1
4
5
16
21
20
9
10
11
10
4
15
11
8
4
8
6
3
8
7
7
3
1
1
3
4
3
12
10
11
9
12
11
13
10
6
1
4
3
5
6
1
3
6
6
12
19
35
30
29
16
25
14
15
10
15
4
6
10
9
2
4
5
5
4
7
4
5
5
9
31
26
38
24
23
22
18
17
20
20
9
11
5
4
8
7
5
3
2
5
3
5
10
17
26
32
12
12
25
19
16
14
18
11
12
8
10
6
5
8
2
5
5
4
4
4
12
19
26
24
22
24
14
16
15
6
6
9
16
26
31
16
15
19
12
15
10
20
10
9
3
6
6
4
4
4
4
1
5
4
6
12
20
26
36
15
19
10
16
9
25
13
15
13
9
3
6
6
4
1
4
5
12
18
17
24
8
10
14
8
16
9
13
17
14
13
8
8
3
6
7
6
5
3
5
4
5
10
18
21
8
12
14
16
8
16
19
9
9
9
7
6
6
4
3
6
5
6
6
5
5
22
23
18
15
14
12
15
12
15
15
16
10
5
10
5
5
5
4
4
3
2
4
12
13
15
18
11
10
11
7
3
7
4
4
1
5
4
4
6
9
16
17
14
11
11
13
12
15
15
5
3
7
8
16
15
13
6
10
16
11
22
20
12
17
15
13
6
6
2
4
2
2
2
4
8
4
13
12
11
7
13
16
11
12
15
12
16
10
6
10
10
9
9
3
2
3
2
5
5
4
11
11
24
8
14
13
5
10
11
13
22
20
12
10
9
3
5
6
5
4
4
3
6
7
11
17
13
13
23
15
18
25
25
33
28
16
19
12
7
9
7
8
9
5
2
7
10
9
18
18
24
27
42
38
47
46
51
52
34
27
26
18
7
9
5
7
2
5
7
4
3
14
11
14
18
15
27
32
32
28
28
29
28
28
25
13
7
6
2
6
4
2
1
6
5
12
18
12
20
19
11
20
14
25
18
13
14
17
10
8
6
12
9
5
4
3
2
7
11
15
8
19
15
11
10
13
13
9
16
11
16
11
7
4
3
7
8
5
2
7
10
7
8
10
13
13
9
15
16
8
13
12
14
9
10
13
7
10
8
3
6
3
1
5
7
9
14
11
5
12
6
12
6
4
13
16
11
10
8
7
6
7
2
3
3
7
12
12
12
12
9
11
11
5
6
11
16
11
11
3
5
8
7
5
7
3
1
3
5
11
7
9
12
13
11
6
7
10
8
14
12
9
11
4
6
1
4
6
11
5
8
12
12
9
5
4
9
13
9
10
16
9
4
8
8
6
2
8
7
11
11
12
4
6
8
10
5
8
6
9
9
4
9
7
6
9
7
9
3
8
2
8
12
16
13
5
9
6
12
4
6
4
9
6
5
8
6
4
13
8
1
3
4
1
8
13
5
12
7
4
3
15
13
6
12
10
3
6
3
5
3
5
5
5
6
7
10
11
5
6
10
3
5
10
10
6
18
4
9
5
7
6
6
4
2
3
4
7
15
10
12
12
6
9
13
5
8
6
10
9
7
7
9
6
8
8
5
7
4
2
9
9
13
9
6
8
7
12
5
9
7
11
10
11
10
6
8
12
9
8
10
8
6
6
11
12
10
10
4
7
5
9
7
13
13
15
12
6
9
9
6
6
5
4
4
6
11
9
11
8
10
12
5
7
5
7
10
13
12
14
7
7
11
7
3
7
5
6
3
5
9
10
14
10
9
6
8
10
10
7
10
14
11
6
6
8
7
4
6
4
9
5
4
4
6
9
17
14
8
12
3
6
6
8
11
18
12
9
6
13
5
4
8
9
6
6
6
5
7
7
13
10
7
6
5
7
5
9
12
11
16
13
13
4
9
7
6
7
56
53
36
30
25
27
42
72
70
81
93
129
157
237
151
145
132
119
149
124
104
91
87
69
78
66
39
58
31
32
60
63
74
90
98
133
171
192
145
140
214
89
66
71
59
80
67
71
24
51
35
42
16
23
42
60
73
84
69
136
148
273
139
130
133
128
128
103
105
96
93
84
66
96
72
26
33
21
57
57
83
78
83
101
142
163
104
110
138
121
121
107
49
64
73
52
70
43
69
154
37
33
37
56
89
101
108
131
150
172
155
129
128
114
112
78
17
49
88
120
106
83
72
36
32
34
52
55
67
86
117
131
54
152
144
194
97
88
85
57
95
73
54
86
106
66
43
34
37
18
39
59
79
81
116
172
188
191
171
121
161
150
103
58
74
83
115
92
102
66
43
49
50
64
72
93
100
142
160
164
166
184
130
166
172
114
66
42
150
171
104
31
28
49
34
32
58
70
77
87
98
138
153
135
143
158
159
103
133
40
51
58
109
73
19
45
31
35
30
40
52
33
80
128
114
180
174
162
165
146
136
75
93
152
144
93
128
108
22
39
39
35
47
56
57
59
52
72
121
140
156
152
119
154
119
154
126
148
133
126
67
54
84
57
55
31
50
56
58
116
102
128
111
131
150
150
140
145
127
137
115
111
133
145
104
110
56
47
38
33
36
49
80
72
122
139
162
141
192
179
165
146
148
145
160
156
158
173
142
144
103
91
64
37
26
46
70
80
98
102
124
182
193
186
202
146
154
142
157
154
141
168
114
176
152
67
59
46
46
47
60
72
94
120
115
172
162
152
196
164
155
227
171
126
71
112
88
52
95
79
187
59
48
69
85
115
94
116
158
159
135
153
163
188
160
154
138
141
108
98
100
105
110
220
52
26
42
29
50
48
49
76
93
124
143
117
117
168
164
168
136
152
140
161
129
93
73
71
64
38
42
74
90
113
107
148
160
186
212
164
183
173
188
157
140
139
159
89
110
124
176
55
49
84
50
88
112
130
156
164
133
219
206
167
171
172
151
105
110
72
80
146
139
127
89
54
82
60
59
56
185
118
109
161
135
152
115
121
138
100
116
56
65
59
85
89
195
190
176
157
146
127
40
63
44
99
84
97
58
62
42
56
65
89
153
158
150
151
172
195
206
157
93
146
147
90
84
53
51
31
30
22
33
62
55
58
91
105
108
142
100
110
116
106
65
65
105
104
88
86
64
59
43
35
30
34
23
41
58
57
62
82
68
136
121
101
23
31
51
51
67
65
94
106
123
116
109
107
119
138
140
114
124
91
93
88
72
53
41
42
31
35
65
64
48
75
79
91
105
105
97
93
96
114
133
105
122
110
98
70
55
38
26
23
38
38
34
41
34
54
94
99
120
113
119
122
84
56
46
51
40
21
36
43
34
40
54
61
97
110
120
111
119
119
73
92
125
84
100
63
74
36
39
21
22
26
37
52
53
64
94
73
98
90
93
127
147
105
123
113
115
86
67
66
46
25
18
30
43
38
44
30
51
59
76
86
91
91
112
81
99
70
46
49
31
34
23
25
45
42
43
28
62
95
119
122
139
116
127
99
127
73
114
103
158
84
78
74
49
50
34
28
32
24
44
35
76
104
122
109
92
79
133
66
71
94
98
64
121
52
69
56
53
48
24
31
35
43
63
50
79
100
123
137
119
111
75
104
74
46
82
107
92
71
60
45
23
18
22
31
44
36
30
59
107
103
130
129
133
135
91
84
76
71
69
90
83
55
45
30
30
17
27
9
46
43
46
70
109
112
136
131
101
96
57
33
41
78
96
70
81
77
53
59
39
22
17
16
12
23
22
44
80
131
99
90
113
96
85
55
76
40
102
115
73
72
33
31
19
36
29
31
26
31
60
76
90
115
129
127
129
132
79
76
79
33
25
26
16
39
58
29
28
15
31
37
26
39
37
62
88
121
107
124
106
95
90
88
83
106
98
32
17
45
55
47
27
46
39
35
50
45
59
75
103
134
158
149
122
126
125
124
51
99
83
84
48
37
48
32
31
21
26
47
65
81
127
140
134
166
135
107
73
79
64
35
25
37
26
21
36
54
52
37
46
81
72
91
97
96
85
101
73
58
20
69
54
56
53
19
19
17
23
30
50
53
98
47
40
22
17
30
27
37
40
57
71
91
131
131
153
137
165
110
63
63
70
66
65
41
38
33
31
19
24
31
42
34
56
51
72
110
136
154
135
149
150
77
105
126
77
64
32
36
66
60
36
35
29
29
34
47
94
116
141
165
163
139
152
141
128
123
107
54
123
104
57
48
44
32
26
30
37
42
36
33
79
110
144
166
147
140
97
115
101
52
70
92
54
35
32
31
30
18
31
39
47
39
58
145
154
142
151
141
135
39
32
23
25
30
31
49
62
65
91
116
131
132
109
123
110
110
102
120
93
51
57
33
33
42
81
94
90
94
119
116
109
105
75
77
70
88
94
57
48
34
14
21
10
14
26
24
22
51
30
44
68
98
117
88
101
132
86
57
52
78
88
56
30
20
9
5
6
18
21
22
22
19
34
38
47
48
73
57
59
65
80
69
62
52
50
43
35
31
26
16
11
5
21
29
35
32
75
98
77
44
35
56
66
40
52
51
44
31
32
23
10
7
8
19
19
20
32
57
55
57
104
80
54
63
59
65
68
46
15
45
39
48
30
25
18
10
16
17
16
14
27
30
29
25
81
79
102
111
85
48
67
58
28
56
25
21
19
19
2
10
9
5
8
4
3
4
13
72
25
60
42
28
19
24
37
52
80
77
93
78
89
80
91
85
146
127
120
122
77
76
51
25
17
9
12
18
30
37
44
69
109
112
116
127
158
126
62
87
119
133
123
90
69
65
35
23
27
16
25
28
43
40
54
69
95
139
132
32
119
93
99
146
175
119
120
104
89
67
68
31
27
30
22
23
40
24
42
71
114
123
79
71
98
119
141
92
109
112
90
83
84
45
43
38
36
20
93
33
39
68
42
58
88
122
127
154
162
143
148
134
187
132
115
119
73
69
63
52
49
41
38
30
71
83
136
161
130
93
93
89
57
54
35
30
24
28
30
36
55
74
113
137
153
153
154
115
112
118
140
121
143
107
73
48
40
37
29
18
30
42
59
79
83
76
95
100
73
114
90
109
96
87
100
70
43
54
51
41
24
12
18
19
33
17
35
36
48
79
80
87
90
105
96
94
112
94
97
93
117
69
49
27
21
21
28
38
34
33
47
51
92
86
126
141
134
127
125
124
111
108
129
94
90
59
47
41
20
17
19
21
42
47
54
78
87
107
111
116
118
119
143
143
122
110
109
70
86
58
54
43
23
18
15
24
28
29
33
57
98
122
115
145
150
161
132
122
144
147
157
118
103
81
55
30
36
25
18
24
18
25
53
54
93
106
130
151
155
125
140
29
30
26
33
41
67
109
145
159
130
130
159
167
148
128
157
146
104
103
80
62
30
32
25
21
36
40
38
48
58
104
117
139
149
125
119
109
98
140
162
165
122
122
117
51
30
26
24
17
32
43
48
59
64
70
95
108
114
125
142
124
89
85
48
24
42
52
42
49
17
16
17
26
16
35
39
61
66
109
130
153
160
139
115
121
102
114
134
146
94
59
58
52
29
28
16
17
22
26
39
73
76
88
111
108
114
141
131
144
119
74
93
82
83
77
50
41
17
11
10
4
13
35
25
37
31
62
95
97
114
71
113
11
16
18
36
36
60
92
169
168
198
183
169
161
171
168
138
164
148
109
86
41
43
36
17
15
30
35
36
45
75
112
155
178
188
157
165
219
216
224
166
121
146
102
76
46
36
20
30
30
36
44
74
77
113
107
144
193
232
202
180
215
156
94
148
141
125
95
75
27
37
37
23
27
17
23
30
48
62
123
152
222
213
182
224
221
143
100
182
177
143
120
82
72
36
29
25
27
17
25
36
63
87
89
136
174
216
153
140
207
110
117
115
138
113
120
103
72
36
52
50
49
45
32
35
40
75
144
135
177
206
177
158
140
135
113
106
90
98
81
60
27
19
23
23
23
40
47
69
117
82
97
237
210
221
213
205
217
156
105
145
104
107
62
48
41
30
24
32
18
31
59
87
94
125
153
160
208
223
186
219
156
154
76
92
105
70
50
63
30
27
16
37
41
52
62
104
126
151
146
194
200
146
145
150
157
61
77
35
31
13
23
48
98
85
118
176
170
270
309
317
260
286
261
235
98
85
77
136
107
84
56
38
27
31
76
108
101
105
184
232
239
284
369
385
354
364
297
233
194
189
181
150
141
73
34
27
22
32
86
90
130
99
90
238
222
247
309
295
274
356
278
136
141
138
134
114
104
63
44
25
25
17
73
112
168
206
217
224
192
304
345
303
334
291
241
197
106
67
107
75
77
52
30
20
21
15
49
74
73
61
112
142
130
214
267
209
242
210
191
77
81
104
67
63
54
34
24
20
13
14
23
35
35
54
58
121
152
175
203
121
154
174
156
149
81
166
128
99
74
52
32
27
13
18
14
16
22
49
77
90
135
139
189
193
119
185
150
178
166
159
109
93
71
53
35
31
14
20
23
18
38
40
65
91
136
207
191
205
196
220
187
194
146
125
111
69
64
59
36
15
20
16
15
15
29
31
41
90
79
107
111
142
116
131
86
52
12
10
20
26
29
65
77
92
129
114
159
137
113
168
142
114
135
131
98
66
34
25
47
43
95
102
153
160
128
141
167
118
113
77
43
36
23
8
12
12
26
9
14
37
57
77
96
132
106
132
126
140
105
103
129
125
80
72
41
24
22
6
7
9
10
17
21
39
60
65
114
143
152
119
113
124
129
85
84
104
67
60
61
46
22
15
11
10
12
20
18
37
31
40
70
72
62
65
93
75
77
109
117
114
101
70
53
45
16
6
5
8
5
11
17
13
30
43
54
52
68
69
64
59
75
117
122
125
110
90
58
37
32
13
10
11
16
19
26
39
40
86
92
106
115
122
116
129
96
115
123
120
104
105
70
47
21
15
9
12
15
23
37
44
42
93
97
89
123
115
113
113
118
101
109
100
141
134
72
30
17
13
9
9
13
22
29
25
51
79
77
96
107
95
95
120
106
113
102
116
115
76
44
22
12
9
25
19
14
34
35
62
73
74
122
125
144
129
114
144
127
108
130
104
100
83
59
52
23
21
9
14
26
23
37
52
83
99
121
89
69
57
69
115
135
144
111
103
93
81
51
37
18
8
17
11
15
39
64
74
95
123
133
134
126
78
87
48
9
6
5
6
7
18
14
32
43
77
78
82
84
72
66
67
63
78
113
101
88
80
78
43
9
13
2
6
12
16
14
21
14
33
35
66
59
60
54
85
84
94
86
73
81
63
52
23
9
9
5
8
6
8
16
24
34
31
45
41
60
81
73
74
59
75
50
72
91
74
54
38
17
6
7
5
4
9
22
27
37
53
60
62
77
70
81
94
118
103
83
74
66
70
39
23
16
8
8
9
10
18
24
27
32
36
54
85
70
75
75
72
64
68
80
95
83
63
57
45
24
15
3
5
15
9
27
29
37
45
60
82
93
75
78
96
141
118
146
100
130
113
81
27
16
10
11
13
13
17
33
36
38
79
93
109
146
135
91
120
129
108
36
119
99
79
51
23
28
18
7
9
11
16
33
46
55
83
101
104
106
117
97
85
108
91
128
127
123
98
81
44
16
15
9
13
17
14
28
54
61
84
107
130
125
118
112
121
92
95
103
90
91
89
68
36
17
21
8
12
14
26
32
39
38
86
94
122
138
120
92
79
110
121
112
97
89
111
62
53
22
10
8
11
8
14
34
46
51
74
76
93
100
121
90
105
95
117
108
118
98
93
73
42
22
20
63
77
101
107
90
111
87
59
110
129
111
103
79
40
38
19
13
6
44
53
58
38
95
102
103
84
117
61
126
118
93
86
70
66
37
18
14
6
5
21
38
85
87
99
133
140
129
81
104
49
114
95
83
85
81
57
49
26
17
11
13
9
15
32
79
126
109
99
114
134
128
121
105
78
93
83
59
45
22
9
5
22
35
44
65
99
124
125
132
118
94
88
82
135
115
100
85
91
68
36
17
18
7
10
9
20
41
39
58
106
125
137
102
109
84
11
13
23
44
51
57
79
109
111
82
102
94
76
102
88
89
66
72
52
44
34
18
9
10
11
19
23
26
34
52
71
83
93
85
82
98
89
70
72
68
77
52
57
40
26
20
6
6
6
10
15
28
43
62
74
98
86
97
113
89
96
94
105
75
85
84
70
50
33
25
8
10
12
9
18
32
21
40
68
95
111
101
90
80
92
99
98
75
96
54
61
42
34
17
11
2
7
9
27
30
34
52
96
102
94
84
81
87
62
58
71
75
63
64
58
46
27
19
14
6
9
10
26
34
25
38
76
84
69
79
74
79
87
87
83
89
85
75
56
46
27
18
12
7
8
21
15
31
39
57
75
88
89
102
94
86
69
99
72
87
78
68
59
43
28
26
10
6
11
9
17
31
34
45
91
96
104
63
84
55
69
71
95
88
60
5
6
14
14
34
52
53
53
75
80
83
63
73
88
80
59
59
85
59
65
43
21
13
3
1
7
11
17
28
37
44
49
92
100
85
82
80
78
93
97
73
73
79
56
44
41
17
10
11
3
10
15
32
43
46
55
82
88
79
69
67
79
75
82
79
63
45
65
59
33
17
12
9
10
6
16
16
32
50
70
66
85
90
84
66
80
94
84
80
69
64
53
63
32
21
9
6
9
21
31
32
35
50
77
99
118
117
76
86
72
90
89
87
88
107
76
49
26
11
9
10
8
7
15
27
36
32
57
83
106
115
106
70
80
94
87
74
84
65
63
51
23
20
13
4
10
11
14
25
23
60
65
64
101
85
81
104
81
88
93
116
88
75
63
49
32
18
14
18
12
14
57
71
82
99
97
85
92
97
84
80
91
85
70
61
34
30
19
8
4
14
16
27
23
28
51
54
104
105
102
106
82
76
102
86
58
55
44
43
39
29
7
6
8
10
8
18
22
37
47
86
104
93
96
104
82
94
100
106
106
86
80
85
51
29
19
9
12
9
6
7
14
15
25
38
58
53
63
49
42
49
43
45
50
22
21
44
22
20
4
5
2
7
9
12
26
34
54
76
85
84
89
86
91
89
79
85
99
82
71
81
53
36
28
17
15
12
12
19
32
79
100
91
100
87
94
107
102
72
73
93
49
20
18
15
17
9
19
25
27
35
45
69
83
105
87
96
86
90
112
103
91
80
94
107
77
57
44
29
14
8
4
13
9
13
19
40
60
74
85
95
84
88
81
19
3
11
4
11
1
33
222
127
173
212
211
121
85
111
91
58
49
16
1
2
4
51
17
3
2
5
34
87
48
39
71
114
107
40
2
78
4
11
9
10
18
28
33
27
3
10
1
32
156
180
185
161
175
155
136
139
103
108
59
73
20
1
1
32
113
150
141
131
133
123
99
104
69
34
9
11
7
1
2
25
51
41
100
130
121
102
99
101
93
40
36
21
21
7
4
4
29
81
4
35
38
20
84
48
42
51
46
65
55
21
42
13
9
2
3
7
4
2
1
3
1
16
108
60
91
71
45
31
14
5
14
28
1
6
8
36
54
38
31
41
39
18
12
10
15
16
12
15
8
3
1
2
5
4
1
7
4
4
6
9
13
7
13
11
16
21
23
23
12
27
8
7
6
6
3
7
15
1
5
8
2
5
6
2
1
13
20
15
7
11
7
3
2
5
9
6
8
7
10
8
14
18
31
18
25
32
19
18
20
16
13
16
14
10
6
6
10
9
13
11
5
4
10
9
29
24
41
32
36
34
45
26
11
18
23
23
13
10
7
7
13
7
14
7
7
8
10
5
30
22
37
36
34
34
33
30
16
26
25
22
7
12
1
86
42
19
9
10
56
8
9
17
22
28
26
33
36
18
44
26
30
38
26
19
18
6
7
4
6
14
25
16
13
14
13
26
31
38
72
58
39
38
41
54
42
67
26
30
10
18
17
33
52
36
32
46
37
68
51
45
75
52
54
31
27
52
18
1
32
58
44
3
22
61
4
4
2
5
5
16
8
43
29
44
42
35
14
6
62
112
10
2
5
1
5
19
16
94
17
29
13
25
67
55
43
73
40
28
39
24
14
12
4
12
25
2
19
26
1
12
7
10
39
18
10
22
17
9
8
13
9
31
21
31
5
14
110
7
2
1
7
12
11
15
19
28
41
25
15
10
57
22
20
21
13
12
2
13
8
5
53
4
68
12
21
17
16
15
25
41
50
109
254
245
123
31
28
32
27
12
11
6
5
5
7
1
8
9
16
26
40
15
34
40
31
31
32
30
23
32
26
25
11
4
5
3
9
9
8
9
21
12
4
5
6
12
102
97
19
22
20
14
69
2
8
9
9
30
3
1
11
12
32
27
22
23
25
26
39
17
11
10
80
78
7
4
2
4
1
1
1
10
8
12
5
9
1
7
10
6
4
1
1
1
2
3
1
30
26
8
14
17
2
6
7
5
7
5
8
2
2
3
3
5
1
16
10
5
7
12
24
8
10
3
4
12
1
7
2
7
21
16
13
18
15
13
9
12
9
7
6
14
3
1
9
7
12
12
5
4
7
9
2
6
7
5
4
7
8
1
11
1
3
1
8
12
6
2
7
4
6
2
11
8
2
18
9
5
15
2
3
3
2
1
1
2
9
2
1
8
40
28
28
23
27
11
8
12
23
9
15
7
7
7
3
3
7
5
6
30
24
13
4
1
3
14
23
20
5
4
3
6
3
3
7
1
25
23
21
17
25
1
12
5
8
7
7
6
4
5
1
8
2
9
6
11
21
9
7
8
12
12
4
1
1
1
1
1
3
10
6
20
5
32
12
12
8
1
5
3
5
2
6
5
7
6
6
21
24
28
15
24
14
9
15
7
1
5
4
1
1
3
2
12
43
20
34
24
24
3
19
14
7
21
19
13
23
19
12
1
11
16
10
10
9
11
5
2
3
5
3
1
2
4
15
41
11
9
16
19
11
13
16
6
1
13
11
5
4
3
15
5
1
17
38
37
43
28
23
31
24
7
7
11
13
7
6
4
6
6
16
4
64
79
46
45
34
23
19
8
7
6
5
7
5
3
6
1
4
4
4
34
81
87
43
13
29
19
9
6
10
7
9
11
1
6
2
7
3
17
46
20
28
18
7
13
14
10
4
1
5
2
1
1
2
2
9
50
44
31
19
6
6
7
3
6
7
3
2
1
5
10
18
47
12
4
6
7
11
13
12
7
4
2
7
12
3
8
59
60
22
39
4
30
10
18
4
20
10
6
2
2
10
6
34
4
6
3
9
3
7
11
3
2
4
1
1
50
40
7
15
21
22
13
8
9
4
3
5
2
14
2
3
7
6
1
49
52
37
11
5
7
6
7
4
18
3
6
3
1
2
2
3
19
58
49
49
82
64
76
63
62
41
39
31
27
19
19
20
12
15
6
9
30
29
33
48
49
102
84
125
192
165
190
167
116
118
158
181
40
19
6
12
5
2
22
17
28
46
87
106
109
119
127
164
164
182
143
115
75
54
4
9
6
3
13
15
18
34
32
40
27
28
64
42
18
65
70
18
30
31
23
10
9
5
8
22
2
23
2
26
15
36
55
54
72
67
74
65
6
9
5
18
27
2
66
1
3
2
3
1
3
2
1
2
4
2
9
3
7
2
5
4
1
1
2
1
2
2
2
27
84
1
3
26
7
57
39
55
38
15
33
54
29
14
25
17
26
13
14
18
16
15
18
16
27
28
15
25
22
27
53
43
82
45
38
44
28
22
15
10
19
22
19
30
15
8
16
27
36
14
15
31
50
16
38
58
54
34
28
15
28
33
15
23
15
15
26
17
47
65
92
47
13
27
20
9
17
17
17
11
24
18
28
42
31
26
23
50
35
64
46
57
46
25
33
27
17
17
17
16
14
12
13
16
26
24
23
26
30
33
42
88
60
63
51
45
52
30
15
7
19
18
20
14
9
11
9
8
11
17
17
16
14
43
54
62
62
42
15
37
15
16
16
18
12
21
22
14
7
14
19
22
11
19
18
10
24
60
93
70
56
46
50
47
20
16
18
4
19
23
8
16
6
14
13
4
7
8
11
9
10
34
61
67
51
40
29
31
24
25
14
1
37
18
16
16
19
30
16
13
13
13
17
15
5
17
18
26
20
20
46
42
26
32
44
10
13
17
29
17
17
10
16
8
9
16
23
17
13
14
17
16
37
40
54
63
42
34
25
12
11
19
7
13
14
5
5
2
5
7
10
8
13
9
12
13
14
16
17
16
30
15
10
18
8
10
12
9
11
8
5
8
12
20
27
12
24
37
20
20
28
36
37
37
36
29
31
18
23
24
16
21
16
15
13
21
12
15
16
14
19
22
25
33
31
38
47
42
61
33
34
23
16
12
10
18
10
21
17
5
10
22
18
15
26
40
26
24
31
44
47
42
36
22
20
24
25
13
11
12
20
15
13
17
29
14
8
2
7
24
29
33
32
41
28
30
22
27
12
25
21
27
24
26
22
15
12
10
13
29
13
35
26
30
30
29
55
8
4
11
22
14
24
20
7
12
15
20
15
18
17
20
31
29
56
55
58
36
30
27
32
21
16
20
14
12
14
9
5
9
23
7
22
17
28
16
19
32
42
49
35
51
46
31
26
30
19
9
17
20
12
9
5
7
14
12
18
19
7
15
19
9
34
44
52
30
38
24
25
18
17
13
17
15
15
16
14
5
7
13
17
11
8
18
12
18
42
53
49
38
30
34
28
19
24
16
7
14
12
13
9
7
6
5
8
7
8
18
16
21
41
51
39
42
48
17
31
16
11
12
17
27
10
11
11
10
5
4
3
1
1
6
2
1
16
12
23
10
15
9
5
18
18
12
14
21
20
22
34
39
39
65
53
68
48
54
19
19
17
1
3
26
25
31
33
45
60
83
70
58
35
53
16
24
30
14
24
5
10
11
8
23
12
12
17
12
10
30
42
35
31
42
29
24
20
5
22
23
16
21
15
5
20
13
12
15
16
20
22
14
4
42
48
61
50
40
44
29
14
17
12
23
18
11
14
16
9
7
16
10
21
20
6
11
13
28
47
67
16
17
29
28
18
12
15
19
15
23
20
16
15
14
17
29
33
41
76
86
78
62
70
67
42
28
21
18
24
11
19
27
16
19
26
29
18
22
38
33
52
90
97
107
88
67
64
41
34
37
21
28
28
16
13
11
22
25
19
30
22
23
34
18
54
26
26
28
26
34
43
32
16
18
24
20
16
14
46
12
16
11
6
11
7
9
11
27
29
25
24
38
18
20
32
29
21
19
12
16
9
7
14
27
20
11
12
14
7
17
11
30
23
28
17
22
39
35
32
17
19
20
17
13
9
14
24
20
18
16
14
16
15
9
29
43
51
73
37
29
5
27
31
24
32
14
15
20
9
17
16
25
14
13
5
16
19
15
35
34
39
54
47
56
43
46
24
21
17
10
8
8
13
25
21
18
16
10
11
14
17
17
59
56
70
46
42
50
35
33
49
43
30
26
15
13
23
13
30
18
14
8
17
18
13
22
94
78
98
88
60
73
59
59
41
31
41
25
35
19
10
45
70
19
18
7
28
27
9
42
54
92
86
73
83
68
83
72
66
44
29
36
13
15
25
49
27
23
29
17
37
41
44
74
69
83
50
51
45
47
37
36
25
41
24
23
11
45
54
72
52
22
33
39
54
61
72
73
69
58
61
56
48
44
49
71
37
14
21
23
49
37
39
40
22
25
23
40
17
51
89
89
93
67
76
62
44
58
49
46
27
28
14
14
22
28
25
31
13
22
29
18
31
36
80
98
44
98
78
72
49
46
52
42
40
36
33
18
19
29
28
33
18
24
23
33
24
35
89
88
94
73
69
67
74
64
52
52
44
31
11
17
41
35
40
39
33
48
55
27
30
53
96
91
99
97
60
74
68
73
44
34
19
22
13
15
7
22
26
15
13
19
19
17
15
42
86
109
110
82
71
78
63
69
43
45
32
30
24
24
9
31
20
14
24
16
19
23
30
37
81
102
111
103
44
68
68
50
55
33
36
24
24
9
20
19
15
11
9
22
16
25
37
46
98
109
93
76
90
72
50
44
54
39
24
41
13
21
16
21
17
19
15
22
11
22
36
47
108
99
66
102
74
82
69
43
36
30
42
23
20
8
16
12
16
15
14
24
38
38
64
62
69
82
67
93
82
77
73
55
59
37
33
38
40
17
17
42
52
38
40
35
21
56
33
40
77
112
94
53
29
47
11
