2
3
2
7
2
2
5
8
10
14
8
1
7
5
10
1
4
1
5
2
1
3
1
1
4
1
1
2
2
10
9
1
14
1
1
2
5
5
2
2
2
3
2
1
2
1
3
1
1
6
2
3
1
2
1
1
1
2
1
1
1
1
2
4
4
1
1
1
2
1
1
4
1
1
1
1
1
1
2
1
14
1
1
1
3
1
16
1
1
1
2
2
6
2
2
3
1
1
2
1
8
1
10
8
1
4
8
13
19
4
4
2
4
6
10
6
13
15
4
22
16
20
2
3
4
7
7
3
3
3
1
16
1
1
6
1
2
2
3
1
1
3
3
1
2
8
3
1
2
6
3
9
1
2
1
3
4
3
2
1
4
3
1
3
23
9
15
4
6
2
1
1
2
5
3
14
3
5
10
1
1
11
3
17
10
4
27
1
1
1
1
2
2
1
1
2
4
4
1
2
1
4
1
1
1
4
4
8
19
1
1
1
6
1
3
7
4
2
15
12
11
39
18
10
4
2
5
7
1
3
1
2
8
16
7
4
16
16
4
14
7
1
2
2
1
11
1
5
4
8
3
1
2
1
3
2
1
1
2
1
4
7
1
1
4
2
2
2
5
1
2
1
1
1
1
1
4
4
1
1
1
1
1
1
2
1
1
2
1
1
1
1
1
1
3
2
4
1
1
4
1
1
1
2
3
1
1
1
3
6
4
1
1
2
2
3
1
2
5
5
1
5
1
4
1
1
1
1
1
1
1
1
1
3
4
1
3
4
1
1
4
5
5
1
2
2
2
1
2
1
1
1
3
1
2
1
1
2
4
6
1
4
3
2
1
1
2
1
5
12
1
1
1
1
1
1
2
3
8
1
3
4
6
1
1
1
1
1
3
8
5
2
1
1
3
1
1
2
2
3
1
7
1
1
2
2
1
2
1
1
1
1
1
2
1
14
4
5
2
3
1
3
5
11
11
8
27
12
20
3
2
4
3
2
1
2
1
1
1
6
3
1
1
1
1
3
5
1
3
4
1
3
1
1
1
1
1
1
1
3
3
1
1
1
1
1
2
1
1
1
1
1
1
1
9
3
2
1
1
1
1
1
4
1
1
1
2
1
1
1
10
5
4
14
26
12
25
3
9
25
1
2
5
8
2
2
5
2
2
1
2
1
4
1
5
2
1
3
1
2
1
1
2
1
2
1
3
2
2
1
3
1
2
1
1
1
1
2
8
3
29
7
11
1
1
1
1
2
6
2
1
1
1
9
1
1
1
1
2
1
2
4
4
1
2
2
1
4
2
1
1
1
1
1
1
1
2
2
2
6
8
10
9
2
6
1
2
1
29
18
29
8
4
1
1
3
5
3
2
1
3
1
1
2
1
1
3
1
1
2
1
1
1
2
2
2
2
2
1
1
1
1
1
17
2
7
2
1
1
2
4
1
4
1
1
1
1
1
1
1
2
1
4
2
2
2
1
1
2
1
1
4
2
1
4
8
1
1
5
1
7
32
24
7
1
15
18
5
4
5
9
1
1
2
1
3
1
4
3
19
1
1
3
2
3
2
1
2
3
1
1
1
2
1
1
3
2
4
1
1
1
2
2
1
3
4
4
1
1
1
1
1
1
1
6
7
14
9
8
19
34
14
10
4
17
3
7
11
4
2
2
1
1
3
9
12
6
14
1
5
3
5
1
1
6
1
3
1
2
7
4
3
1
2
1
1
1
2
2
2
8
7
1
3
3
4
1
1
1
12
5
2
2
9
2
3
2
4
1
3
6
5
5
4
4
5
2
2
2
8
18
8
8
17
25
1
4
3
5
1
6
2
6
5
3
2
2
8
4
1
3
3
1
2
4
1
1
1
2
1
2
1
2
1
1
1
1
1
1
6
1
1
1
5
1
1
15
2
1
2
1
4
1
1
5
8
4
19
10
11
22
12
8
2
2
3
1
1
4
1
1
2
9
17
20
3
14
5
9
2
1
1
3
3
5
10
6
7
2
2
1
1
6
2
3
3
3
1
2
2
2
1
7
3
3
8
2
1
1
2
1
1
10
1
1
3
1
1
1
1
4
1
1
1
1
1
1
1
8
2
1
3
2
3
11
14
1
2
3
3
11
2
11
1
2
1
5
12
2
5
13
13
2
25
16
1
8
1
10
1
2
4
6
10
12
3
2
7
5
2
4
1
1
5
1
9
9
12
2
6
1
1
2
1
2
2
4
1
3
2
1
1
1
1
3
3
1
1
1
2
1
1
1
2
2
5
4
3
6
2
1
1
6
3
1
1
1
1
18
7
4
3
1
2
22
11
2
3
1
1
1
1
12
14
15
17
1
4
5
10
1
14
3
1
32
12
12
12
16
7
4
1
3
9
2
7
1
10
2
1
1
1
4
1
1
1
3
2
1
1
3
1
18
4
1
1
11
4
3
3
1
11
3
2
4
3
6
3
1
17
7
6
11
12
6
2
8
1
1
6
12
4
2
2
6
1
5
1
2
1
1
2
2
1
1
3
11
1
1
1
4
2
1
1
1
3
14
1
3
8
6
8
2
4
1
1
5
8
2
7
5
27
2
10
8
5
13
17
13
11
10
11
4
8
8
2
9
46
36
35
32
24
19
27
15
11
9
18
11
5
1
1
1
1
4
2
2
1
1
6
5
9
5
5
1
11
7
8
8
1
1
4
1
2
3
2
2
4
4
11
2
5
1
4
2
3
1
2
3
2
5
1
1
1
4
4
3
8
2
6
1
2
6
11
2
1
2
5
1
14
13
40
55
4
6
37
4
3
11
2
1
1
3
2
5
19
25
33
20
1
1
1
2
1
4
3
2
2
2
6
20
18
24
24
19
21
13
9
2
3
2
1
4
3
2
4
2
4
8
6
3
1
3
1
2
1
1
1
1
2
2
1
2
1
1
3
3
3
3
6
5
1
1
2
1
1
4
2
2
2
3
1
2
1
4
1
1
3
6
2
8
2
4
5
2
1
8
3
3
2
1
3
3
2
3
3
3
4
3
3
7
3
7
9
11
4
5
12
4
1
1
2
1
2
3
1
2
4
4
4
4
2
6
4
8
5
7
4
3
5
1
2
1
4
2
2
1
3
3
2
1
1
1
1
1
5
1
4
3
2
8
1
7
1
2
1
3
2
3
1
2
2
3
2
1
2
5
7
2
2
3
4
3
2
2
3
1
1
1
4
2
2
1
2
4
8
3
5
5
3
3
6
3
2
1
3
2
3
2
4
2
5
3
3
5
4
12
7
7
1
2
1
3
3
1
1
2
8
7
6
6
10
11
9
4
10
6
7
11
6
7
4
5
8
11
14
10
15
14
5
10
6
4
10
12
4
5
5
7
5
2
5
2
3
8
10
16
13
20
13
2
5
1
3
2
4
5
8
9
13
11
10
11
12
13
7
3
3
6
6
3
4
1
8
5
5
4
3
3
6
10
1
5
4
7
3
4
4
8
7
6
2
8
10
3
3
1
1
14
28
30
14
15
91
78
90
120
151
184
218
282
285
251
214
219
146
171
168
92
76
36
37
62
39
39
26
43
76
87
88
71
69
57
115
135
125
124
71
52
69
47
91
57
23
30
20
22
28
18
16
72
54
143
111
117
104
130
142
154
116
118
118
100
86
65
52
33
26
32
21
42
39
39
35
48
104
87
115
141
130
158
206
264
373
432
385
314
332
364
390
279
178
219
194
234
268
181
172
227
337
287
313
247
162
162
222
223
226
200
239
234
182
146
207
197
16
108
181
143
124
137
190
235
318
273
317
310
387
381
356
346
296
279
288
251
187
102
74
33
33
33
37
29
37
66
68
74
104
78
88
104
99
128
113
106
117
141
146
121
43
40
54
51
40
18
18
17
10
19
37
64
94
85
82
56
64
80
86
94
114
85
128
118
53
38
17
12
18
19
25
10
30
16
50
74
87
116
128
82
119
170
217
265
273
217
202
140
70
77
44
49
23
21
31
42
26
23
43
43
85
108
99
87
170
161
182
221
217
154
151
112
84
112
45
63
38
23
19
30
17
34
67
94
217
242
153
124
166
170
275
269
292
248
242
183
133
109
88
35
44
74
75
77
95
78
202
266
264
261
279
309
317
301
325
395
414
319
256
212
181
167
105
86
76
67
69
41
52
59
97
167
195
213
299
244
280
376
382
365
338
359
349
357
328
252
218
114
88
79
83
90
153
167
246
299
290
255
237
377
350
292
315
291
328
315
329
281
185
149
190
156
214
167
76
94
82
116
101
111
128
158
193
260
264
265
278
248
300
208
171
145
28
21
97
110
200
114
94
85
92
122
124
116
137
127
111
127
155
174
165
194
219
202
201
167
101
45
53
41
35
36
38
31
48
83
115
68
105
111
70
46
56
52
51
53
42
50
52
42
25
24
22
25
16
6
20
30
13
17
51
75
66
74
58
32
61
92
96
96
75
65
65
74
98
108
77
33
7
3
17
8
36
34
52
62
119
91
118
141
167
163
210
194
191
190
192
162
147
131
76
69
61
48
67
61
81
77
152
158
236
209
229
205
207
221
212
259
245
235
195
188
155
110
94
62
90
104
140
115
124
130
201
186
184
208
241
218
248
301
297
297
315
305
273
271
262
156
121
71
82
70
53
56
72
77
73
38
91
88
108
141
159
139
119
111
114
112
105
103
222
243
136
86
91
51
63
122
187
144
152
220
262
235
259
284
294
296
310
353
370
268
287
237
224
196
173
170
141
156
118
115
94
100
195
196
147
219
210
194
289
337
351
304
269
261
196
164
168
122
92
62
63
49
51
48
47
85
124
168
180
200
107
181
205
218
278
256
258
221
250
354
273
257
300
180
105
125
116
105
95
59
121
127
177
238
221
239
312
321
362
227
327
246
243
176
170
281
211
159
88
86
112
170
257
234
233
210
189
176
233
255
264
321
327
283
285
315
293
260
229
199
248
208
154
133
102
76
120
151
215
247
309
336
377
468
428
475
492
539
517
488
398
206
189
258
272
189
186
269
278
223
184
179
140
184
246
147
166
247
261
312
310
288
301
245
182
121
85
96
90
74
48
27
24
21
26
29
31
66
52
46
80
103
113
140
160
153
164
161
164
143
79
84
63
40
33
30
32
18
41
39
64
92
109
123
85
103
162
189
248
274
232
218
222
159
124
138
100
62
37
19
11
2
9
17
13
14
22
24
18
35
54
92
244
213
184
206
116
196
288
288
249
130
167
181
141
207
136
104
137
210
279
304
292
349
416
433
508
475
423
445
369
294
222
189
168
104
79
100
107
70
77
147
127
142
152
165
198
208
182
201
158
184
175
185
174
185
110
104
112
78
51
71
63
51
78
90
111
108
150
118
159
157
132
143
112
88
81
126
130
122
65
43
33
40
38
30
54
113
70
37
66
109
100
101
73
100
150
148
176
209
204
205
172
193
149
105
65
28
44
51
58
80
84
82
124
135
99
138
179
129
107
112
121
113
120
128
119
138
126
74
125
84
87
78
76
92
81
99
83
86
116
160
112
114
82
94
114
165
138
151
115
79
64
51
72
91
132
141
113
59
58
80
84
147
167
151
182
102
121
119
82
159
192
175
150
153
124
89
70
67
30
48
43
52
41
46
63
77
93
109
152
102
110
142
129
156
144
175
133
170
93
74
72
55
84
95
73
63
78
99
88
116
105
110
107
151
225
203
184
168
198
231
272
273
162
119
127
146
116
73
74
76
84
107
119
130
301
316
215
269
248
221
243
255
282
238
304
225
157
184
218
207
222
185
184
178
187
196
191
191
260
192
205
316
314
377
372
491
435
370
367
309
216
193
195
162
137
128
133
120
180
207
198
287
366
367
416
385
460
407
459
501
507
464
481
314
234
225
139
124
145
160
97
116
119
128
178
188
200
204
226
224
269
350
279
246
255
247
245
223
170
189
109
71
26
21
17
36
42
43
56
110
157
138
102
94
158
182
182
139
209
149
108
121
80
53
129
79
92
84
156
150
179
151
183
275
281
261
263
293
294
297
251
290
341
295
268
170
109
96
78
79
58
52
63
74
91
119
192
224
278
317
288
313
317
337
349
358
395
375
393
323
175
158
110
66
100
74
96
174
192
305
346
370
376
386
425
407
433
596
686
658
631
600
509
513
481
390
401
400
439
277
492
578
619
642
606
610
634
640
700
705
674
696
655
658
487
413
371
345
243
283
279
222
244
236
210
273
322
346
329
319
340
351
338
298
317
299
249
255
202
186
210
181
135
149
173
183
205
215
209
203
233
281
271
280
269
328
312
359
349
402
302
296
226
219
261
277
207
227
227
186
198
214
182
187
175
158
192
155
146
183
153
214
206
219
228
210
153
114
109
94
74
87
109
114
149
117
108
198
138
140
135
135
158
183
192
270
298
317
247
255
194
308
355
286
259
121
79
65
90
88
74
81
105
106
153
147
192
253
274
278
334
362
283
295
431
357
319
269
153
165
215
238
256
330
393
376
410
339
338
387
410
463
442
479
460
551
473
390
403
339
255
303
301
267
256
166
257
290
318
337
394
466
515
494
558
642
699
735
737
725
635
624
666
575
512
500
572
385
364
315
329
393
332
408
472
530
514
462
486
538
486
475
514
512
467
378
333
334
163
190
178
214
244
208
295
302
294
350
411
357
305
246
237
265
363
504
492
473
455
428
358
230
242
296
261
278
283
342
339
286
264
326
328
317
335
369
421
477
433
439
465
461
430
379
268
251
257
285
226
229
211
216
309
325
272
312
339
322
396
402
411
373
427
386
381
398
389
340
284
204
186
177
202
153
172
154
182
203
185
260
288
282
262
243
415
377
397
376
368
351
352
413
314
215
297
256
236
238
226
249
226
283
247
267
211
247
293
352
258
170
209
251
220
250
307
245
295
145
126
148
120
106
97
97
110
85
115
109
118
152
176
215
265
249
317
322
318
334
260
242
187
152
213
150
102
172
126
172
171
193
152
191
203
207
286
281
353
342
381
363
214
198
245
125
52
54
122
135
128
93
93
163
213
303
247
216
239
231
254
57
7
82
114
137
130
241
144
275
353
344
383
404
481
543
471
418
291
255
204
232
235
263
320
420
388
351
427
375
307
415
480
460
461
526
449
293
189
225
192
211
159
208
134
106
197
190
161
154
176
172
105
183
106
180
245
349
318
359
277
479
513
526
713
782
678
522
379
491
615
600
525
538
581
575
614
613
600
675
664
677
778
639
660
799
818
787
741
697
467
323
304
236
311
237
135
166
239
147
128
228
193
231
219
257
292
245
208
220
235
275
269
291
273
255
200
183
147
142
185
169
214
214
215
234
215
188
199
229
255
312
407
411
338
408
465
427
402
457
464
246
226
275
233
147
220
219
244
275
262
359
367
386
406
524
424
574
501
541
547
584
609
552
551
317
325
307
228
255
211
229
218
287
243
245
309
387
367
375
446
401
476
501
511
522
484
476
370
308
287
256
256
300
258
300
333
363
402
455
526
533
617
485
573
564
598
677
697
614
548
524
428
361
451
282
149
156
187
209
173
169
167
184
196
215
215
216
198
171
221
204
228
245
294
243
180
181
269
260
208
150
193
144
279
233
204
233
283
264
223
135
77
118
310
441
474
412
396
385
288
243
348
330
235
288
297
330
351
381
292
335
344
388
387
381
410
429
490
466
453
477
452
356
341
320
266
237
328
317
242
228
242
215
216
299
273
239
376
380
426
341
232
220
226
269
242
261
236
178
195
140
43
106
113
107
142
153
172
203
210
225
179
348
313
331
318
317
325
325
320
322
314
223
145
177
193
172
148
182
201
218
240
247
256
316
275
352
282
274
299
329
305
285
279
275
277
226
206
149
195
165
164
151
187
220
195
219
264
235
227
203
167
271
274
235
276
273
218
175
177
189
189
126
159
140
173
204
243
233
222
233
263
327
309
324
349
359
377
438
394
412
403
342
280
280
302
260
277
200
136
110
147
176
169
209
238
222
221
131
137
177
192
188
170
206
223
191
122
136
138
98
95
122
123
118
188
250
122
172
229
163
236
282
243
333
236
407
339
420
255
283
377
329
327
241
236
169
153
221
262
278
317
364
345
302
349
432
405
422
451
422
375
408
376
388
265
277
191
130
183
141
112
121
201
224
144
171
176
183
180
158
236
257
190
170
210
219
158
154
165
156
141
90
91
53
118
213
171
272
256
326
310
343
354
365
357
361
514
564
510
477
553
4
5
4
7
5
1
4
5
6
5
16
4
14
4
11
9
10
13
4
12
2
2
9
5
16
11
15
15
23
13
19
32
25
13
24
28
13
41
30
41
27
35
14
23
18
10
20
6
6
1
2
2
4
3
3
3
8
11
18
12
9
11
8
12
6
6
7
3
5
4
2
2
2
3
1
5
6
2
2
7
22
12
10
6
9
10
18
9
9
5
2
8
7
6
2
7
9
8
11
6
14
9
13
15
9
13
15
15
13
20
5
13
12
12
14
13
19
13
5
5
5
7
17
8
16
14
20
7
10
18
22
21
18
24
34
38
20
19
23
23
19
20
23
19
13
11
19
18
21
50
41
30
53
45
59
67
48
38
39
34
25
12
10
13
11
7
5
1
4
5
4
7
11
10
10
12
15
18
9
24
25
18
12
17
13
5
1
2
5
13
11
6
6
6
9
3
4
9
10
13
11
11
11
2
1
8
12
3
3
6
6
8
3
3
8
5
5
4
8
9
5
6
4
18
33
19
29
15
18
12
12
6
6
4
2
9
4
3
1
1
4
6
7
6
2
9
7
10
5
11
4
4
5
5
6
4
3
7
3
6
3
2
1
5
2
3
4
3
3
3
3
4
7
10
8
7
3
6
3
3
4
6
2
9
13
19
20
15
12
5
10
24
10
18
23
30
73
117
140
100
106
81
47
48
25
38
38
38
43
47
44
34
50
65
54
45
39
73
51
57
56
68
43
24
18
11
30
30
41
55
48
38
50
47
69
77
86
58
42
37
41
56
78
86
81
102
75
78
86
79
61
49
37
30
33
26
10
9
12
21
28
47
43
35
31
60
53
61
59
57
33
36
27
28
22
10
18
21
11
22
8
32
22
17
30
36
27
19
28
27
36
22
30
34
20
37
33
29
24
23
18
9
15
28
20
9
16
17
19
19
10
26
30
59
33
69
55
59
32
34
14
8
5
3
2
1
1
1
7
6
3
1
2
5
10
6
9
2
7
2
6
5
4
2
2
2
1
2
2
5
2
7
2
11
10
12
15
18
28
33
35
49
46
38
36
35
28
22
15
30
11
8
4
8
9
8
3
7
5
5
4
1
6
4
4
6
9
5
10
8
7
8
1
1
7
6
6
9
16
5
2
6
9
10
12
10
15
11
14
21
10
14
15
13
10
3
3
1
2
3
5
3
5
6
5
4
7
10
12
19
23
27
32
31
29
24
12
20
13
18
6
4
4
2
1
3
3
8
6
8
12
7
12
22
18
26
19
24
25
27
21
27
10
20
11
10
1
4
8
7
9
15
11
24
23
25
13
9
7
10
3
18
35
21
35
16
18
13
20
54
35
15
11
22
11
36
13
25
25
12
19
46
59
63
101
83
111
84
70
52
34
67
27
13
20
15
1
56
93
104
59
31
22
22
28
19
59
72
40
28
13
2
2
1
1
4
8
3
2
2
2
6
2
3
1
1
1
1
1
2
2
1
4
1
2
1
1
5
10
6
9
10
7
7
6
3
4
4
4
3
5
7
4
4
4
8
4
5
8
2
12
3
2
17
28
27
38
29
32
24
27
10
22
16
14
15
10
14
8
16
11
17
20
12
9
16
19
12
27
21
24
12
12
18
38
21
41
49
13
25
7
2
3
4
5
3
8
1
8
11
10
19
18
14
5
17
8
16
15
6
9
4
5
4
12
14
13
21
22
14
16
30
33
23
36
70
59
38
36
52
83
45
26
3
1
13
17
19
36
32
25
18
12
20
40
25
19
12
9
22
32
41
31
35
27
29
22
26
40
17
4
6
1
5
3
5
15
56
93
69
74
16
22
64
46
109
129
110
38
24
25
17
24
50
78
48
25
67
53
46
29
18
18
5
15
19
9
10
11
14
11
13
13
14
15
3
5
12
2
1
6
3
2
1
4
4
4
5
3
2
4
7
5
13
8
5
1
1
3
3
4
1
1
1
3
4
15
3
7
7
22
10
23
12
19
14
11
15
9
10
8
3
5
5
1
1
1
1
2
4
6
12
11
12
15
13
21
16
18
11
7
5
4
2
8
2
5
6
6
4
2
4
6
7
8
11
2
5
9
6
7
10
6
2
2
5
4
3
6
3
7
2
3
9
18
9
7
11
18
7
9
7
22
17
15
25
12
12
7
6
10
7
4
8
9
10
10
11
3
5
4
11
11
16
10
11
10
17
13
18
7
9
9
3
2
4
3
2
1
2
1
2
3
2
3
7
11
19
18
12
12
21
17
16
14
12
12
9
8
12
13
10
10
6
16
15
8
20
29
19
31
48
44
39
30
36
19
5
5
6
1
3
3
5
10
5
5
4
12
13
11
12
9
20
26
27
17
21
17
22
23
18
11
5
11
13
8
4
3
4
9
6
6
9
8
6
10
6
8
5
17
21
26
23
15
16
15
6
3
1
1
2
4
3
2
7
10
25
5
7
19
12
43
36
54
28
28
44
47
27
56
23
22
11
17
26
20
44
19
46
46
64
52
62
89
70
76
67
55
49
64
77
50
64
48
21
22
24
29
26
23
19
12
2
9
16
17
21
18
14
18
16
28
33
31
35
24
26
12
13
7
4
4
7
9
13
14
15
12
21
27
20
21
26
33
35
35
38
41
32
25
16
8
9
9
4
3
13
13
7
12
13
4
19
22
12
9
8
11
10
13
14
17
19
8
8
2
4
5
1
3
1
1
2
2
2
2
3
4
3
6
2
9
10
11
2
2
5
3
1
4
1
1
2
1
3
1
2
3
2
2
7
7
10
14
20
42
25
27
32
36
34
8
16
20
13
17
27
41
24
15
11
22
16
18
29
29
23
31
40
32
30
24
22
15
3
3
4
7
5
5
2
3
6
5
6
7
4
9
5
10
9
6
12
15
6
7
2
1
1
2
1
5
3
1
2
1
1
1
4
4
7
8
7
15
8
4
3
3
4
2
1
1
1
2
4
3
6
10
8
3
11
7
4
13
15
12
17
10
10
9
5
6
4
6
4
4
1
1
4
3
2
11
7
4
7
2
10
17
35
60
54
74
32
13
13
43
32
76
41
24
90
54
61
61
138
82
35
48
62
44
20
50
51
43
15
1
1
2
1
1
1
1
2
1
1
1
1
1
8
3
1
20
36
18
11
17
20
8
5
5
4
9
4
5
1
4
7
8
13
16
14
14
12
20
23
28
6
15
23
8
3
2
1
3
1
1
3
3
3
3
2
6
8
10
6
9
14
32
9
29
19
20
21
15
21
28
26
17
10
13
53
56
50
54
30
31
12
12
9
10
15
19
31
37
53
44
46
25
6
5
3
3
2
1
1
4
6
6
9
9
10
10
8
14
16
22
14
57
79
57
31
22
12
11
9
3
12
17
21
11
12
15
14
19
15
23
22
23
32
27
27
8
9
9
16
40
56
76
18
13
20
7
5
12
15
10
15
17
13
12
24
33
33
37
42
21
10
5
3
9
5
2
1
2
3
4
5
4
3
9
12
12
34
19
12
18
16
15
18
4
3
1
3
1
2
2
1
3
4
15
10
22
8
17
37
26
16
3
3
8
6
3
1
1
3
1
3
2
9
3
7
3
7
6
8
3
9
4
2
4
4
4
2
3
1
1
1
1
3
1
1
6
3
4
8
18
18
11
17
10
13
15
9
1
2
2
1
1
2
1
3
5
1
4
2
1
3
1
1
1
3
3
1
3
3
1
1
3
3
4
1
2
4
5
15
10
11
12
7
17
26
31
40
60
72
71
88
50
51
21
10
12
12
25
25
13
10
10
6
5
2
7
11
21
23
22
29
25
24
38
32
29
8
11
1
3
5
1
2
2
4
2
3
5
7
9
7
4
13
16
16
23
21
26
22
7
9
5
6
5
6
8
5
6
4
3
4
8
6
10
6
7
8
20
20
31
42
20
17
38
18
11
3
3
1
4
9
7
6
20
6
8
18
11
32
28
30
39
40
38
33
23
14
1
2
1
1
1
6
3
4
6
7
8
16
16
10
28
17
20
19
15
13
3
6
8
5
3
7
7
14
11
13
8
15
20
26
22
20
31
34
59
78
128
66
46
56
64
40
26
58
72
49
39
57
45
52
31
24
39
52
54
40
71
48
57
75
81
79
44
41
23
8
19
12
11
23
22
18
19
30
13
26
20
31
24
30
18
22
31
29
36
40
39
21
10
3
4
7
11
6
5
6
12
5
6
2
10
13
12
9
14
19
18
20
18
19
21
10
8
2
4
8
4
6
3
2
4
7
1
1
4
7
5
11
30
28
39
46
25
22
16
26
8
6
1
2
2
2
2
3
5
3
5
5
1
13
7
4
14
15
10
8
10
16
11
10
10
8
7
13
11
2
7
7
5
10
5
11
6
13
5
8
10
10
13
9
17
21
19
5
3
5
4
3
12
13
17
16
15
9
8
9
24
15
19
19
20
29
33
121
73
68
28
13
7
7
10
2
6
10
16
15
29
23
6
7
7
13
6
11
28
30
30
27
14
33
25
27
3
4
8
13
13
14
17
6
4
10
11
9
11
10
20
11
26
35
28
20
30
26
10
7
10
4
6
7
4
3
13
12
6
9
1
9
3
6
6
7
17
16
11
14
21
13
8
1
5
1
1
2
3
2
7
1
3
1
1
2
1
1
2
4
3
6
8
5
2
6
11
15
11
1
4
4
3
3
1
1
2
6
10
5
3
10
15
11
12
8
19
18
11
7
3
1
1
1
1
4
4
4
8
1
2
2
3
4
15
45
39
46
47
72
62
53
23
38
39
14
12
9
8
3
3
8
5
3
4
8
8
10
11
14
18
22
16
14
22
22
16
19
8
4
2
5
4
4
1
4
2
6
3
1
2
13
15
21
8
10
20
11
22
17
10
20
4
3
2
2
5
2
3
4
1
3
1
6
10
9
11
11
9
5
13
8
13
16
9
9
5
2
2
4
1
2
4
1
2
1
1
8
5
6
4
93
13
3
10
9
5
7
8
2
2
5
1
1
1
1
5
5
4
5
7
6
16
44
39
25
29
15
13
11
12
8
10
17
10
44
34
39
21
36
40
23
20
23
27
27
16
29
35
46
53
61
47
35
32
10
8
14
6
7
1
2
6
6
4
5
7
13
11
15
15
19
29
15
17
19
11
9
13
8
3
5
3
2
2
1
1
1
1
11
17
31
32
37
47
49
39
101
61
51
1
1
7
24
20
26
38
41
42
33
45
99
89
81
69
66
41
12
31
12
3
1
7
2
4
8
14
20
24
35
42
67
65
84
114
126
122
94
111
149
62
31
28
18
8
12
8
24
38
33
36
35
66
106
96
118
124
144
101
91
132
107
95
88
89
46
40
66
27
35
37
46
46
45
65
55
69
72
65
93
112
109
153
115
148
127
108
89
78
55
62
49
37
37
39
60
60
53
68
77
90
114
102
103
114
133
167
159
160
127
101
69
53
69
57
53
39
55
34
22
14
2
6
15
16
8
93
103
101
89
40
37
41
43
78
70
78
138
160
163
176
225
198
177
170
225
198
184
117
79
43
60
54
41
58
60
48
39
55
62
126
157
144
136
139
133
136
159
180
161
198
141
102
78
51
51
38
46
39
34
55
22
41
42
58
101
78
114
131
115
178
202
229
171
168
170
160
81
64
65
57
58
43
55
38
24
20
33
56
60
79
99
86
130
119
176
127
207
200
181
148
149
104
47
69
43
31
25
18
27
52
59
71
82
103
58
67
83
112
117
141
106
183
138
105
130
116
171
184
180
145
181
165
180
165
242
195
258
226
229
221
221
231
264
285
356
400
348
253
139
105
104
69
76
52
26
67
57
47
39
58
97
82
113
129
118
113
152
166
165
169
149
90
43
34
29
17
41
22
17
35
34
21
49
64
73
78
98
70
122
121
148
152
155
199
128
109
68
69
92
86
107
6
8
18
34
24
20
16
17
20
23
23
19
24
35
36
28
34
15
16
7
9
13
3
5
19
31
30
53
41
40
62
190
181
199
213
169
135
185
168
145
152
152
113
41
15
6
11
9
1
6
2
6
3
4
4
5
9
17
15
22
31
36
29
36
29
40
32
12
3
3
1
1
2
2
1
3
4
8
11
7
15
8
10
17
21
70
267
244
198
156
168
145
125
92
101
58
75
69
102
76
68
69
126
156
145
120
118
118
150
160
164
169
160
97
103
67
50
55
85
101
72
104
84
86
79
55
92
76
112
117
110
123
154
178
191
163
144
140
101
58
55
36
20
7
17
3
5
3
3
1
15
49
49
54
59
90
100
61
80
98
115
83
59
39
8
10
9
2
1
1
5
1
5
11
14
9
15
17
15
25
18
28
17
12
9
5
8
1
1
3
4
3
4
3
8
4
9
21
25
24
33
52
68
84
67
73
142
198
131
69
71
65
62
58
69
31
34
31
32
39
47
79
100
126
118
121
102
97
153
122
143
118
96
70
41
13
14
7
3
1
1
3
6
2
10
11
11
11
17
33
22
36
24
23
20
13
11
7
1
3
1
2
8
14
40
19
23
21
53
103
187
103
115
79
38
20
34
22
15
6
9
14
14
9
16
8
16
47
45
67
67
89
94
92
81
105
91
87
78
50
35
55
48
45
40
14
36
31
25
8
46
44
42
58
48
76
84
70
70
88
93
46
81
65
49
211
248
155
114
102
131
96
145
123
72
84
71
44
30
30
37
35
34
41
16
10
9
11
25
25
8
6
2
1
1
2
2
2
11
9
21
20
27
19
17
21
18
17
25
22
20
16
14
11
13
57
61
63
44
30
17
13
16
11
20
21
21
15
21
26
22
38
29
33
9
5
6
5
4
2
1
1
2
6
3
5
16
19
13
27
23
27
46
35
35
40
22
11
6
6
5
4
1
1
1
1
2
2
5
6
8
18
23
19
51
78
51
62
35
19
16
18
8
2
6
4
2
1
2
2
1
4
5
13
14
16
17
13
8
15
7
10
7
2
1
3
1
2
1
1
5
3
13
11
9
11
14
10
17
12
12
16
13
3
1
1
1
3
5
8
9
6
12
18
20
27
30
25
14
10
1
3
1
1
1
2
38
10
6
10
18
18
36
29
42
38
28
39
49
23
36
25
18
7
10
9
11
14
3
3
2
5
15
19
33
36
31
14
31
16
23
29
19
15
18
16
4
7
19
2
2
1
1
2
4
4
6
7
1
5
10
14
23
30
26
28
21
13
4
10
6
10
5
2
1
1
4
2
18
24
21
28
15
18
20
24
11
11
7
6
4
18
13
6
1
1
10
10
12
14
28
37
43
8
69
67
32
23
8
8
6
3
7
7
19
15
10
21
22
13
20
80
106
52
79
39
11
51
15
127
178
181
101
78
81
85
93
75
65
103
58
132
149
167
247
303
292
266
262
248
317
296
419
382
309
206
91
56
60
60
46
37
11
12
8
30
34
26
44
69
58
84
86
75
93
56
94
104
117
68
54
21
20
26
21
8
10
6
10
4
15
28
54
58
66
55
62
44
54
47
53
44
37
48
44
13
13
32
11
18
7
13
31
31
37
35
36
24
15
28
34
29
47
25
28
19
4
12
8
8
6
16
14
32
32
38
26
33
39
25
47
74
41
52
55
74
60
41
46
31
33
16
26
27
13
11
8
5
14
15
18
27
13
23
4
4
1
25
38
28
10
7
4
5
5
4
1
1
3
10
15
15
8
12
33
25
24
30
43
27
15
11
7
8
6
9
4
3
3
8
26
7
20
38
29
51
54
40
95
108
98
138
245
258
227
204
127
77
60
56
72
91
140
209
198
170
171
167
125
144
118
108
79
100
138
88
86
71
44
36
42
17
29
26
19
25
29
35
44
56
35
61
40
28
34
44
50
55
66
63
73
49
32
37
23
24
17
13
6
3
1
6
3
1
12
13
11
19
19
24
29
26
25
35
45
28
26
10
6
3
4
26
21
12
16
28
7
3
1
1
2
7
3
8
12
22
12
5
1
6
2
3
6
3
4
4
5
8
13
17
21
29
41
32
62
90
115
143
155
192
147
144
116
92
63
35
25
31
11
3
3
5
11
16
30
65
131
138
147
104
25
65
71
54
74
100
71
81
48
39
70
80
50
24
45
41
141
93
94
206
274
235
260
337
255
509
395
424
448
359
351
343
148
65
89
81
118
60
63
67
82
69
67
83
67
89
76
67
74
77
80
67
83
84
39
31
16
31
47
21
21
12
7
7
30
8
33
27
32
17
15
35
59
63
47
11
60
38
48
30
19
13
19
10
4
8
10
38
23
16
15
19
26
15
17
29
61
61
46
42
33
56
31
6
5
2
6
6
1
10
1
8
26
6
8
7
8
12
6
14
13
17
8
19
16
13
13
9
7
7
2
2
1
18
1
4
5
8
6
9
5
10
8
5
13
13
11
21
16
20
4
10
2
2
14
5
1
1
2
6
7
9
9
12
15
11
19
14
16
24
27
20
14
15
21
18
14
11
16
14
7
22
18
12
12
22
26
16
24
33
12
14
14
15
18
7
8
5
2
3
2
1
2
1
1
2
2
3
5
3
4
3
6
8
15
5
2
4
4
1
1
5
2
4
2
6
10
26
34
37
51
22
42
62
58
55
39
52
64
42
32
16
12
31
17
11
8
15
29
50
63
64
52
78
122
88
96
98
142
95
131
106
102
21
28
10
4
8
5
6
7
10
23
29
28
41
38
62
37
42
42
49
48
46
67
59
11
4
12
11
8
8
2
3
10
12
16
10
19
28
49
36
50
57
53
75
36
54
36
18
9
8
5
1
1
11
4
5
5
11
5
3
13
20
5
10
21
20
60
77
41
34
16
5
2
1
2
2
5
11
12
22
8
16
14
12
23
28
83
81
63
81
99
69
41
32
21
62
56
21
28
36
41
92
66
47
31
77
41
62
54
51
46
37
17
53
16
11
14
7
12
55
11
10
17
1
12
30
26
40
23
20
20
3
5
17
4
2
10
15
5
4
15
18
24
45
18
36
24
9
19
8
7
18
1
2
1
4
2
5
4
3
3
5
7
7
15
9
16
9
10
1
1
1
3
1
1
1
8
1
5
8
9
12
14
12
14
22
4
3
5
3
3
1
1
6
8
2
10
4
6
11
10
12
7
7
8
8
5
5
4
3
8
6
5
10
8
8
11
28
24
15
19
20
24
30
24
13
18
32
11
9
12
19
4
23
12
15
16
14
12
14
1
2
10
2
3
3
7
9
6
5
8
2
6
5
10
12
19
9
5
2
3
3
2
15
7
3
2
4
4
2
4
1
2
2
2
7
4
8
11
6
11
9
10
15
11
21
20
2
8
19
18
27
60
63
44
60
67
66
53
58
67
28
1
1
2
4
20
12
24
22
55
37
39
48
56
51
50
72
46
37
13
12
8
9
4
2
2
14
14
13
27
47
34
90
175
158
151
152
166
85
65
54
25
31
23
34
28
24
49,2,2
35,1,1
12,2,2
12,1,1
26,2,2
18,1,1
37,1,1
43,1,1
60
77,1,1
78,1,1
51,6,6
56,1,1
8,5,5
2,2
2,2
3,3
65,11,11
32,3,3
25
11,1,1
3
1
5
3,3
1,1
1,4,4
1
1,1
2,2
2
2,1,1
3
2
11,4,4
14,2,2
24
25,3,3
18,4,4
19,6,6
24,5,5
43,4,4
32
22,2,2
26,1,1
55
42,1,1
41,3,3
52,2,2
103,3,3
357,2,2
349,2,2
361
441,4,4
384,2,2
507
596,3,3
674,1,1
622,2,2
626
570,3,3
581,2,2
454,5,5
262,1,1
162,11,11
107,5,5
74,4,4
47,1,1
36
35
18
39
38
62
104
139
160
180,3,3
197,3,3
237,7,7
223,3,3
219
206,2,2
174,4,4
197,4,4
188,6,6
172
87,3,3
62,6,6
40,5,5
41,2,2
40,1,1
45,1,1
47
44,1,1
43
61
90,1,1
118,1,1
111,3,3
115,1,1
148
164,2,2
132
176
192,1,1
207,3,3
208,2,2
155,3,3
171,3,3
95,8,8
53,11,11
47,9,9
44,5,5
34,1,1
23,1,1
12,1,1
13,1,1
21
23
44
58,1,1
76
101,1,1
107,2,2
106,5,5
116,2,2
106,2,2
121,1,1
123,2,2
125,4,4
144,3,3
125,5,5
117,9,9
103,12,12
46,9,9
22,10,10
31,5,5
23,3,3
24,1,1
15,1,1
11
21
26
32
25,2,2
66,3,3
95,2,2
91,3,3
82,3,3
114,3,3
101,7,7
123,3,3
114,5,5
118,4,4
139,5,5
123,4,4
118,9,9
57,5,5
25,2,2
25,2,2
34,2,2
28
27,1,1
12
31
19
61,1,1
96
116,2,2
123,2,2
110,3,3
135,1,1
120,4,4
135,1,1
95,4,4
103,6,6
144,7,7
123,2,2
159,2,2
169,1,1
158
149,2,2
174,3,3
175,1,1
210,1,1
174,1,1
84
83
70
83,1,1
87
126
166
218,1,1
290,1,1
308,1,1
328
309,1,1
372,1,1
326,1,1
316
353,1,1
449,1,1
397,1,1
341,1,1
226,2,2
134
105,1,1
61,2,2
57,2,2
38
24
51
39
65
73,1,1
116
187
187
217
222,1,1
216
210
204,1,1
218
240
198
216
237
145,3,3
86,1,1
56,4,4
48
25
42
13
30
24
30
49
76
127
126
122,1,1
140
142
147
174
145,1,1
180,1,1
188
212
196
158,1,1
69,1,1
69,1,1
55,3,3
25,1,1
45
33
27
29
30
41
79
96
198
259,2,2
212,2,2
172,3,3
204,1,1
182,1,1
193,3,3
198,1,1
208,10,10
213,5,5
179,7,7
102,4,4
60,3,3
70,3,3
58
38,2,2
29,3,3
8,1,1
7
45,1,1
64
71,1,1
106
111
105,1,1
82,3,3
109,6,6
116
101,2,2
124,1,1
137,2,2
126,3,3
130,1,1
74,2,2
39,2,2
40,8,8
32,12,12
36,6,6
78,3,3
69
63,3,3
120
31
56
68
95
119
163
161
160
193
181
246
169
152
151
181
136
159
135
99
97
138
80
71
30
35
52
89
70
76
80
75
65,2,2
60,3,3
50,3,3
57,3,3
48,4,4
48,2,2
49,3,3
45,2,2
39,1,1
50,3,3
67,3,3
55,5,5
30,7,7
24,2,2
20,3,3
62,1,1
44,1,1
63
84,2,2
151,1,1
161,3,3
98,2,2
108,4,4
85
64,2,2
79,1,1
105,2,2
89,2,2
84,1,1
74,1,1
55
68,2,2
47,1,1
18,8,8
12,2,2
6,6,6
3,9,9
1,3,3
2,3,3
2,2,2
1,1
2,2
4,1,1
13
12,3,3
15
16
5,1,1
5,11,11
1,3,3
3,1,1
3,1,1
3,1,1
1,1,1
3,1,1
3,4,4
8,6,6
2,5,5
5,1,1
2,3,3
2,1,1
3,1,1
11
11
1
10,1,1
5,1,1
1,1,1
3
3,2,2
2
1,1,1
8
5,2,2
1,1,1
8,3,3
11,3,3
5,4,4
7,3,3
4,1,1
6,8,8
8,8
10,3,3
6,2,2
1,2,2
2
3,2
3
11,3
16
11,1
31,1
17,1
11,1
23,4
12,13
23,7
41,1
22
34,6
24,4
17,9
16,16
28,16
21,6
21,2
13,3
6
11
14
19
29
17
8,1
8
6,1
13
6,4
18,4
4,5
5,5
4,3
1,3
5,4
5,4
5,3
1,5
7,5
3,4
1,7
2,5
3,1
1
1
1
2,1
1,3
3,2
2,2
4,3
4,1
5,2
5,1
2,3
3,9
1,6
4,11
2,11
1,5
9
1
1
2
1
1,1
2,1
9,1
2
2
1,2
2,1
3,2
2,2
1,1
3,3
3,1
1,4
4
7,8
2,5
5,3
7,1
2,1
2
3
10,1
2
7
12,2
20
30
39,1
49,2
54,2
41,2
61,1
72
60,1
59
65,4
81,2
52,4
37,4
16,5
19,3
12,3
7,2
4
20
7
8,4
9,1
9,2
23
27,1
26,1
34
40,3
39
45,1
28
43
29
28
20
17,3
18,7
9,8
14,4
4,3
2,1
4,2
5
3
8,2
8,1
14,2
23,1
33,4
29,1
37,4
31,2
34,5
32,1
32,1
39
38,5
32,5
17,6
20,5
5,12
5,4
2,4
6,3
3
10,1
6
7
6,1
1,1
2,1
12,1
7,4
12,3
10,3
9,2
8
15,3
11,6
23,1
14,2
16,4
16,5
16,1
9,3
16,1
4,1
2
4,1
3
2
2,2
2
2
5
2,1
7,1
9,1
10,7
8,1
7,6
9,1
12,4
12,1
20,8
20,6
14,10
11,3
10
1,6
3,7
2,3
3,1
2,1
1
2,2
4,2
4
12
24,2
36
38
31,1
37,5
25,2
21,1
42,1
31
28,4
38,10
31,11
27,7
14,3
6,1
6,4
3,2
13
5,1
5
3
1,1
1
10
8
16,4
17,1
24
23
28
34,2
47,2
39,2
48,4
31,6
30,1
32,6
9,8
8,4
8,2
7,2
4,1
5
7,1
6
6
7
12
10,2
31
24,1
21,1
24,3
27,1
52,1
56,1
66,1
61,3
59,1
49,6
32,5
32,4
13,4
17,1
9,1
14,3
11
19,1
15,1
20,1
29,1
33
46,2
39
53
46,1
55,2
51,2
52,1
62,2
66,3
53,3
30,1
43,3
32,6
29,3
12,1
15,9
7
3,1
5,2
12
9
4
2
6,1
7
12
24
11,2
21,3
25
42,2
41
54,1
62,2
68,7
44,12
54,9
28,7
19,2
5,1
10
4
1
4,2
9,2
7,1
4
4,2
12
19
27
45,1
56,1
83
97,1
109,1
114,2
86,1
95,4
88,7
70,8
60,4
15,1
8
13
18
18
17
24,2
46,1
27
43,1
48,4
84,3
113,1
94,2
90,4
110
123,3
126,1
102,1
127,1
89
128,1
70,4
67,7
60,2
61
45,2
10
9
11,1
27
35
35,1
38,1
62
54,1
32,1
75
124,3
122,2
96,1
123,1
75,1
103,2
142,2
174,3
154,5
110,10
89,5
87,2
39,1
65,1
70
54
66,2
51
48
97,1
89
67
70,1
73
84
81,2
102,3
102,8
105,26
91,3
87,1
77,1
32,3
21,8
23,1
24,2
16,2
15,1
12
16
14
21,1
32,1
37
60,1
57,4
58,2
52,1
61,6
38
61
73
89
75
53
41
31
36
16
10
16
6
7
7
8
8
6,1
20,1
23,2
12
17,1
19,1
20,4
16,3
13,4
18,1
27,6
27,3
13,8
14,4
14,7
33,3
54,1
24,2
24
13
13,1
19,1
23,1
26,1
25,2
38,1
54
39
40,2
53,2
49,3
52,1
60,1
70,4
61,1
54,2
50,1
66,3
50
26,6
24,4
19,4
12
8
6
7,2
8,1
6
3
5,1
4
15
16,1
17,1
25
29,1
29,4
32,4
44,2
50,1
55,2
64,3
36,2
20
9
4
3
51
6
3,1
5
2
7
3
9,1
23,1
5
10
4
7
10
10,1
11,2
7
12,1
11
15
11
5
7,1
3
4
7
2
5,1
2
7
17
14
15
26
29
23,1
29
37,3
34
34
17
17,1
12,1
5
4,5
4
1,1
2
2
3
5,2
1,2
2,1
7
2,2
2,2
4
3,1
5
11
4
2
1
2
4,1
16,1
6
7
9
13,1
6,2
10,1
4,3
1
1,2
2,2
4,2
5,3
4,3
10,5
4,4
6,6
2,3
2,3
2
1
1
2
4,1
5,2
1
1,1
4,1
1
1
11,2
21,3
38,6
24,3
39,5
52,17
39,15
33,10
27,22
27
21
18
14
8
10
15
11
7
4
8
17
16
18
18
23
24
26
24
16
26
20
28
20
21
9
10
6
3
3
1
2
4
1
2
3
3
2
1
1
5,2
2
7,1
7
9,2
11,2
14,1
8,5
8,7
17,3
11,8
5,1
5,6
3
1
6,2
1,1
3
5,2
6,6
1,6
10,4
5,4
17,2
22,2
21,3
41,1
38,1
65,1
55,3
66,3
52,2
46,8
44,3
40,2
38,4
15,4
2,4
9
8,1
10
11,1
15
19,4
18,3
16,5
21,2
20,2
18
32
37,4
29
40,1
40,2
30,1
21,4
25,4
32,2
23,4
24,4
7,3
5,3
6,3
5,1
7,2
2
6,2
2,3
6,4
5,4
5,1
14,3
28,1
26,1
23,1
28,2
33,2
27,2
26,1
43,6
36,7
61,3
59,1
51,4
15,4
15,4
15,1
4,1
6,2
6,2
8,1
7,5
6,2
6,3
6,6
6,1
7,1
6,4
6,1
6,2
6
6
6,5
6,4
6,5
6,6
6,8
6,5
6,3
6,7
6,4
6,5
6,2
6,1
6,2
6,6
6,4
6,9
2
11,1
6,5
31,1
7,3
2
1
7
7
5
4
7
4
13
3
3
1
1
2
1
3
11
5
1
1
3
2
4
4
6
4
2
2,1
10,2
14,3
7
7,1
11,2
17,3
15,2
32,6
10,1
5,9
2,8
5,10
1,5
1,3
5
1,2
2
6,2
3,3
3,5
5,5
9,7
34,4
43,1
49,3
48,2
72,5
72,2
117
71,1
47,3
62,3
86,6
73,6
56,6
51,7
32,2
21,2
10,3
12,1
9,3
18,1
22,2
22,2
14,3
19,4
19,5
24
14
21,1
13,1
18,4
4,4
19
17,3
15,3
17,8
28,5
14,9
11,9
15,7
5,2
5,1
2,1
1
3,3
5,2
4,1
6,5
9,8
9,3
8,2
10
8,1
15,2
14,2
13
23
15
19
12
14
14
18
7
14,1
5,3
4,2
4,1
6,3
8,1
5,5
8,3
8,4
15,1
20,4
12,1
24,1
41,5
49
39,1
31,2
44,3
43,3
47,11
51,5
40,6
37,6
33,3
25,6
17,2
31
12,2
1,3
3
2,4
7,5
7,3
7,3
5
7,1
18
18
26
33
29
32
23,1
27
21
11
8
12,3
10,3
4,1
5,2
13,8
18,3
13,3
22,5
16,14
13,3
25,2,16
26,1,12
15,1,17
11,22
11,21
17,25
29,2,32
27,1,25
25,4,34
38,5,56
32,2,59
43,7,41
36,3,68
39,2,75
47,7,57
49,1,40
52,2,41
49,1,40
41,2,26
37,3,2
39,4,2
28,12
50,4
68,2
54,2
26
35
37,5
37,2,1
28,9
20,2,26
26,3,38
35,49
46,8,46
37,2,40
55,7,58
28,6,48
42,5,61
42,6,65
36,2,69
25,3,44
32,3,27
16,2,6
35,1
30,4
21,8
10,7
8,3
16,3
32
31,1
39,1
40,5
32,1,9
51,17
62,1,25
48,2,52
76,2,46
56,11,56
41,3,58
62,3,64
50,3,73
48,4,86
25,5,59
8,1,61
4,2,50
4,2,25
1,4,5
9,8,1
3,4
2,7
3,9
4,5
6,2
10,1
21,1
12,2,2
6,1,6
15,1,18
14,3,29
29,5,22
49,2,35
37,2,44
38,6,35
32,10,43
38,7,45
24,4,43
16,8,42
26,5,42
22,5,40
36,2,14
5,5,3
5,8,76
10,5,218
16,2,88
29,3,68
30,252
18,4,77
52,17
61,1,21
50,1,19
54,1,18
63,1,24
55,27
49,1,32
54,3,20
58,8,51
26,4,48
53,8,29
80,1,46
35,3,53
32,3,42
18,1,31
20,1,30
27,5,34
12,4,34
19,5,18
19,9,17
25,7,9
22,4,3
17,1,2
21,2,4
18,2,15
24,1,22
23,1,22
28,1,25
15,1,15
25,15
20,3,28
28,9,30
21,10,39
29,3,42
36,3,47
35,4,41
26,4,53
19,6,52
13,3,34
13,1,34
1,25
5,20
7,17
6,5
8,2
5
1
2
1,4
2,10
3,21
1,20
24
2,15
1,40
7,30
6,37
5,54
9,51
8,63
3,70
4,60
7,38
1,29
3,49
4,42
2,10
8,9
8,26
4,14
11
13
2,17
2,15
4,15
5,15
2,16
4,31
1,28
5,22
3,43
10,76
7,69
9,61
8,52
5,49
4,43
4,30
5,36
6,42
12,42
8,40
8,18
5,13
3,17
4,16
4,7
3,11
2,19
2,10
24
2,23
3,21
5,45
3,57
7,46
6,66
5,82
10,60
4,58
5,49
2,33
2,42
1,34
8,30
7,31
7,24
10,26
5,16
1,13
18
19
11
19
26
30
30
57
50
62
76
72
72
64
56
57
49
32
56
18
1
20
24
1,24
25
1,25
29
34
44
47
52
1,57
70
1,68
50
43
27
17
24
10
2
4
10
24
18
33
36
28
55
59
48
50
74
86
2,55
4,53
1,42
16,1,31
12,3,31
21,3,46
28,6,9
21,6
53,4
55,3
56,4
67,2
72,4
1,10
2,16
5,25
23
32
2,35
4,48
5,55
4,70
3,55
5,100
7,68
6,60
2,50
5,45
3,32
6,60
8,45
6,14
6,1
1
2
1,2
4,12
6,27
3,19
3,21
3,23
3,33
5,51
3,45
5,45
3,61
2,76
4,78
4,50
3,45
4,30
2,41
26
4,44
8,25
11,12
5,3
1,1
3,2
4
1,9
2,9
3,28
5,19
1,23
1,23
1,38
1,38
2,35
4,66
6,45
5,59
2,41
5,50
5,38
1,54
1,40
4,52
4,45
9,38
7,23
2,9
3,10
3,21
2,24
1,17
2,24
3,20
1,24
2,27
3,40
8,44
7,104
8,99
6,103
6,86
7,90
2,79
5,76
1,58
4,60
1,116
17,89
15,67
6,24
9,49
7,34
5,38
2,32
4,25
5,39
1,32
1,37
3,52
1,57
4,64
12,67
8,54
6,69
15,72
7,82
4,63
6,68
1,51
3
4
10
4
7
2
3
6
3
4
2
6
1
4
5
7
8
10
9
7
9
5
4
33,2,54
44,1,34
35,6,41
22,5,25
21,5,2
41,4
36,3
54,2
73,1
84,4,5
64,2,9
76,7,3
84,4,27
96,4,31
56,3,32
53,3,42
28,6,46
31,9,42
44,11,44
60,9,61
87,59
45,57
50,2,81
54,5,43
54,5,40
53,1,53
84,2,16
75,5,1
99,10
76,7
113,5
79,10
72,2,1
97,1,1
123,9,5
129,3,11
112,1,24
131,2,20
123,30
99,2,47
91,2,48
122,6,78
108,12,65
127,8,28
112,15,37
105,8,68
61,8,54
56,3,38
35,12
42,3,37
43,8,49
33,3,8
49,12
60,12
48,2
60,2
63,5
78,1
84,3,26
80,5,15
86,1,24
86,3,39
65,2,18
71,7,29
80,6,36
67,5,59
94,3,42
54,9,21
70,13,70
71,11,56
31,5,41
1,1,45
12,6,52
14,3,21
13,7,6
16,6,2
18,7,1
17,10,10
43,1,2
46,4
49,3
50,2,17
70,4,30
80,35
76,2,38
98,23
108,23
116,2,26
136,3,54
143,3,57
165,3,64
154,4,87
146,92
142,2,67
147,11,75
163,2,44
105,3,53
74,4,21
26,2,3
24,8,1
20,9
7,5
20,2
39,4
49,2
97,1
92,2,18
101,3,31
124,2,14
105,2,20
104,2,24
86,1,30
107,5,40
102,2,47
118,4,34
99,1,54
104,7,43
109,2,45
85,6,19
74,1,32
77,35
83,2,15
50,1,133
77,7,103
106,7,1
94,2
107,3
108
124
143,5
192,18
196,15
184,2,26
203,3,22
177,29
207,2,27
237,4,31
270,6,36
235,6,55
234,15,42
230,13,68
149,6,42
97,2,35
96,3,37
63,15
82,2
57,9
49,9
77,3,42
72,5,22
74,29
63,22
77,2,20
70,2,27
80,24
133,1,24
85,1,37
111,4,51
87,2,37
73,4,34
75,2,57
91,2,33
101,8,81
99,8,77
67,7,78
74,1,44
72,37
64,41
28,41
15,47
32,35
21,37
39,29
42
49
61
67
56
64
43
80
83
62
62
77
69
71
69
69
81
62
64
48
58
63
32
56
56
66
66
106
80
66
98
74
78
97
64
77
77
60
45
76
102
72
77
44
54
83
55
115
110
134
111
172
109
140
196
222
191
159
175
162
158
155
129
134
198
182
176
144
159
146
146
188
241
215
224
172
203
185
209
197
219
194
217
289
203
203
209
203
173
89
43
40
68
79
78
83
86
142
119
75
116
145
140
260
152
170
151
195
164
185
178
158
174
114
113
113
120
144
130
136
123
163
184
175
188
200
217
189
190
219
201
172
181
199
171
174
116
77
73
67
41
40
71
48
46
51
58
88
66
78
65
90
101
110
99
108
92
91
88
87
85
46
31
34
31
35
25
46
46
52
58
65
76
77
73
73
41
65
94
106
123
133
128
100
137
95
102
85
150
83
64
116
161
144
141
102
167
130
146
112
122
123
116
154
169
136
164
161
128
107
62
81
75
51
77
123,15
120,21
111,6
122,6
133,9
130,5
125,16
123,13
136,8
151,9
151,31
185,46
180,56
160,56
205,52
187,72
201,137
149,145
69,81
58,84
54,41
52,52
37,44
38,15
40
43
62
96
59,6
79,13
114,28
225,20
151,19
150,6
143,11
142,3
144,15
127,7
154,48
132,17
183,61
117,33
66,39
50
34
12
29
28
27
61
65
102
113
132
121
154
157
123
136
149
178
150
132
130
131
103
62
30
29
23
21
21
19
18
39
43
53
48
42
50
38
69
49
69
91
71
78
56
48
84
82
55
65
33
15
18
22
16
11
18
17
48
50
42
47,8
47,29
34,34
52,56
69,12
70,42
62,43
67,63
50,71
32,49
21,16
16,42
22,56
30,44
23,29
27,48
33,31
29,42
38,29
37,22
32,15
53,21
63,21
51,18
70,14
53,23
53,27
43,28
50,34
80,37
78,51
91,78
91,47
67,25
36,7,12
17,38
23,53
27,11,49
21,4,48
28,14
29,43
47,12
47,4,13
36,4,24
49,5,17
36,2,15
51,2,33
55,27
34,2,20
61,3,22
40,2,29
57,8,39
55,5,58
66,8,83
52,13,80
32,13,96
50,13,110
34,63
16,1,75
6,8,84
5,7,78
8,7,89
22,11,75
28,12,57
12,13,27
29,9,51
21,5,30
24,5,22
38,5,16
43,4,23
48,7,29
70,6,19
45,6,11
61,23
58,5,24
63,5,29
65,3,53
91,9,44
82,12,28
73,18,34
51,11,28
36,11,96
20,2,90
13,2,86
20,1,90
23,8,94
23,8,63
20,14,71
23,14,57
63,9,32
46,9,29
31,5,19
45,2,18
67,3,25
79,5,24
58,1,21
88,6,16
59,3,27
61,1,28
60,7,46
80,10,68
71,9,76
58,10,119
63,7,111
51,10,97
45,5,112
12,4,110
8,6,96
20,9,122
17,12,104
16,13,75
8,11,44
15,12,87
11,10,44
28,7,20
17,3,26
32,3,29
24,8,29
40,3,35
37,7,38
65,6,46
62,4,33
63,4,45
70,7,52
78,8,55
89,3,80
87,10,117
76,18,129
53,5,117
82,10,122
35,1,131
28,2,123
22,5,149
11,12,116
1,17,101
10,21,27
13,13,25
13,17,27
6,11,19
16,4,21
16,6,16
25,5,28
23,2,40
33,4,48
18,3,39
43,2,30
32,1,45
23,6,61
43,8,79
30,12,105
35,17,105
31,12,96
35,13,97
45,9,96
34,6,60
33,3,66
75,10,111
93,14,91
86,16,44
37,7,77
40,11,68
25,10,37
25,6,18
29,2,28
11,6,33
16,6,38
11,10,40
18,4,33
8,3,25
15,3,34
12,3,47
10,1,67
9,6,68
6,9,82
7,16,92
8,14,88
13,9,70
27,8,75
13,2,100
6,6,118
4,9,110
2,8,88
2,14,55
5,13,53
7,12,36
1,13,23
10,5,27
17,14
7,5,17
7,8,21
11,3,28
8,4,3
14,3,15
11,2,25
24,4,32
26,4,43
20,7,90
21,9,62
20,5,37
23,13,66
8,10,64
27,4,81
4,4,78
5,2,140
14,6,84
13,10,142
5,23,35
6,16,72
6,18,33
15,13,52
12,6,26
7,7,24
5,5,26
14,9,7
16,2,13
26,1,19
33,33
28,2,6
24,2,1
27,7,11
18,5,14
23,8,27
27,9,16
37,11,24
8,24
30
8,45
1,29
34
176
116
111
72
59
47
33
17
31
44
47
32
36
47
53
102
114
106
129
110
155
195
217
187
159
134
99
209
104
51
21
21
32
44
64
35
39
30
55
89
92
113
122
167
166
197
233
152
121
118
108
85
222
106
21
20
33
38
122
174
195
41
53
82
136
137
165
193
204
240
200
232
223
182
145
85
11
19
3
2
2
21
52
54
51
31
36
51
151
179
152
242
280
297
260
196
120
65
154
109
73
55
27
26
38
31
16
63
20
25
28
22
25
33
67
102
88
138
123
177
97
153
136
99
74
53
31
45
29
50
40
35
14
15
40
51
35
33
28
33
44
50
40
57
55
56
28
5
32
25
20
17
23
15
15
10
6
3
8
5
3
1
6
5
8
4
3
5
8
4
6
6
7
21
41
7
4
7
3
4
2
1
6
8
2
5
5
6
5
5
2
8
8
4
7
5
8
4
5
3
3
2
2
2
1
3
16
32
40
18
20
44
35
37
55
52
53
56
77
72
56
37
30
28
22
9
11
7
15
7
5
13
23
14
16
16
25
17
6
16
9
11
45
10
10
9
7
9
11
13
9
26
22
13
16
22
20
15
8
7
9
11
5
19
28
13
12
9
15
13
18
14
19
16
23
34
34
34
19
30
20
30
18
19
54
48
40
23
25
25
24
25
45
34
25
30
62
36
29
33
25
21
26
26
17
26
24
10
38
53
44
44
33
43
88
64
39
28
30
35
51
51
73
68
74
79
88
66
74
55
16
19
10
4
17
10
14
13
18
21
52
82
68
105
179
99
111
125
197
144
156
109
158
313
245
97
8
73
69
99
59
106
190
141
364
260
54
55
60
73
53
141
137
67
85
76
90
94
36
62
76
77
46
126
78
89
110
118
107
128
146
195
99
88
60
55
23
31
64
189
239
215
121
134
136
25
143
192
101
176
155
135
106
107
216
168
232
154
212
252
193
211
159
100
136
93
57
69
43
134
134
208
185
68
117
67
40
68
100
68
125
56
50
135
141
149
110
96
130
84
73
68
104
269
248
225
193
190
214
289
163
223
201
128
223
238
126
174
269
227
110
147
139
329
89
136
119
185
151
123
113
154
144
154
129
249
269
248
224
279
260
270
382
312
144
74
203
99
128
124
69
95
135
177
168
71
197
198
233
234
178
124
114
159
219
205
202
201
108
110
106
108
69
94
101
255
271
252
17
47
210
196
154
122
110
90
86
78
167
272
259
267
147
143
152
160
149
169
244
203
247
192
177
200
239
133
132
143
114
110
120
108
114
272
290
277
138
128
188
155
183
262
290
269
358
434
331
324
321
279
174
135
105
111
111
138
141
260
335
286
177
109
127
176
163
105
168
111
119
93
123
62
136
139
155
101
100
117
93
73
90
176
186
106
90
129
190
220
220
229
176
230
268
323
193
238
318
284
246
229
376
339
237
151
168
223
200
238
256
227
252
264
244
329
227
284
242
234
298
240
334
292
166
130
171
152
110
106
158
113
161
337
357
182
165
174
240
271
275
319
318
412
338
364
382
332
111
126
119
80
63
48
102
354
286
347
87
123
119
217
184
148
105
106
163
171
151
204
173
179
95
70
61
98
185
168
121
36
27
26
40
46
40
110
410
104
74
69
17
15
11
12
21
13
8
9
13
3
5
4
19
10
4
13
15
10
18
20
50
19
14
35
32
23
4
11
14
27
26
4
6
18
2
18
16
19
16
12
12
4
53
39
27
20
5
9
18
15
15
28
41
39
81
19
13
3
3
9
7
8
10
11
20
13
58
30
29
51
11
10
9
20
31
25
17
24
88
25
10
6
9
27
10
6
8
8
15
7
53
24
39
41
11
9
13
13
46
20
29
18
94
15
9
8
10
11
10
11
11
15
8
16
58
33
36
27
10
17
25
9
17
29
31
31
97
15
11
17
15
46
17
10
8
9
12
13
76
27
46
50
16
19
9
8
11
17
23
14
78
10
9
9
2
23
13
4
7
7
18
10
14
16
24
43
17
8
14
10
14
17
9
15
7
3
16
7
9
3
5
5
9
3
5
5
15
22
9
15
15
12
15
17
9
13
6
15
10
16
17
6
26
125
23
11
11
2
10
4
54
36
35
55
15
13
14
21
17
13
22
53
107
32
17
14
11
31
10
14
8
8
13
20
56
26
34
54
20
17
10
11
20
17
12
22
72
26
7
7
13
54
16
4
7
7
6
5
75
21
11
42
13
6
10
7
12
15
15
28
60
39
11
11
16
14
7
5
2
4
5
8
40
31
29
26
5
6
19
13
15
20
30
37
71
23
18
12
3
11
4
7
4
6
5
16
61
42
31
54
18
18
11
13
16
51
17
35
30
10
5
15
4
13
2
1
8
7
6
3
7
5
7
2
1
4
1
10
5
2
1
1
1
1
3
7
6
5
9
8
8
2
1
1
2
3
2
4
12
15
14
81
1
2
1
1
1
1
16
8
13
10
8
5
4
11
5
9
25
2
2
3
7
1
2
1
21
12
8
18
1
5
4
1
4
9
9
5
53
18
1
6
2
9
6
1
2
3
4
18
11
10
19
5
2
1
2
3
3
7
20
15
11
2
3
3
5
2
1
1
8
11
11
9
3
2
6
5
8
10
16
5
8
5
4
7
1
7
1
1
3
2
5
19
3
15
1
1
4
4
4
4
9
31
7
1
3
2
3
3
5
16
1
5
2
2
1
3
2
1
3
13
2
3
1
2
6
6
1
1
7
1
1
2
5
2
4
19
6
2
3
2
19
14
13
24
4
5
2
13
2
4
8
21
3
2
2
20
1
2
1
26
2
2
23
3
7
3
3
10
4
2
3
6
5
8
2
4
3
2
1
18
9
10
1
