6.71469329529
7.09874826147
11.0
9.20736698499
7.0
5.7488
9.0
9.84203102962
14.2040816327
11.3746518106
15.0459459459
30.0
2.9746835443
4.48917748918
3.08076923077
4.33777777778
4.30769230769
12.2773109244
12.6691884457
15.3043478261
13.8031442242
12.7034764826
9.44167852063
10.1899852725
10.0562403698
11.95221843
9.31808731809
9.87279693487
6.71505791506
6.84240687679
8.46615491975
13.8970901348
13.7827664399
13.1913393756
8.12400932401
10.0964398378
8.32340425532
9.49085737505
7.33144475921
6.44838455477
57.5777153558
87.0850961538
94.9788385827
12.3238512035
14.085219066
11.7695202258
11.1192438197
24.9060150376
22.3832046332
21.5910588235
23.7570130383
10.280952381
16.4198266522
30.5559928444
17.8359240069
8.52049910873
35.4668
19.2667547045
16.3477569201
17.336615609
23.5388513514
26.0
