0.140285152111
0.157622699861
1
0.255142212252
1
0.147139926426
1
0.389714779882
0.350719154704
0.236598379747
0.274281411417
1
0.336068629654
0.355583120011
0.263943046473
0.379701451459
0.266046836076
0.273329778024
0.299469630706
0.295705433206
0.311162448844
0.268855500283
0.161755350159
0.161120634719
0.160524718456
0.253315594827
0.255587883648
0.877760414631
0.112477184566
0.132813420655
0.152124834221
0.260687653663
0.24544902552
0.222684191146
0.102876949743
0.113288792452
0.108144622854
0.189951082764
0.195858408411
0.140136802695
1.98962208815
3.03440255541
3.30568774736
0.292028621542
0.571880162298
0.265383980196
0.236074255777
0.888561260506
0.788519065111
0.793026216086
1.12531690142
0.314164222149
0.37056931218
0.827859472975
0.771203815294
0.26900164397
1.30180963371
0.450239381587
0.316697229649
0.383034371625
0.422682150022
24.0
