nov| 00h| 01h| 02h| 03h| 04h| 05h| 06h| 07h| 08h| 09h| 10h| 11h| 12h| 13h| 14h| 15h| 16h| 17h| 18h| 19h| 20h| 21h| 22h| 23h|
 01|  82| 104| 118| 108| 106| 108| 144|  88| 121| 121| 143| 133| 132| 109|  79|  85|  83|  68|  78|  87|  85|  70|  84|  78|
 02|  97|  89| 129| 118| 109| 101| 118| 129| 118| 103| 117| 139| 127| 113| 102|  99| 131| 172| 128|  69|  78|  91| 117|  89|
 03| 106| 107|  95| 108| 111| 137| 130| 131| 138|  95|  94| 120| 145|  94|  96| 116| 118|  79|  88| 116| 148| 177| 107| 119|
 04| 116| 119| 154| 128| 145| 154| 201| 221| 192| 180| 183| 237| 168| 162| 153| 146|  88| 135| 116| 128| 128| 150| 114| 156|
 05| 111| 157| 143| 158| 129| 166| 195| 180| 171| 188| 206| 189| 145| 128| 134| 111| 127| 122| 160| 167| 173| 196| 146| 134|
 06| 147| 174| 208| 223| 264| 252| 273| 244| 244| 188| 213| 207| 229| 242| 132| 137| 217| 126| 113| 136| 154| 131| 184| 110|
 07| 142| 165| 332| 654| 625| 170| 202| 215| 327| 218| 211| 373| 304| 362| 573| 364| 445| 460| 412| 474| 479| 524| 258| 158|
 08|  95| 115| 106| 111| 121| 125| 149| 163| 159| 130| 153| 192| 168| 201| 150| 158| 100| 215|  90| 126| 133| 127| 124| 176|
 09| 163| 471| 251| 501| 411| 414| 338| 700| 389| 177| 673| 687| 491| 287| 246| 171| 260|  91| 101| 112| 157| 124|  97|  88|
 10|  98| 104| 110| 104| 116| 138| 115| 126| 125| 149| 153| 138| 175| 136|  78|  91|  61|  87|  82|  83|  81|  83|  82|  91|
 11| 107|  96| 117|  88| 117| 119| 111| 136| 133| 159| 181| 120|  99| 146| 111| 110|  83|  79| 183| 111| 215| 280| 203| 208|
 12|  97| 129| 155| 133| 101| 110| 139| 140| 202| 234| 200| 179| 128| 146| 115| 131|  93| 130| 114|  99| 165| 186| 103|  82|
 13|  90| 113| 120| 126| 163| 165| 183| 179|  87|  40|  16|  11|  22|  13|  77|  92| 105|  99|  82|  87|  92| 111| 115|  81|
 14| 108| 105| 107| 122| 126| 123| 120| 167| 217| 377| 600| 267| 552| 214|  39| 676| 648| 200|  77|  6 | 143|  17|  15|  6 |
 15|  21|  6 |  79|  37|  27|  63|  10| 281| 621| 506| 493| 571| 551| 595| 463| 346| 206| 149| 129| 131| 103| 122| 133| 104|
 16|  97| 117| 132| 118| 123| 146| 147| 138| 142| 147| 152| 167| 267| 135| 114| 151| 101|  76|  91|  74|  54|  55|  91|  75|
 17| 104|  93| 102| 106| 101| 108| 137| 113| 146| 142| 112| 130| 108| 118|  93|  59|  72|  83|  59| 115| 199| 229| 147| 149|
 18| 118| 146| 175|  70|  56|  61|  67|  73|  61|  65|  76|  64|  59|  79| 108|  64|  61|  48|  49|  51|  52|  59|  54|  62|
 19|  65| 102|  91|  87|  97|  71|  95|  87|  86|  85|  98| 100|  93| 108|  72|  63|  43|  61|  80|  74|  87|  80|  83|  83|
 20|  58|  78|  86|  87|  97|  75|  76|  99| 103| 107|  83|  81|  90|  88| 194|  83|  83| 104|  82|  86|  75|  48|  82|  65|
 21|  66|  96| 112| 106| 129| 141| 100| 217| 200| 117| 113| 173|  92|  85|  68| 129|  91|  71|  95| 113|  66|  46|  79|  65|
 22|  69|  69|  84| 102| 117|  99| 108| 100|  87| 104|  98|  96|  68|  87|  81| 262| 566| 200| 113| 156| 164| 172| 119|  68|
 23|  94|  67|  55|  66|  56|  53|  51|  44|  45|  36|  41|  33|  35|  35|  86|  93|  1 |  3 |  3 |  3 |  6 |  26|  38|  64|
 24|  24|  62|  86| 121|  96| 118| 123| 153| 175| 114| 151| 140| 166| 195|  75| 120| 129| 111|  98| 131| 128|  88|  65|  74|
 25|  55|  84|  86| 111| 117| 101| 116| 146| 112| 155| 191| 124| 103| 103|  64|  91|  83|  55|  66|  64|  78|  96| 103| 131|
 26|  89|  86| 118| 102|  89| 116| 120| 167| 112|  91| 139| 187| 192| 114|  76|  82|  65| 115|  73| 121|  92|  97|  77|  63|
 27|  83|  99| 127| 133| 119| 130| 134| 142| 130| 173| 125| 131| 129| 128|  80|  65|  57|  78|  80|  93| 116|  75|  74| 158|
 28|  91| 101| 103| 155| 120| 133| 170| 135| 143| 159| 135| 143| 117| 112|  91| 154| 192| 222|  93| 120| 478| 479| 517| 167|
 29|  96| 118| 108| 139| 141| 128| 160| 154| 146| 187| 149| 153| 156| 144| 118| 114| 149| 131|  83| 351| 734| 131|  26| 108|
 30| 141| 109| 110| 150| 157| 173| 157| 246| 309| 364| 200| 255| 165| 209| 283| 674| 165|  82|  66|  88|  96|  99|  94| 101|
 31| 31|??? |??? |??? |??? |??? |??? |??? |??? |??? |??? |??? |??? |??? |??? |??? |??? |??? |??? |??? |??? |??? |??? |??? |??? |
[Observer]Lockyer_Observatory
[Country]United Kingdom 
[City]Sidmouth
[Longitude]003°1307
[Latitude]050°4116
[Frequencies]
[Antenna]Quad Yagi
[Azimut Antenna]135
[Elevation Antenna]0
[Pre-Amplifier]None
[Receiver]ICOM IC-706 MKIIG
[Observing Method]HROFFT10dB Count Datas
[Remarks]winxp
