nov| 00h| 01h| 02h| 03h| 04h| 05h| 06h| 07h| 08h| 09h| 10h| 11h| 12h| 13h| 14h| 15h| 16h| 17h| 18h| 19h| 20h| 21h| 22h| 23h|
 01|  7 |  3 |  9 |  6 |  8 |  2 |  13|  4 |  4 |  6 |  7 |  9 |  12|  2 |  1 |  3 |  5 |  4 |  4 |  6 |  3 |  2 |  5 |  6 |
 02|  6 |  5 |  5 |  7 |  7 |  8 |  4 |  7 |  3 |  7 |  6 |  8 |  3 |  9 |  6 |  7 |  6 |  1 |  7 |  4 |  7 |  4 |  3 |  2 |
 03|  4 |  5 |  5 |  4 |  6 |  7 |  3 |  7 |  13|  1 |  4 |  3 |  5 |  4 |  3 |  2 |  2 |  4 |  8 |  9 |  9 |  9 |  4 |  10|
 04|  11|  7 |  11|  10|  3 |  7 |  5 |  9 |  4 |  5 |  8 |  6 |  5 |  3 |  2 |  5 |  11|  3 |  1 |  8 |  6 |  5 |  8 |  5 |
 05|  5 |  9 |  13|  12|  2 |  9 |  5 |  4 |  9 |  2 |  4 |  11|  11|  6 |  2 |  3 |  9 |  5 |  4 |  8 |  5 |  5 |  6 |  7 |
 06|  6 |  14|  8 |  8 |  13|  6 |  6 |  10|  3 |  2 |  4 |  10|  5 |  9 |  3 |  1 |  2 |  9 |  1 |  6 |  6 |  5 |  4 |  1 |
 07|  4 |  6 |  8 |  7 |  4 |  6 |  10|  6 |  3 |  8 |  9 |  3 |  4 |  2 |  5 |  20|  10|  2 |  8 |  8 |  3 |  5 |  3 |  4 |
 08|  5 |  17|  13|  8 |  5 |  7 |  4 |  5 |  8 |  6 |  3 |  5 |  6 |  11|  3 |  6 |  2 |  2 |  5 |  6 |  5 |  5 |  1 |  9 |
 09|  7 |  9 |  2 |  2 |  8 |  4 |  7 |  3 |  5 |  2 |  8 |  4 |  6 |  3 |  4 |  2 |  3 |  2 |  4 |  8 |  5 |  6 |  3 |  4 |
 10|  10|  4 |  11|  7 |  6 |  4 |  4 |  4 |  7 |  8 |  6 |  2 |  4 |  5 |  4 |  5 |  5 |  7 |  2 |  4 |  2 |  6 |  2 |  6 |
 11|  6 |  6 |  11|  13|  8 |  4 |  5 |  2 |  3 |  5 |  7 |  4 |  4 |  3 |  6 |  3 |  3 |  3 |  2 |  3 |  2 |  2 |  2 |  3 |
 12|  9 |  6 |  6 |  10|  7 |  2 |  6 |  6 |  2 |  4 |  9 |  9 |  6 |  2 |  3 |  8 |  2 |  4 |  3 |  6 |  7 |  6 |  8 |  9 |
 13|  4 |  12|  14|  6 |  11|  4 |  10|  4 |  3 |  0 |  1 |  1 |  1 |  0 |  3 |  8 |  5 |  1 |  5 |  4 |  4 |  4 |  4 |  4 |
 14|  7 |  8 |  3 |  16|  7 |  6 |  3 |  3 |  2 |  3 |  6 | 170|  6 | 243| 406|  2 |  5 | 161| 226|1003| 152| 608| 614| 701|
 15| 588| 763| 522| 568| 659| 354| 590| 353|  0 |  5 |  5 |  6 |  0 |  6 |  1 |  2 |  3 |  1 |  2 |  6 |  7 |  2 |  6 |  4 |
 16|  11|  7 |  7 |  5 |  5 |  12|  8 |  2 |  3 |  13|  10|  2 |  10|  2 |  4 |  3 |  3 |  3 |  5 |  2 |  1 |  3 |  1 |  5 |
 17|  10|  5 |  2 |  9 |  4 |  7 |  9 |  4 |  18|  6 |  5 |  6 |  2 |  2 |  1 |  1 |  0 |  1 |  3 |  4 |  4 |  3 |  1 |  1 |
 18|  7 |  6 |  1 |  3 |  2 |  2 |  5 |  2 |  7 |  4 |  5 |  4 |  1 |  2 |  0 |  1 |  4 |  1 |  4 |  0 |  5 |  3 |  8 |  5 |
 19|  6 |  14|  5 |  5 |  8 |  0 |  6 |  8 |  4 |  6 |  1 |  3 |  3 |  4 |  1 |  3 |  0 |  3 |  2 |  4 |  1 |  1 |  3 |  3 |
 20|  3 |  5 |  7 |  5 |  4 |  1 |  4 |  2 |  12|  3 |  3 |  4 |  2 |  2 |  1 |  3 |  5 |  5 |  8 |  0 |  2 |  0 |  2 |  2 |
 21|  3 |  2 |  8 |  2 |  9 |  4 |  1 |  3 |  5 |  1 |  3 |  5 |  4 |  3 |  5 |  1 |  4 |  1 |  4 |  1 |  3 |  2 |  6 |  1 |
 22|  5 |  5 |  5 |  8 |  8 |  5 |  5 |  1 |  8 |  2 |  1 |  2 |  3 |  7 |  5 |  0 |  2 |  0 |  1 |  0 |  0 |  0 |  1 |  2 |
 23|  3 |  3 |  4 |  2 |  1 |  2 |  0 |  1 |  0 |  0 |  2 |  1 |  0 |  1 |  1 |  0 |  0 |  0 |  0 |  1 |  0 |  0 |  0 |  1 |
 24|  2 |  1 |  9 |  7 |  3 |  4 |  3 |  5 |  2 |  5 |  8 |  1 |  1 |  3 |  4 |  1 |  4 |  5 |  4 |  1 |  3 |  3 |  3 |  4 |
 25|  5 |  4 |  5 |  8 |  10|  5 |  7 |  6 |  2 |  2 |  6 |  4 |  9 |  7 |  1 |  1 |  1 |  1 |  3 |  5 |  1 |  5 |  3 |  3 |
 26|  8 |  8 |  11|  1 |  13|  9 |  7 |  1 |  3 |  2 |  5 |  1 |  6 |  2 |  3 |  0 |  5 |  3 |  2 |  1 |  1 |  2 |  4 |  2 |
 27|  4 |  3 |  7 |  8 |  14|  10|  5 |  8 |  5 |  8 |  5 |  2 |  5 |  2 |  4 |  3 |  2 |  2 |  6 |  3 |  2 |  5 |  1 |  5 |
 28|  5 |  3 |  7 |  7 |  5 |  6 |  5 |  5 |  3 |  6 |  5 |  6 |  4 |  2 |  2 |  5 |  6 |  3 |  2 |  1 |  2 |  5 |  6 |  5 |
 29|  3 |  9 |  7 |  7 |  7 |  9 |  5 |  7 |  5 |  5 |  9 |  9 |  12|  5 |  6 |  3 |  6 |  3 |  5 |  2 |  6 |  5 |  4 |  2 |
 30|  3 |  4 |  9 |  6 |  7 |  6 |  5 |  7 |  5 |  5 |  10|  5 |  9 |  6 |  2 |  2 |  2 |  2 |  1 |  1 |  4 |  7 |  3 |  0 |
 31|??? |??? |??? |??? |??? |??? |??? |??? |??? |??? |??? |??? |??? |??? |??? |??? |??? |??? |??? |??? |??? |??? |??? |??? |
[Observer]Lockyer_Observatory
[Country]United Kingdom 
[City]Sidmouth
[Longitude]003°1307
[Latitude]050°4116
[Frequencies]
[Antenna]Quad Yagi
[Azimut Antenna]135
[Elevation Antenna]0
[Pre-Amplifier]None
[Receiver]ICOM IC-706 MKIIG
[Observing Method]HROFFT30dB Count Datas
[Remarks]winxp
