oct| 00h| 01h| 02h| 03h| 04h| 05h| 06h| 07h| 08h| 09h| 10h| 11h| 12h| 13h| 14h| 15h| 16h| 17h| 18h| 19h| 20h| 21h| 22h| 23h|
 01|  5 |  10|  11|  3 |  16|  9 |  5 |  9 |  6 |  7 |  12|  14|  16|  5 |  1 |  3 |  2 |  4 |  3 |  6 |  3 |  7 |  1 |  3 |
 02|  2 |  2 |  6 |  11|  7 |  7 |  9 |  15|  9 |  7 |  10|  14|  7 |  14|  7 |  11|  3 |  4 |  2 |  2 |  3 |  0 |  1 |  0 |
 03|  5 |  2 |  2 |  6 |  9 |  9 |  4 |  13|  12|  5 |  15|  10|  3 |  5 |  9 |  2 |  6 |  5 |  3 |  6 |  1 |  4 |  4 |  0 |
 04|  8 |  4 |  5 |  2 |  10|  5 |  13|  8 |  4 |  13|  25|  1 |  6 |  4 |  8 |  4 |  3 |  4 |  3 |  6 |  1 |  10|  3 |  4 |
 05|  3 |  8 |  4 |  6 |  4 |  6 |  15|  7 |  3 |  10|  8 |  0 |  2 |  7 |  19|  51|  2 |  29|  3 |  5 |  1 |  7 |  2 |  4 |
 06|  8 |  6 |  2 |  12|  3 |  11|  5 |  13|  10|  4 |  5 |  6 |  21|  12|  17|  5 |  6 |  7 |  5 |  6 |  1 |  3 |  10|  8 |
 07|  4 |  5 |  10|  8 |  7 |  4 |  4 |  9 |  3 |  11|  38|  7 |  5 |  3 |  1 |  2 |  5 |  54|  4 |  6 |  6 |  5 |  7 |  8 |
 08|  11|  7 |  6 |  9 |  5 |  11|  13|  10|  8 |  9 |  1 |  5 |  10|  9 |  11|  8 |  17|  32|  6 |  4 |  10|  6 |  14|  11|
 09|  5 |  4 |  24|  11|  11|  12|  10|  16|  16|  8 |  10|  13|  9 |  4 |  10|  4 |  3 |  3 |  6 |  3 |  4 |  2 |  4 |  4 |
 10|  12|  11|  7 |  16|  6 |  8 |  28|  23|  10|  8 |  28|  5 |  10|  5 |  6 |  6 |  4 |  3 |  5 |  3 |  4 |  4 |  2 |  4 |
 11|  5 |  6 |  5 |  17|  9 |  6 |  10|  1 |  3 |  4 |  9 |  5 |  9 |  9 |  4 |  10|  6 |  5 |  10|  3 |  6 |  9 |  16|  7 |
 12|  11|  12|  7 |  17|  12|  15|  5 |  20|  2 |  11|  13|  11|  9 |  7 |  8 |  8 |  4 |  5 |  3 |  13|  4 |  0 |  6 |  11|
 13|  3 |  12|  7 |  10|  9 |  6 |  9 |  4 |  5 |  6 |  3 |  6 |  4 |  4 |  7 |  7 |  5 |  4 |  9 |  3 |  2 |  11|  4 |  5 |
 14|  3 |  9 |  17|  18|  9 |  10|  12|  4 |  12|  2 |  5 |  8 |  8 |  11|  10|  13|  9 |  2 |  4 |  7 |  3 |  8 |  5 |  4 |
 15|  13|  11|  11|  23|  7 |  12|  7 |  0 |  0 |  0 |  0 |  0 |  1 |  11|  1 |  7 |  5 |  5 |  11|  15|  10|  3 |  8 |  8 |
 16|  11|  8 |  15|  16|  4 |  37|  3 |  0 |  0 |  0 |  0 |  0 |  0 |  5 |  1 |  2 |  6 |  3 |  3 |  7 |  9 |  5 |  3 |  17|
 17|  11|  5 |  11|  15|  3 |  6 |  8 |  5 |  9 |  2 |  24|  12|  8 |  10|  4 |  7 |  5 |  10|  3 |  10|  6 |  2 |  7 |  4 |
 18|  7 |  8 |  12|  16|  8 |  32|  12|  20|  61|  17|  6 |  4 |  15|  9 |  6 |  7 |  6 |  4 |  7 |  5 |  5 |  3 |  8 |  5 |
 19|  4 |  13|  10|  11|  29|  25|  17|  38|  13|  9 |  9 |  5 |  7 |  5 |  6 |  8 |  0 |  10|  4 |  7 |  7 |  5 |  3 |  5 |
 20|  6 |  12|  5 |  31|  26|  2 |  5 |  30|  10|  14|  7 |  5 |  3 |  2 |  3 |  0 |  0 |  0 |  0 |  0 |  0 |  0 |  0 |  0 |
 21|  0 |  0 |  0 |  0 |  0 |  0 |  0 |  0 |  0 |  0 |  0 |  0 |  3 |  3 |  4 |  5 |  3 |  3 |  0 |  7 |  3 |  0 |  2 |  31|
 22|  0 |  8 |  7 |  8 |  8 |  2 |  10|  7 |  7 |  11|  6 |  6 |  1 |  9 |  3 |  3 |  6 |  2 |  1 |  8 |  1 |  3 |  2 |  3 |
 23|  2 |  8 |  16|  9 |  10|  5 |  34|  12|  4 |  7 |  9 |  5 |  4 |  7 |  3 |  3 |  0 |  1 |  5 |  3 |  3 |  5 |  8 |  1 |
 24|  3 |  14|  2 |  16|  20|  12|  3 | 116|  26|  5 |  4 |  2 | 295|  22|  1 |  2 |  1 |  12|  3 |  4 |  3 |  0 |  8 |  13|
 25|  14|  3 |  5 |  5 |  3 |  6 |  3 |  6 |  5 |  9 |  8 |  10|  16|  11|  4 |  0 |  2 |  2 |  6 |  5 |  6 |  6 |  6 |  10|
 26|  8 |  11|  4 |  7 |  4 |  5 |  10|  20|  14|  6 |  6 |  6 |  5 |  3 |  4 |  1 |  1 |  3 |  5 |  1 |  7 |  1 |  2 |  3 |
 27|  8 |  8 |  9 |  10|  22|  3 |  12|  12|  8 |  17|  6 |  7 |  4 |  6 |  5 |  7 |  7 |  5 |  2 |  5 |  2 |  2 |  5 |  10|
 28|  5 |  6 |  6 |  19|  3 |  12|  45|  18|  2 |  12|  4 |  54|  5 |  14|  13|  7 |  4 |  9 |  2 |  18|  5 |  4 |  1 |  1 |
 29|  4 |  10|  9 |  6 |  4 |  14|  13|  14|  4 |  6 |  4 |  6 |  8 |  11|  7 |  1 |  1 |  4 |  3 |  7 |  13|  2 |  1 |  6 |
 30|  16|  6 |  11|  5 |  11|  1 |  7 |  4 |  10|  10|  2 |  4 |  7 |  4 |  8 |  5 |  4 |  3 |  7 |  9 |  6 |  8 |  12|  6 |
 31|  13|  10|  11|  3 |  11|  6 |  10|  9 |  12|  5 |  4 |  2 |  10|  5 |  2 |  2 |  0 |  0 |  5 |  16|  2 |  4 |  4 |  5 |
[Observer]Lockyer_Observatory
[Country]United Kingdom 
[City]Sidmouth
[Longitude]003°1307
[Latitude]050°4116
[Frequencies]
[Antenna]Quad Yagi
[Azimut Antenna]135
[Elevation Antenna]0
[Pre-Amplifier]None
[Receiver]ICOM IC-706 MKIIG
[Observing Method]HROFFT30dB Length Datas
[Remarks]winxp
