sep| 00h| 01h| 02h| 03h| 04h| 05h| 06h| 07h| 08h| 09h| 10h| 11h| 12h| 13h| 14h| 15h| 16h| 17h| 18h| 19h| 20h| 21h| 22h| 23h|
 01|  34|  45|  37|  49|  34|  40|  66|  32|  26|  55|  22|  28|  23|  23|  26|  27|  28|  27|  18|  16|  25|  26|  23|  33|
 02|  43|  49|  43|  30|  48|  56|  48|  40|  27|  5 |  42|  29|  45|  36|  30|  35|  23|  29|  28|  30|  26|  28|  30|  35|
 03|  28|  36|  48|  37|  64|  56|  52|  26|  78|  34|  28|  44|  24|  35|  20|  34|  26|  17|  23|  18|  21|  36|  26|  35|
 04|  23|  33|  41|  36|  29|  55|  25|  67|1336|2128|2108| 757|  43|  52|  30|  30|  29|  30|  30|  24|  34|  33|  17|  22|
 05|  32|  31|  30|  33|  42|  51|  44|  48|  53|  32|  33|  32|  33|  27|  27|  27|  43|  24|  50|  23|  19|  14|  16|  30|
 06|  23|  31| 266| 537| 838| 397| 210| 342|  21|  65| 851| 395|  23|  24|  26|1787|3423|3568|3482|3533|3499|3572|2544|2153|
 07|3407|3573|3443|3494|3538|3561|3459|3531|3572|3567|2521|  78|  40|  18|  33|  30|  23|  33|  10|  18|  19|  21|  21|  27|
 08|  29|  43|  33| 101| 161| 287| 165|  78|  79|  43|  25|  26|  21|  44|  37|  26|  14|  21|  16|  13|  20|  37|  11|  23|
 09|  43|  48|  44|  46|  33|  54|  47|  24|  24|  40|  26|  31|  22|  20|  27|  35|  19|  22|  12|  30|  23|  18|  26|  31|
 10|  37|  30|  47|  28|  58|  38|  75|  21|  37|  34|  26|  43|  54|  39|  29|  25|  17|  21|  25|  24|  18|  25|  40|  19|
 11|  22|  27|  38|  37|  37|  42|  28|  37|  0 |  0 |  0 |  0 |  21|  43|  38|  21|  24|  23|  10|  23|  21|  15|  19|  26|
 12|  32|  31|  37|  39|  35|  50|  35|  25|  32|  26|  22|  30|  36|  40|  36|  26|  19|  12|  11|  20|  28|  15|  20|  36|
 13|  23|  40|  45|  40|  38|  61|  24|  43|  40|  42|  55|  63|  43|  33|  29|  29|  21|  30|  25|  28|  18|  23|  20|  38|
 14|  28|  49|  47|  41|  58|  70|  95|  33|  64|  55|  33|  32|  27|  28|  29|  29|  22|  19|  17|  53|  34|  20|  21|  21|
 15|  29|  33|  43|  34|  42|  59|  30|  44|  23|  18|  28|  23|  29|  37|  26|  25|  16|  12|  8 |  12|  15|  27|  13|  12|
 16|  50|  75|  23| 106|  35|  47|  30|  78|  20|  27|  49|  26|  27|  23|  14| 377|  22|  23|  21|  20|  22|  19|  31|  18|
 17|  42|  29|  38|  44|  18|  54|  32|  27|  24|  32|  43|  28|  25|  27|  23|  26|  16|  18|  15|  21|  20|  22|  26|  33|
 18|  35|  29|  46|  30|  45|  25|  35|  72|  42|  24|  35|  29|  23|  31|  29|  20|  28|  22|  55|  21|  23|  20|  23|  31|
 19|  41|  26|  31|  32|  32|  38|  30|  39|  27|  39|  30|  37|  30|  33|  27|  23|  19|  20|  23|  27|  19|  25|  28|  21|
 20|  22|  37|  27|  39|  21|  24|  19|  0 |  0 |  0 |  0 |  1 |  0 |  0 |  22|  21|  24|  11|  15|  12|  21|  27|  34|  30|
 21|  22|  36|  33|  32|  28|  46|  26|  44|  32|  40|  29|  27|  14|  18|  22|  15|  19|  15|  7 |  10|  15|  17|  24|  4 |
 22|  20|  13|  20|  14|  19|  15|  14|  25|  19|  15|  26|  28|  22|  36|  29|  24|  22|  21|  19|  21|  18|  28|  16|  26|
 23|  28|  21|  23|  40|  30|  34|  25|  30|  27|  26|  31|  28|  33|  30|  17|  29|  27|  25|  13|  20|  21|  9 |  24|  14|
 24|  42|  26|  37|  40|  22|  20|  19|  33|  46|  49|  50|  29|  22|  25|  20|  16|  15|  16|  16|  13|  13|  17|  17|  19|
 25|  22|  32|  32|  27|  34|  59|  27|  27|  27|  25|  22|  59|  19|  34|  41|  22|  8 |  14|  17|  16|  10|  14|  22|  27|
 26|  29|  49|  29|  30|  40|  31|  24|  24|  32|  21|  26|  26|  25|  26|  34|  38|  20|  12|  18|  23|  25|  14|  27|  19|
 27|  28|  35|  28|  28|  34|  38|  40|  24|  27|  22|  42|  28|  34|  23|  21|  22|  24|  22|  16|  19|  14|  18|  25|  24|
 28|  23|  28|  26|  37|  27|  16|  47|  32|  27|  27|  25|  40|  33|  33|  37|  30|  29|  29|  12|  10|  14|  14|  16|  19|
 29|  19|  9 |  31|  24|  24|  29|  25|  21|  22|  49|  18|  34|  34|  34|  29|  23|  21|  31|  14|  18|  15|  22|  9 |  22|
 30|  30|  30|  22|  28|  40|  30|  29|  34|  23|  27|  20|  32|  31|  17|  18|  29|  11|  17|  52|  24|  21|  12|  10|  16|
 31|??? |??? |??? |??? |??? |??? |??? |??? |??? |??? |??? |??? |??? |??? |??? |??? |??? |??? |??? |??? |??? |??? |??? |??? |
[Observer]Lockyer_Observatory
[Country]United Kingdom 
[City]Sidmouth
[Longitude]003°1307
[Latitude]050°4116
[Frequencies]
[Antenna]Quad Yagi
[Azimut Antenna]135
[Elevation Antenna]0
[Pre-Amplifier]None
[Receiver]ICOM IC-706 MKIIG
[Observing Method]HROFFT20dB Length Datas
[Remarks]winxp
