aug| 00h| 01h| 02h| 03h| 04h| 05h| 06h| 07h| 08h| 09h| 10h| 11h| 12h| 13h| 14h| 15h| 16h| 17h| 18h| 19h| 20h| 21h| 22h| 23h|
 01|  24|  30|  32|  38|  29|  18|  16|  19|  12|  34|  13|  9 |  9 |  9 |  10|  6 |  22|  6 |  24|  6 |  12|  13|  10|  16|
 02|  23|  22|  18|  21|  24|  19|  37|  21|  15|  11|  11|  39|  4 |  50|  8 |  7 |  22|  6 |  21|  7 |  9 |  13|  45|  11|
 03|  14|  34|  20|  24|  24|  22|  16|  24|  38|  21|  7 |  23|  15|  8 |  10|  13|  8 |  11|  4 |  10|  15|  7 |  28|  28|
 04|  30|  34|  28|  24|  24|  15|  16|  19|  23|  36|  7 |  12|  20|  32|  9 |  11|  4 |  0 |  11|  15|  2 |  9 |  8 |  14|
 05|  13|  17|  34|  31|  19|  39|  20|  18|  25|  12|  8 |  13|  7 |  14|  9 |  4 |  2 |  0 |  1 |  8 |  4 |  14|  5 |  14|
 06|  23|  18|  17|  28|  24|  16|  42|  25|  24|  92|  13|  14|  21|  7 |  9 |  12|  3 |  11|  1 |  4 |  0 |  0 |  0 |  0 |
 07|  0 |  0 |  0 |  0 |  0 |  4 |  0 |  0 |  0 |  0 |  0 |  0 |  0 |  0 |  0 |  0 |  0 |  0 |  0 |  0 |  0 |  0 |  0 |  0 |
 08|  0 |  0 |  0 |  0 |  0 |  0 |  0 |  0 |  0 |  0 |  0 |  22|  0 |  7 |  32|  13|  11|  12|  24|  14|  26|  18|  25|  58|
 09|  88|  53| 125| 101|  59|  80|  84|  75|  54|  40|  44|  58|  49|  37|  33|  24|  25|  25|  20|  14|  28|  26| 149|  50|
 10|  75| 113|  62|  68| 153| 140| 138| 108|  71|  69|  58|  57|  53| 108|  45|  32|  29|  23|  39|  88| 192| 193|  79| 157|
 11| 115| 137|  92| 813|1307| 733| 708| 208|1101|1176| 842|1307| 318| 130|  80|  67|  24|  36|  71|  80|  39|  51|  62| 114|
 12| 159| 276| 301| 264| 491| 526| 407| 408| 314| 313| 239| 243|  85| 128| 112| 122| 117|  39|  77|  28|  39|  31|  82|  64|
 13| 126| 213| 243| 213| 256| 260| 206| 259| 179| 221| 188| 167|  90|  92| 101|  62|  29|  23|  31|  48|  65|  31|  58|  62|
 14|  66| 113| 125| 177| 134| 233| 217|  99|  82|  80|  80|  92|  55|  53|  31|  42|  36|  39|  17|  25|  35|  38|  23|  36|
 15|  54|  67|  56|  71| 105|  86| 109| 128|  59|  75|  61|  40|  53|  67|  41|  31|  62|  46|  48|  61|  44|  72|  61|  86|
 16|  89|  90|  97|  85| 148|  93|  81|  63|  64|  32|  25|  30|  32|  68|  43|  31|  27|  23|  18|  13|  23|  21|  49|  31|
 17|  38|  57|  55| 106|  63|  50|  69|  49|  40|  38|  35|  48|  66|  72|  33|  29|  30|  55|  28|  17|  17|  26|  28|  33|
 18|  46|  59|  69|  44|  62|  62|  67|  58|  49|  47|  70|  56|  47|  53|  59|  43|  36|  27| 200|  67|  21|  39|  25|  31|
 19|  62|  45|  49|  48|  36|  71|  45|  99|  35|  48|  64|  39|  73|  27|  24|  30|  32|  25|  29|  25|  26|  28|  43|  26|
 20|  48|  46|  56|  35|  53|  40|  64|  29|  50|  44|  45|  61|  70|  60|  47|  48|  50|  33|  34|  25|  24|  23|  23|  38|
 21|  49|  45|  33|  50|  48|  62|  51|  39|  42|  37|  36|  32|  19|  31|  23|  27|  31|  19|  12|  28|  14|  28|  29|  26|
 22|  33|  32|  44|  37|  28|  35|  28|  32|  21|  21|  24|  15|  33|  33|  24|  19|  14|  31|  24|  18|  28|  18|  22|  33|
 23|  38|  29|  23|  41|  42|  39|  31|  23|  22|  25|  44|  38|  23|  28|  30|  32|  26|  18|  16|  10|  23|  21|  21|  41|
 24|  40|  30|  45|  23|  32|  38|  42|  32|  40|  31|  18|  34|  30|  54|  36|  97|  35|  32|  21|  33|  39|  21|  22|  42|
 25|  50|  45|  60|  34|  54|  68|  43|  47|  33|  49|  31|  49|  48|  58|  30|  42|  29|  40|  31|  17|  28|  35|  35|  41|
 26|  33|  50|  65|  49|  56|  25|  55|  50|  37|  30|  31|  24|  48|  26|  19|  18|  17|  27|  27|  71|  16|  17|  26|  58|
 27|  36|  54|  36|  34|  36|  36|  29|  30|  52|  15|  28|  50|  42|  30|  25|  28|  31|  28|  30|  32|  20|  20|  39|  18|
 28|  41|  43|  39|  44|  47|  64|  32|  73|  43|  30|  30|  32|  38|  23|  24|  23|  24|  23|  18|  26|  27|  23|  21|  33|
 29|  55|  35|  38|  43|  55|  35|  36|  37|  41|  38|  38|  47|  73|  39|  37|  23|  29|  28|  19|  29|  20|  20|  39|  24|
 30|  74|  39|  39|  33|  38|  36|  33|  46|  41|  32|  43|  33|  52|  37|  45|  27|  36|  17|  21|  19|  37|  26|  33|  33|
 31|  27|  29|  36|  39|  36|  30|  36|  37|  33|  29|  41|  28|  26|  32|  24|  18|  19|  13|  19|  18|  17|  30|  26|  29|
[Observer]Lockyer_Observatory
[Country]United Kingdom 
[City]Sidmouth
[Longitude]003°1307
[Latitude]050°4116
[Frequencies]
[Antenna]Quad Yagi
[Azimut Antenna]135
[Elevation Antenna]0
[Pre-Amplifier]None
[Receiver]ICOM IC-706 MKIIG
[Observing Method]HROFFT20dB Length Datas
[Remarks]winxp
