dec| 00h| 01h| 02h| 03h| 04h| 05h| 06h| 07h| 08h| 09h| 10h| 11h| 12h| 13h| 14h| 15h| 16h| 17h| 18h| 19h| 20h| 21h| 22h| 23h|
 01| 170| 501| 500| 836| 969|1162|1237|1231|1458|1468|1859|1892|1937|1963| 862|  99|  62|  48| 132| 111|  47|  41|  25|  52|
 02| 146|  63|  83|  80|  84|  85|  71| 188|  79|  89|  84| 114| 110|  60|  76|  58|  43|  50|  45|  43|  67|  69|  56|  74|
 03|  59|  75|  82|  76|  92|  79| 104| 112| 109|  89|  97|  78|  97|  77|  50|  51|  37|  39|  31|  40|  49|  63|  67|  44|
 04|  63|  86|  60|  99|  93|  85|  85|  75| 127|  90|  68|  68|  77|  56|  35|  43|  42|  40|  43|  32|  42|  64|  47|  61|
 05|  62|  68|  58|  99|  90|  66|  75|  84|  74|  75|  69| 107|  61|  46|  35|  32|  24|  30|  32|  46|  70|  51|  58|  56|
 06|  68|  81|  81| 103|  83| 114| 129|  95| 107|  79|  94| 494| 137| 111|  79|  44|  42|  34|  57|  48|  81|  45|  48|  44|
 07|  65|  80|  93|  90|  90| 101|  95|  66|  74|  77| 101|  89|  57| 272|  60|  26|  30|  53|  35|  34|  42|  55|  42|  53|
 08|  52|  64| 100|  94| 122|  98| 129| 164| 114| 147| 118| 120| 120| 102| 135| 354| 384| 241|  91|  55| 122| 193| 672| 211|
 09| 122|  84| 104| 193| 125| 122| 185| 351| 169| 312| 199| 418| 266| 559| 475| 419| 348| 454| 119| 148| 143| 172| 185| 143|
 10| 147| 638| 237| 580| 627| 155| 127| 185| 304| 239| 201| 197| 246| 224| 225| 206| 237| 202| 109| 114| 144| 152| 155| 132|
 11| 184| 246| 259| 325| 445| 462| 431| 465| 533| 718| 848| 665| 646| 572| 650| 757| 717| 705| 584| 593|1170|1036|1000| 792|
 12| 629| 720| 745| 763| 638| 638| 695| 727| 774| 714| 627| 531| 431| 304| 236| 214| 210| 235| 414| 353| 485| 478| 492| 508|
 13| 471| 475| 623| 670| 661| 580| 561| 518| 706| 550| 539| 434| 399| 345| 249| 197| 171| 132| 625| 815| 581| 738| 379| 322|
 14| 334| 409| 476| 541| 455| 440| 345| 390| 453| 321| 250| 277| 183| 818| 784| 226| 342| 178| 441| 744|1369|1086| 659| 354|
 15| 442| 654| 683| 295|1276|3564|3573|3573|3573|3573|3573|3573|3188| 357|  73|  42|  79| 198|1046| 402|2315|  76|  92|  81|
 16| 105| 677|1622|1082|1760| 224|1443|1527|1850|2049|2105|1968| 915|1703|1954|2309|1870|2228|2464|2125|2548|2213|2613|2541|
 17|2593|2643|1255|1293|2358|2387|2403|2469|2284|2044|2353|2866|2472|2870|2538|2235|1606|1699|1528|1418|1327|1694|1767|2297|
 18|2260|2522|2124|2832|2911|2644|1665|2560|2112|2434|2324|2334|2141|2252|2281|2414|1991|2391|2055|1911|1814|2011|1663|1660|
 19|1591|1939|1262|1755|1256| 942| 358| 776| 749| 380| 422| 736| 445| 334|  91|  69| 127| 205|  55|  44|  58|  78| 181|  35|
 20|  42|  43|  50|  91|  54|  73| 106|  83|  81|  83|  93|  77|  60|  94| 189|  41| 152|  31| 134| 109| 120| 103| 125| 134|
 21| 129| 504| 299| 464| 310| 881| 498| 357| 268| 219| 414| 311| 400| 446|  85|  62|  92|  76|  51|  48|  65|  60|  62|  73|
 22|  94|  74|  94|  81|  68|  79|  71|  69| 104| 125|  93|  89|  76|  84|  35|  46|  31|  33|  32|  34|  73|  46|  45|  73|
 23|  67|  75| 104| 126| 312| 245| 232| 275| 171| 130| 185|  91| 212| 137| 161| 147| 139|  67| 107|  73|  97|  77|  95|  96|
 24| 144|  90| 165| 162| 144| 164| 238| 122| 204| 171| 202| 153| 437| 400| 386| 258| 195|  82| 195| 119| 102|  99|  82|  91|
 25| 202|  98| 366| 280| 430| 411| 297| 289| 290| 139| 272| 429| 321| 480| 553| 271| 448| 238|  99| 132| 144| 121| 109| 122|
 26| 250| 428| 410| 427| 717| 555| 626| 567| 178| 256| 323| 453| 313| 398| 539| 493| 126| 286| 110| 126| 129| 116| 108| 184|
 27| 131| 361| 351| 566| 159| 604| 140| 445| 320| 280| 193| 458| 338| 603| 383| 255| 114| 238| 230|  96| 119| 140| 121| 133|
 28| 164| 520| 169| 531| 150| 682| 310| 364| 313| 178| 184| 506| 154| 231|  77| 290| 179| 121|  56|  41|  96|  93|  65|  56|
 29|  63|  59|  87| 100|  79|  72|  88|  90|  95|  96|  56| 118|  88|  69| 108|1673| 764| 297|  56|  61|  78| 201|  73|  71|
 30|  40|  58| 130| 172| 197| 259| 215| 138| 129|  95| 158|  88|  78| 132| 254| 114|  69|  30|  53|  97| 106| 111| 121| 130|
 31| 178| 207| 228| 171| 185| 210| 256| 251| 283| 310| 219| 155| 109| 184| 118|  78| 228| 108|  52| 105| 142| 116|  61| 123|
[Observer]Lockyer_Observatory
[Country]United Kingdom 
[City]Sidmouth
[Longitude]003°1307
[Latitude]050°4116
[Frequencies]
[Antenna]Quad Yagi
[Azimut Antenna]135
[Elevation Antenna]0
[Pre-Amplifier]None
[Receiver]ICOM IC-706 MKIIG
[Observing Method]HROFFT10dB Length Datas
[Remarks]winxp
