aug| 00h| 01h| 02h| 03h| 04h| 05h| 06h| 07h| 08h| 09h| 10h| 11h| 12h| 13h| 14h| 15h| 16h| 17h| 18h| 19h| 20h| 21h| 22h| 23h|
 01| 114| 111| 108| 152| 107|  99|  80|  92|  62|  83|  70|  50|  52| 111| 129| 105| 133| 144|  96|  62|  80| 130| 310| 213|
 02| 117| 101|  71| 102| 120|  97| 137|  90|  84|  63| 120| 139|  46| 100|  71|  68|  90|  61|  78|  57|  64|  68|  97|  54|
 03|  64| 102|  90| 114| 114| 148|  93| 100| 122| 115|  60|  85|  55|  58| 159| 422| 403| 443| 897|1272|1201|1662| 816| 214|
 04| 399| 369| 168| 136| 143| 133| 144|  92|  99| 116|  79|  76| 211| 318| 210|  93| 103| 273| 389| 329| 198| 152|  53|  63|
 05|  63|  81| 120| 104|  92| 141| 109| 102| 104|  78|  70|  78|  69| 102|  84| 261| 688|1356|1404|1299|  36|  54|  33|  67|
 06|  94|  83| 112| 145| 118| 124| 150|  99|  96| 152|  72|  69|  85|  56|  56|  70| 390| 297| 383|  32| 276| 662| 651| 670|
 07| 768| 585| 458| 264| 319| 406| 299| 290| 540| 627| 873|1153|1545|2256|2236|1807|1752|2459|2896|3411|2530| 913|3374|1986|
 08|1657| 800| 407| 604| 181|  40|  1 |  0 |  1 |  0 | 185| 845|3489|2739| 186|  74|  65| 151| 340|1006| 113|  97| 119| 461|
 09| 426| 682| 303| 297| 411| 741| 552| 427| 365| 291| 285| 268| 266| 211| 206| 221| 177| 215| 189| 210|1333|2447|1657| 397|
 10| 244| 272| 371| 320|1195|1286| 559| 590| 489| 422| 508| 564| 475| 542| 538| 445| 397| 459| 691|1179|2302|1945|1422|1793|
 11| 637|1367|1016|2313|2827|2687|2389|2090|3275|3288|2999|3391|1956| 825| 692| 840| 608| 709| 801| 830| 797| 517| 435| 510|
 12| 516| 616| 765| 926|1282|1355|1561|1477|1565|1862|1403|2055|1859|2140|2483|2162|1341|1038| 956| 830| 421| 293| 294| 328|
 13| 395| 515| 555| 649| 801| 983| 974| 925|1019| 927| 677| 791| 551| 685| 528| 668| 505| 461| 625| 749| 576| 306| 332| 324|
 14| 343| 363| 455| 434| 512| 819|1155| 916| 711| 772| 801| 605| 664| 568| 418| 550| 467| 431| 303| 570| 551| 331| 199| 224|
 15| 249| 245| 331| 406| 683| 905| 763| 834| 756| 787| 710| 678| 653| 690| 556| 589| 815| 712| 651| 829| 627| 417| 438| 359|
 16| 387| 373| 429| 478| 948| 792| 640| 404| 401| 314| 231| 284| 266| 377| 252| 207| 214| 177| 221| 411| 502| 383| 231| 199|
 17| 244| 291| 306| 323| 482| 414| 383| 299| 386| 314| 324| 343| 339| 589| 431| 593| 349| 313| 331| 364|1112| 405| 269| 454|
 18| 556| 516| 457| 342| 486| 877| 885| 677| 907| 837| 575| 479| 720| 701| 584| 817| 780| 587| 685| 615| 431| 303| 235| 284|
 19| 299| 236| 256| 271| 413|1096| 923| 931| 391| 449| 428| 263| 296| 380| 321| 303| 306| 326| 228| 272| 297| 183| 241| 177|
 20| 224| 208| 241| 213| 377| 442| 467| 327| 517| 444| 365| 523|1011|1282| 977| 941| 952| 952|1514|1164| 374| 284| 193| 198|
 21| 214| 231| 247| 271| 378| 366| 550| 529| 521| 544| 410| 396| 398| 447| 262| 267| 238| 164| 184| 431| 431| 404| 172| 246|
 22| 328| 384| 219| 230| 520| 638| 536| 526| 345| 336| 271| 375| 478| 853| 650| 592|1034|1109| 372| 322| 218| 247| 147| 132|
 23| 181| 218| 272| 345| 321| 385| 465|1155| 475| 311| 257| 339| 233| 267| 201| 261| 239| 212| 196| 288| 293| 222| 116| 187|
 24| 180| 180| 223| 228| 272| 354| 489| 284| 369| 430| 319| 403| 245| 391| 304| 572| 524| 566|1133| 579| 462| 259| 596| 374|
 25| 244| 236| 242| 199| 385| 461| 567| 547| 543| 497| 451| 461| 514| 338| 322| 305| 359| 229| 293| 335| 345| 210| 212| 240|
 26| 209| 215| 229| 206| 348| 314| 476| 295| 335| 372| 386| 269| 315| 266| 237| 295| 676| 297| 229| 337| 267| 145| 153| 248|
 27| 194| 191| 182| 198| 264| 297| 332| 220| 397| 337| 238| 369| 344| 258| 266| 215| 181| 177| 285| 401| 159| 158| 190| 159|
 28| 210| 197| 228| 246| 354| 374| 532| 323| 336| 287| 279| 234| 305| 246| 231| 212| 185| 175| 248| 356| 344| 201| 175| 162|
 29| 186| 236| 236| 237| 424| 425| 391| 367| 307| 307| 401| 410| 346| 323| 236| 350| 253| 277| 239| 533| 437| 274| 307| 165|
 30| 235| 191| 186| 216| 221| 342| 460| 405| 393| 405| 238| 317| 403| 328| 316| 256| 256| 258| 153| 226| 486| 169| 160| 155|
 31| 188| 204| 167| 163| 220| 229| 197| 288| 226| 207| 263| 204| 246| 230| 214| 247| 170| 170| 151| 530| 424| 329| 206| 200|
[Observer]Lockyer_Observatory
[Country]United Kingdom 
[City]Sidmouth
[Longitude]003°1307
[Latitude]050°4116
[Frequencies]
[Antenna]Quad Yagi
[Azimut Antenna]135
[Elevation Antenna]0
[Pre-Amplifier]None
[Receiver]ICOM IC-706 MKIIG
[Observing Method]HROFFT10dB Length Datas
[Remarks]winxp
