jul| 00h| 01h| 02h| 03h| 04h| 05h| 06h| 07h| 08h| 09h| 10h| 11h| 12h| 13h| 14h| 15h| 16h| 17h| 18h| 19h| 20h| 21h| 22h| 23h|
 01|??? |??? |??? |??? |??? |??? |??? |??? |??? |??? |??? |??? |??? |??? |??? |??? |??? |??? |??? |??? |??? |??? |??? |??? |
 02|??? |??? |??? |??? |??? |??? |??? |??? |??? |??? |??? |??? |??? |??? |??? |??? |??? |??? |??? |??? |??? |??? |??? |??? |
 03|??? |??? |??? |??? |??? |??? |??? |??? |??? |??? |??? |??? |??? |??? |??? |??? |??? |??? |??? |??? |??? |??? |??? |??? |
 04|??? |??? |??? |??? |??? |??? |??? |??? |??? |??? |??? |??? |??? |??? |??? |??? |??? |??? |??? |??? |??? |??? |??? |??? |
 05|??? |??? |??? |??? |??? |??? |??? |??? |??? |??? |??? |??? |??? |??? |??? |??? |??? |??? |??? |??? |??? |??? |??? |??? |
 06|??? |??? |??? |??? |??? |??? |??? |??? |??? |??? |??? |??? |??? |??? |??? |??? |??? |??? |??? |??? |??? |??? |??? |??? |
 07|??? |??? |??? |??? |??? |??? |??? |??? |??? |??? |??? |??? |??? |??? |??? |??? |??? |??? |??? |??? |??? |??? |??? |??? |
 08|  0 |  0 |  0 |  0 |  0 |  0 |  0 |  0 |  0 |  2 |  5 |  7 |  13|  7 |  49|  33|  10|  11|  7 |  9 |  15|  11|  8 |  14|
 09|  11|  7 |  14|  22|  16|  14|  16|  13|  11|  8 |  11|  6 |  13|  9 |  13|  16|  7 |  15|  8 |  8 |  6 |  9 |  15|  15|
 10|  16|  14|  29|  16|  18|  18|  20|  16|  14|  17|  18|  18|  28|  15|  21|  12|  10|  4 |  3 |  10|  10|  10|  14|  18|
 11|  16|  24|  16|  12|  22|  24|  18|  18|  14|  16|  17|  18|  16|  9 |  9 |  14|  8 |  12|  8 |  6 |  3 |  10|  11|  22|
 12|  14|  18|  17|  24|  21|  21|  26|  24|  9 |  11|  16|  10|  13|  7 |  8 |  14|  5 |  13|  8 |  5 |  8 |  7 |  7 |  15|
 13|  16|  19|  13|  17|  17|  16|  16|  8 |  16|  13|  9 |  13|  12|  8 |  4 |  9 |  10|  10|  5 |  2 |  57|  47|  4 |  4 |
 14|  9 |  7 |  7 |  7 |  9 |  12|  6 |  4 |  10|  9 |  11|  10|  46|  24|  24|  25|  17|  23|  10|  15|  22|  14|  25|  20|
 15|  24|  29|  27|  25|  35|  33|  25|  30|  39|  23|  31|  31|  14|  0 |  3 |  8 |  5 |  2 |  2 |  3 |  0 |  1 |  2 |  2 |
 16|  4 |  5 |  5 |  2 |  5 |  3 |  6 |  3 |  3 |  6 |  3 |  4 |  0 |  1 |  3 |  0 |  0 |  0 |  2 |  1 |  4 |  3 |  3 |  2 |
 17|  2 |  3 |  1 |  5 |  2 |  6 |  2 |  5 |  1 |  2 |  2 |  2 |  7 |  1 |  3 |  3 |  6 |  4 |  3 |  2 |  2 |  3 |  4 |  6 |
 18|  4 |  6 |  8 |  3 |  7 |  8 |  5 |  3 |  1 |  4 |  2 |  5 |  3 |  4 |  4 |  6 |  2 |  2 |  1 |  1 |  0 |  5 |  4 |  3 |
 19|  3 |  4 |  4 |  1 |  4 |  6 |  3 |  4 |  3 |  3 |  4 |  2 |  3 |  2 |  0 |  4 |  3 |  3 |  1 |  2 |  1 |  1 |  0 |  4 |
 20|  4 |  6 |  10|  7 |  8 |  8 |  5 |  6 |  5 |  1 |  3 |  1 |  0 |  2 |  2 |  0 |  3 |  1 |  3 |  1 |  2 |  2 |  2 |  2 |
 21|  4 |  3 |  2 |  5 |  4 |  10|  3 |  4 |  3 |  6 |  3 |  3 |  6 |  6 |  5 |  4 |  2 |  7 |  1 |  3 |  3 |  5 |  3 |  6 |
 22|  3 |  6 |  4 |  2 |  5 |  5 |  4 |  4 |  5 |  2 |  3 |  1 |  5 |  4 |  3 |  4 |  3 |  1 |  1 |  0 |  3 |  3 |  3 |  2 |
 23|  5 |  6 |  3 |  2 |  6 |  7 |  8 |  5 |  8 |  0 |  3 |  1 |  5 |  3 |  3 |  5 |  1 |  1 |  2 |  0 |  2 |  3 |  3 |  4 |
 24|  6 |  7 |  6 |  8 |  4 |  0 |  5 |  5 |  0 |  0 |  1 |  2 |  1 |  4 |  1 |  2 |  3 |  1 |  4 |  2 |  1 |  3 |  3 |  6 |
 25|  7 |  5 |  4 |  7 |  9 |  8 |  3 |  2 |  1 |  3 |  2 |  10|  4 |  2 |  3 |  0 |  3 |  4 |  3 |  3 |  3 |  5 |  1 |  1 |
 26|  7 |  8 |  4 |  9 |  5 |  2 |  0 |  4 |  4 |  6 |  2 |  4 |  3 |  1 |  1 |  9 |  0 |  0 |  0 |  2 |  5 |  2 |  5 |  8 |
 27|  4 |  9 |  6 |  5 |  7 |  5 |  2 |  4 |  2 |  1 |  0 |  3 |  4 |  3 |  1 |  2 |  0 |  1 |  0 |  4 |  3 |  3 |  8 |  6 |
 28|  5 |  10|  7 |  5 |  4 |  4 |  1 |  10|  0 |  2 |  0 |  0 |  0 |  0 |  0 |  0 |  0 |  0 |  5 |  3 |  5 |  7 |  14|  26|
 29|  15|  12|  19|  14|  20|  14|  16|  5 |  10|  12|  12|  5 |  7 |  9 |  6 |  9 |  10|  3 |  11|  2 |  7 |  3 |  5 |  11|
 30|  14|  21|  20|  8 |  23|  16|  12|  2 |  10|  5 |  12|  2 |  9 |  8 |  10|  7 |  9 |  6 |  4 |  9 |  10|  6 |  10|  11|
 31|  15|  13|  28|  21|  19|  13|  13|  18|  12|  11|  6 |  15|  5 |  7 |  5 |  3 |  3 |  6 |  6 |  11|  4 |  6 |  5 |  14|
[Observer]Lockyer_Observatory
[Country]United Kingdom 
[City]Sidmouth
[Longitude]003°1307
[Latitude]050°4116
[Frequencies]
[Antenna]Quad Yagi
[Azimut Antenna]135
[Elevation Antenna]0
[Pre-Amplifier]None
[Receiver]ICOM IC-706 MKIIG
[Observing Method]HROFFT20dB Count Datas
[Remarks]winxp
