nov| 00h| 01h| 02h| 03h| 04h| 05h| 06h| 07h| 08h| 09h| 10h| 11h| 12h| 13h| 14h| 15h| 16h| 17h| 18h| 19h| 20h| 21h| 22h| 23h|
 01|  9 |  3 |  11|  9 |  11|  4 |  18|  4 |  6 |  6 |  10|  10|  17|  2 |  2 |  3 |  5 |  5 |  4 |  6 |  8 |  3 |  15|  8 |
 02|  8 |  7 |  5 |  8 |  17|  9 |  7 |  10|  3 |  11|  8 |  20|  3 |  10|  10|  9 |  7 |  1 |  9 |  4 |  11|  5 |  5 |  4 |
 03|  5 |  8 |  5 |  6 |  8 |  8 |  6 |  8 |  20|  1 |  5 |  22|  6 |  4 |  3 |  2 |  2 |  4 |  13|  20|  10|  13|  4 |  12|
 04|  13|  10|  16|  18|  7 |  16|  17|  34|  14|  6 |  8 |  6 |  6 |  4 |  3 |  5 |  11|  7 |  1 |  21|  9 |  8 |  11|  6 |
 05|  11|  10|  16|  36|  6 |  9 |  7 |  4 |  34|  2 |  5 |  18|  19|  6 |  3 |  3 |  14|  7 |  8 |  10|  6 |  10|  7 |  8 |
 06|  10|  18|  15|  9 |  23|  13|  8 |  13|  4 |  2 |  5 |  12|  7 |  12|  3 |  1 |  2 |  9 |  1 |  7 |  8 |  6 |  5 |  1 |
 07|  4 |  7 |  10|  10|  5 |  7 |  14|  6 |  5 |  9 |  12|  3 |  5 |  2 |  5 |  45|  14|  2 |  12|  11|  5 |  6 |  6 |  6 |
 08|  7 |  23|  13|  13|  5 |  10|  4 |  6 |  8 |  7 |  5 |  6 |  6 |  13|  6 |  7 |  2 |  2 |  7 |  7 |  7 |  7 |  1 |  14|
 09|  10|  10|  2 |  3 |  12|  4 |  8 |  5 |  12|  2 |  18|  4 |  7 |  3 |  4 |  2 |  5 |  2 |  5 |  9 |  7 |  6 |  11|  7 |
 10|  15|  6 |  14|  13|  6 |  4 |  5 |  4 |  8 |  15|  6 |  4 |  5 |  5 |  5 |  7 |  5 |  10|  2 |  7 |  3 |  7 |  4 |  11|
 11|  6 |  9 |  13|  24|  9 |  5 |  8 |  2 |  3 |  6 |  12|  4 |  7 |  3 |  7 |  7 |  3 |  3 |  2 |  4 |  5 |  2 |  2 |  3 |
 12|  10|  6 |  7 |  16|  12|  3 |  6 |  9 |  5 |  5 |  17|  15|  6 |  2 |  3 |  14|  3 |  7 |  4 |  9 |  9 |  6 |  9 |  14|
 13|  5 |  15|  19|  9 |  20|  4 |  14|  5 |  5 |  0 |  2 |  2 |  1 |  0 |  3 |  11|  7 |  1 |  5 |  4 |  4 |  4 |  5 |  4 |
 14|  9 |  14|  4 |  19|  9 |  7 |  3 |  4 |  3 |  3 |  6 | 276|  7 | 504| 593|  2 |  5 | 235| 548|2265| 322|1238|1468|1367|
 15|1467|2411|1235|1363|1281| 642| 905| 623|  0 |  5 |  6 |  6 |  0 |  10|  1 |  2 |  4 |  1 |  4 |  7 |  7 |  2 |  8 |  4 |
 16|  18|  7 |  11|  5 |  7 |  16|  8 |  6 |  3 |  26|  13|  2 |  10|  2 |  5 |  3 |  3 |  3 |  5 |  70|  1 |  4 |  1 |  27|
 17|  11|  7 |  3 |  13|  5 |  8 |  12|  5 |  64|  8 |  10|  10|  2 |  2 |  1 |  1 |  0 |  1 |  4 |  4 |  4 |  4 |  2 |  1 |
 18|  9 |  7 |  1 |  5 |  2 |  4 |  6 |  2 |  12|  5 |  9 |  6 |  1 |  2 |  0 |  2 |  10|  2 |  6 |  0 |  5 |  4 |  9 |  7 |
 19|  28|  26|  10|  6 |  14|  0 |  9 |  9 |  5 |  9 |  1 |  5 |  3 |  4 |  1 |  3 |  0 |  4 |  2 |  5 |  5 |  1 |  7 |  4 |
 20|  4 |  6 |  8 |  6 |  4 |  1 |  4 |  2 |  28|  3 |  8 |  4 |  2 |  2 |  3 |  4 |  7 |  6 |  15|  0 |  2 |  0 |  2 |  2 |
 21|  7 |  3 |  32|  2 |  10|  9 |  1 |  3 |  5 |  1 |  4 |  7 |  5 |  4 |  7 |  1 |  4 |  1 |  5 |  1 |  4 |  2 |  7 |  1 |
 22|  14|  7 |  9 |  9 |  10|  6 |  5 |  1 |  10|  5 |  1 |  2 |  3 |  9 |  7 |  0 |  2 |  0 |  2 |  0 |  0 |  0 |  1 |  2 |
 23|  4 |  4 |  11|  2 |  1 |  2 |  0 |  1 |  0 |  0 |  3 |  1 |  0 |  1 |  1 |  0 |  0 |  0 |  0 |  1 |  0 |  0 |  0 |  1 |
 24|  2 |  1 |  26|  7 |  3 |  6 |  4 |  9 |  3 |  5 |  13|  1 |  1 |  4 |  4 |  3 |  4 |  8 |  5 |  1 |  4 |  3 |  3 |  4 |
 25|  5 |  5 |  5 |  12|  19|  18|  10|  7 |  2 |  3 |  8 |  4 |  10|  11|  1 |  2 |  2 |  1 |  3 |  5 |  1 |  14|  3 |  5 |
 26|  8 |  14|  12|  1 |  63|  11|  12|  1 |  3 |  2 |  5 |  1 |  9 |  3 |  3 |  0 |  6 |  3 |  2 |  1 |  1 |  2 |  5 |  2 |
 27|  5 |  7 |  7 |  10|  36|  11|  6 |  9 |  5 |  18|  10|  3 |  21|  2 |  8 |  4 |  3 |  2 |  7 |  4 |  4 |  9 |  1 |  5 |
 28|  6 |  3 |  7 |  7 |  6 |  7 |  11|  6 |  5 |  8 |  7 |  8 |  5 |  9 |  2 |  6 |  6 |  4 |  2 |  1 |  2 |  14|  6 |  7 |
 29|  3 |  15|  10|  8 |  9 |  14|  6 |  8 |  8 |  7 |  10|  12|  15|  10|  8 |  3 |  8 |  3 |  7 |  2 |  6 |  7 |  6 |  2 |
 30|  5 |  5 |  12|  6 |  7 |  7 |  5 |  7 |  7 |  5 |  15|  6 |  12|  25|  2 |  2 |  2 |  2 |  1 |  1 |  4 |  8 |  3 |  0 |
 31|??? |??? |??? |??? |??? |??? |??? |??? |??? |??? |??? |??? |??? |??? |??? |??? |??? |??? |??? |??? |??? |??? |??? |??? |
[Observer]Lockyer_Observatory
[Country]United Kingdom 
[City]Sidmouth
[Longitude]003°1307
[Latitude]050°4116
[Frequencies]
[Antenna]Quad Yagi
[Azimut Antenna]135
[Elevation Antenna]0
[Pre-Amplifier]None
[Receiver]ICOM IC-706 MKIIG
[Observing Method]HROFFT30dB Length Datas
[Remarks]winxp
