aug| 00h| 01h| 02h| 03h| 04h| 05h| 06h| 07h| 08h| 09h| 10h| 11h| 12h| 13h| 14h| 15h| 16h| 17h| 18h| 19h| 20h| 21h| 22h| 23h|
 01|  15|  17|  23|  22|  19|  13|  9 |  15|  6 |  11|  12|  9 |  8 |  9 |  9 |  6 |  9 |  6 |  11|  6 |  6 |  10|  9 |  9 |
 02|  13|  16|  10|  12|  17|  12|  21|  13|  12|  4 |  9 |  17|  3 |  7 |  7 |  7 |  10|  4 |  3 |  5 |  8 |  11|  10|  10|
 03|  12|  13|  18|  18|  18|  15|  13|  18|  17|  13|  5 |  10|  6 |  6 |  8 |  10|  7 |  10|  4 |  8 |  13|  7 |  16|  12|
 04|  16|  18|  21|  19|  14|  13|  12|  15|  12|  10|  5 |  9 |  15|  9 |  8 |  10|  4 |  0 |  7 |  8 |  2 |  7 |  8 |  10|
 05|  9 |  14|  19|  18|  16|  25|  15|  12|  11|  6 |  7 |  9 |  6 |  13|  6 |  3 |  2 |  0 |  1 |  3 |  4 |  13|  4 |  9 |
 06|  16|  15|  13|  16|  14|  13|  19|  17|  12|  18|  11|  8 |  6 |  4 |  7 |  7 |  3 |  6 |  1 |  4 |  0 |  0 |  0 |  0 |
 07|  0 |  0 |  0 |  0 |  0 |  3 |  0 |  0 |  0 |  0 |  0 |  0 |  0 |  0 |  0 |  0 |  0 |  0 |  0 |  0 |  0 |  0 |  0 |  0 |
 08|  0 |  0 |  0 |  0 |  0 |  0 |  0 |  0 |  0 |  0 |  0 |  10|  0 |  7 |  20|  12|  9 |  11|  22|  13|  19|  13|  19|  37|
 09|  44|  30|  43|  32|  39|  52|  46|  39|  34|  29|  31|  31|  28|  29|  27|  22|  19|  20|  16|  13|  27|  24|  41|  35|
 10|  38|  39|  44|  46|  91|  70|  56|  54|  44|  32|  40|  44|  41|  46|  27|  28|  29|  18|  29|  44| 114| 156|  70|  93|
 11|  51| 109|  63| 213| 423| 347| 289|  99| 283| 434| 320| 476| 145|  52|  44|  47|  23|  28|  33|  29|  30|  36|  48|  56|
 12|  78|  98| 104| 120| 161| 155| 158| 137| 121| 111|  69|  84|  53|  51|  65|  47|  37|  31|  28|  26|  27|  26|  43|  36|
 13|  55|  80|  98|  83|  96| 105| 101| 100|  82|  79|  54|  66|  49|  53|  51|  41|  17|  23|  25|  35|  38|  28|  35|  46|
 14|  49|  68|  66|  61|  64|  89|  82|  70|  52|  52|  47|  44|  36|  39|  27|  26|  28|  33|  14|  24|  26|  31|  16|  32|
 15|  42|  49|  45|  50|  80|  58|  55|  64|  43|  53|  42|  33|  39|  48|  38|  26|  31|  38|  44|  55|  39|  47|  51|  66|
 16|  77|  64|  75|  67|  88|  61|  45|  33|  30|  28|  23|  28|  27|  29|  32|  29|  24|  21|  18|  11|  15|  15|  27|  27|
 17|  31|  37|  38|  50|  38|  35|  47|  34|  25|  28|  30|  36|  36|  45|  28|  27|  25|  39|  26|  17|  17|  24|  24|  27|
 18|  42|  45|  41|  37|  41|  54|  49|  41|  33|  34|  37|  39|  33|  39|  43|  29|  29|  22|  39|  14|  17|  23|  23|  29|
 19|  45|  37|  40|  33|  31|  44|  37|  41|  28|  39|  51|  35|  26|  25|  23|  26|  26|  23|  26|  25|  20|  25|  37|  21|
 20|  39|  38|  39|  32|  43|  31|  41|  24|  40|  32|  39|  52|  60|  50|  41|  43|  43|  31|  29|  24|  18|  21|  22|  33|
 21|  43|  35|  29|  41|  35|  36|  39|  34|  28|  24|  32|  27|  16|  26|  19|  24|  30|  18|  12|  22|  13|  16|  26|  23|
 22|  31|  29|  39|  34|  24|  26|  28|  27|  20|  16|  22|  14|  27|  27|  18|  19|  14|  28|  19|  17|  27|  14|  19|  31|
 23|  27|  24|  23|  35|  26|  27|  28|  17|  16|  23|  21|  33|  23|  24|  28|  28|  20|  16|  14|  10|  21|  20|  19|  37|
 24|  36|  30|  29|  23|  24|  33|  33|  24|  34|  21|  17|  29|  27|  46|  33|  49|  32|  27|  19|  27|  29|  20|  22|  37|
 25|  29|  36|  44|  31|  45|  40|  34|  38|  27|  42|  26|  40|  34|  40|  26|  34|  24|  35|  29|  17|  24|  29|  28|  36|
 26|  24|  42|  54|  41|  45|  22|  36|  40|  31|  24|  28|  22|  40|  25|  19|  17|  16|  21|  25|  17|  14|  16|  23|  35|
 27|  29|  45|  32|  31|  30|  29|  28|  19|  36|  14|  22|  35|  35|  27|  22|  26|  24|  25|  27|  26|  18|  20|  35|  16|
 28|  36|  34|  29|  39|  41|  48|  25|  33|  33|  18|  23|  26|  32|  20|  20|  19|  24|  20|  16|  21|  23|  23|  20|  30|
 29|  43|  32|  28|  37|  45|  31|  31|  34|  32|  32|  31|  43|  47|  30|  36|  20|  28|  22|  17|  25|  20|  19|  24|  22|
 30|  41|  34|  36|  31|  34|  31|  30|  33|  32|  25|  37|  30|  39|  30|  34|  24|  26|  16|  17|  18|  34|  21|  29|  27|
 31|  23|  25|  30|  35|  32|  24|  29|  32|  27|  27|  36|  27|  21|  29|  22|  16|  15|  13|  18|  18|  15|  27|  23|  24|
[Observer]Lockyer_Observatory
[Country]United Kingdom 
[City]Sidmouth
[Longitude]003°1307
[Latitude]050°4116
[Frequencies]
[Antenna]Quad Yagi
[Azimut Antenna]135
[Elevation Antenna]0
[Pre-Amplifier]None
[Receiver]ICOM IC-706 MKIIG
[Observing Method]HROFFT20dB Count Datas
[Remarks]winxp
