jul| 00h| 01h| 02h| 03h| 04h| 05h| 06h| 07h| 08h| 09h| 10h| 11h| 12h| 13h| 14h| 15h| 16h| 17h| 18h| 19h| 20h| 21h| 22h| 23h|
 01|??? |??? |??? |??? |??? |??? |??? |??? |??? |??? |??? |??? |??? |??? |??? |??? |??? |??? |??? |??? |??? |??? |??? |??? |
 02|??? |??? |??? |??? |??? |??? |??? |??? |??? |??? |??? |??? |??? |??? |??? |??? |??? |??? |??? |??? |??? |??? |??? |??? |
 03|??? |??? |??? |??? |??? |??? |??? |??? |??? |??? |??? |??? |??? |??? |??? |??? |??? |??? |??? |??? |??? |??? |??? |??? |
 04|??? |??? |??? |??? |??? |??? |??? |??? |??? |??? |??? |??? |??? |??? |??? |??? |??? |??? |??? |??? |??? |??? |??? |??? |
 05|??? |??? |??? |??? |??? |??? |??? |??? |??? |??? |??? |??? |??? |??? |??? |??? |??? |??? |??? |??? |??? |??? |??? |??? |
 06|??? |??? |??? |??? |??? |??? |??? |??? |??? |??? |??? |??? |??? |??? |??? |??? |??? |??? |??? |??? |??? |??? |??? |??? |
 07|??? |??? |??? |??? |??? |??? |??? |??? |??? |??? |??? |??? |??? |??? |??? |??? |??? |??? |??? |??? |??? |??? |??? |??? |
 08|  0 |  0 |  0 |  0 |  0 |  0 |  0 |  0 |  0 |  0 |  0 |  1 |  5 |  2 |  22|  14|  3 |  3 |  2 |  0 |  1 |  2 |  2 |  2 |
 09|  1 |  0 |  3 |  4 |  4 |  4 |  2 |  2 |  3 |  1 |  2 |  1 |  3 |  3 |  2 |  4 |  0 |  1 |  1 |  2 |  0 |  1 |  2 |  2 |
 10|  1 |  2 |  3 |  5 |  3 |  1 |  2 |  2 |  3 |  3 |  3 |  3 |  9 |  5 |  7 |  4 |  3 |  0 |  1 |  2 |  0 |  2 |  2 |  1 |
 11|  3 |  5 |  3 |  5 |  6 |  3 |  5 |  8 |  0 |  1 |  3 |  5 |  4 |  3 |  2 |  4 |  0 |  2 |  2 |  2 |  1 |  1 |  4 |  0 |
 12|  5 |  2 |  3 |  5 |  5 |  6 |  7 |  5 |  1 |  4 |  1 |  3 |  2 |  3 |  1 |  5 |  2 |  3 |  3 |  1 |  3 |  0 |  1 |  5 |
 13|  3 |  4 |  2 |  3 |  3 |  1 |  5 |  2 |  1 |  2 |  0 |  1 |  3 |  2 |  0 |  0 |  1 |  0 |  0 |  0 |  8 |  3 |  1 |  0 |
 14|  2 |  1 |  2 |  2 |  2 |  4 |  1 |  0 |  3 |  1 |  4 |  2 |  2 |  3 |  3 |  5 |  2 |  3 |  8 |  3 |  3 |  2 |  6 |  5 |
 15|  6 |  10|  5 |  6 |  6 |  4 |  1 |  12|  7 |  4 |  5 |  3 |  3 |  0 |  2 |  1 |  2 |  0 |  0 |  1 |  0 |  0 |  1 |  0 |
 16|  1 |  0 |  1 |  0 |  1 |  0 |  0 |  0 |  1 |  2 |  0 |  0 |  0 |  0 |  0 |  0 |  0 |  0 |  0 |  0 |  0 |  1 |  0 |  1 |
 17|  1 |  0 |  1 |  2 |  1 |  1 |  0 |  1 |  1 |  1 |  0 |  0 |  1 |  0 |  0 |  1 |  2 |  1 |  0 |  0 |  0 |  1 |  1 |  1 |
 18|  1 |  0 |  1 |  0 |  1 |  1 |  2 |  0 |  0 |  0 |  0 |  0 |  0 |  0 |  1 |  2 |  1 |  0 |  0 |  0 |  0 |  1 |  0 |  0 |
 19|  0 |  1 |  0 |  0 |  0 |  4 |  1 |  1 |  0 |  0 |  0 |  0 |  2 |  2 |  0 |  1 |  0 |  1 |  0 |  1 |  1 |  0 |  0 |  1 |
 20|  1 |  3 |  1 |  1 |  2 |  1 |  1 |  0 |  0 |  0 |  0 |  1 |  0 |  0 |  0 |  0 |  0 |  1 |  1 |  1 |  1 |  1 |  0 |  2 |
 21|  0 |  1 |  1 |  0 |  1 |  2 |  0 |  2 |  0 |  2 |  1 |  1 |  1 |  1 |  2 |  0 |  0 |  1 |  1 |  1 |  1 |  1 |  1 |  1 |
 22|  0 |  1 |  2 |  0 |  1 |  3 |  2 |  1 |  2 |  0 |  3 |  0 |  0 |  0 |  1 |  1 |  2 |  0 |  0 |  0 |  1 |  1 |  1 |  0 |
 23|  0 |  0 |  0 |  0 |  0 |  0 |  2 |  0 |  3 |  0 |  1 |  1 |  0 |  0 |  1 |  3 |  0 |  0 |  1 |  0 |  0 |  1 |  1 |  2 |
 24|  1 |  2 |  1 |  4 |  1 |  0 |  1 |  1 |  0 |  0 |  0 |  1 |  0 |  0 |  0 |  0 |  0 |  1 |  1 |  0 |  0 |  0 |  2 |  0 |
 25|  1 |  1 |  1 |  0 |  3 |  3 |  1 |  0 |  0 |  0 |  1 |  0 |  1 |  0 |  0 |  0 |  1 |  0 |  1 |  1 |  1 |  1 |  0 |  0 |
 26|  1 |  2 |  0 |  1 |  1 |  2 |  0 |  3 |  0 |  1 |  1 |  0 |  0 |  0 |  0 |  1 |  0 |  0 |  0 |  0 |  0 |  0 |  1 |  0 |
 27|  1 |  2 |  0 |  0 |  2 |  2 |  0 |  0 |  0 |  1 |  0 |  0 |  1 |  0 |  0 |  0 |  0 |  0 |  0 |  2 |  0 |  0 |  0 |  1 |
 28|  0 |  2 |  1 |  0 |  1 |  2 |  1 |  3 |  0 |  0 |  0 |  0 |  0 |  0 |  0 |  0 |  0 |  0 |  1 |  1 |  0 |  4 |  4 |  4 |
 29|  4 |  3 |  8 |  7 |  3 |  5 |  4 |  1 |  3 |  1 |  3 |  2 |  1 |  1 |  2 |  3 |  5 |  1 |  4 |  0 |  0 |  0 |  1 |  3 |
 30|  2 |  3 |  9 |  4 |  9 |  4 |  4 |  1 |  4 |  0 |  5 |  0 |  3 |  1 |  2 |  1 |  4 |  1 |  0 |  1 |  4 |  2 |  4 |  0 |
 31|  2 |  4 |  8 |  5 |  3 |  4 |  2 |  5 |  6 |  4 |  0 |  3 |  0 |  1 |  1 |  4 |  0 |  2 |  0 |  3 |  0 |  3 |  0 |  4 |
[Observer]Lockyer_Observatory
[Country]United Kingdom 
[City]Sidmouth
[Longitude]003°1307
[Latitude]050°4116
[Frequencies]
[Antenna]Quad Yagi
[Azimut Antenna]135
[Elevation Antenna]0
[Pre-Amplifier]None
[Receiver]ICOM IC-706 MKIIG
[Observing Method]HROFFT30dB Count Datas
[Remarks]winxp
