oct| 00h| 01h| 02h| 03h| 04h| 05h| 06h| 07h| 08h| 09h| 10h| 11h| 12h| 13h| 14h| 15h| 16h| 17h| 18h| 19h| 20h| 21h| 22h| 23h|
 01| 109| 148| 133| 131| 196| 292| 195| 181| 180| 210| 361| 399| 635| 381| 671| 391| 263| 303| 207| 250| 226| 195| 211| 145|
 02| 253| 329| 381| 470| 199| 209| 172| 207| 278| 157| 203| 318| 226| 206| 132| 148|  94|  92|  95|  82| 131| 106|  97|  89|
 03| 120| 108| 141| 162| 353| 357| 494| 236| 381| 253| 245| 527| 334| 374| 419| 496| 346| 158| 345| 221| 172| 193| 171| 246|
 04| 205| 310| 241| 360| 466| 418| 265| 157| 204| 173| 158| 143| 104| 108| 114| 136| 610| 497| 158| 242| 206| 233| 210| 231|
 05| 218| 449| 449| 491| 454| 141| 207| 124| 219| 213| 200| 368| 388| 457|1420| 458| 320| 203|  89| 173| 212| 145|  77| 109|
 06| 123| 129| 176| 202| 215| 229| 381| 373| 351| 304| 298| 347| 402| 303| 317| 386| 372| 256| 337| 308| 280| 306| 319| 215|
 07|1132| 609| 310| 517|2233|3180|3121|3112|3143|3256|3380|3337|3504|1381| 285|2383|3556|3571|3565|3565|3569|3545|3533|3501|
 08|3270|3169|3111|3045|3248|3570|3573|3573|3567|3573|2950| 558|1051| 342| 343| 521| 425| 454| 568| 544| 961|1303|1403|1087|
 09|1949|3491|3544|3573|3568|3569|3567|3573|3572|3569|3571|3565|3563|3571|3572|3573|3572|3571|3572|3570|3572|3574|3573|3573|
 10|3572|3573|3573|3573|3573|3572|3569|3569|3572|3572|3573|3573|3573|3573|3573|3573|3573|3573|3573|3573|3573|3572|3572|3572|
 11|3567|3561|3570|3569|3564|3546|3557|3511|3502|3545|3462|3457|3508|3535|3507|3553|3573|3572|3570|3572|3571|3573|3573|3573|
 12|3573|3572|3574|3572|3571|2983| 616| 442| 250| 309| 323| 504| 373| 345| 322| 287| 273| 388| 257| 400| 500| 342| 284| 175|
 13| 151| 187| 219| 206| 215| 229| 238| 281| 199| 264| 286| 280| 301| 541| 544| 317| 279| 372| 244| 298| 273| 215| 176| 156|
 14| 166| 169| 201| 181| 302| 316| 535| 295| 480| 407| 405| 322| 401| 364| 396| 440| 481| 219| 185| 234| 173| 169| 114| 134|
 15| 178| 230| 188| 269| 257| 232| 160|  43|  9 |  0 |  14|  3 |  70| 213| 164| 179| 217| 126| 239| 197| 175| 145| 143| 119|
 16| 146| 146| 217| 184| 190| 202| 135|  1 |  5 |  1 |  2 |  2 |  42| 113|  87|  94| 127| 193| 157| 206| 177| 142|  87| 175|
 17| 140| 129| 243| 211| 252| 229| 367| 329| 201| 223| 367| 271| 258| 182| 136| 154| 137| 145| 225| 290| 196| 160| 237| 184|
 18| 165| 216| 253| 256| 222| 337| 390| 444| 412| 387| 336| 378| 372| 425| 384| 442| 562| 412| 945| 490| 528| 517| 459| 417|
 19| 577| 699| 949|1212| 677|1514|2351|1480|1490|1368|1416| 941|1302|1171| 232| 616| 754| 508| 834| 428| 249| 340| 117| 104|
 20|  94| 144| 140| 255| 199| 112| 162| 250| 225| 294| 231| 186| 168|  81|  68|  3 |  0 |  4 |  0 |  3 |  0 |  0 | 152|  82|
 21| 706|  0 |  1 |  0 |  0 |  0 |  0 |  4 |  1 |  1 |  2 | 106| 151| 138| 106| 118| 147|  85| 120| 132|  79|  54|  75| 169|
 22| 103| 104| 133| 135| 238| 105| 137| 120| 118| 138|  94| 195| 297| 130|  95| 104|  59|  77|  81| 176| 142| 129| 117|  96|
 23|  88| 152| 187| 140| 467| 224| 357| 326| 585| 196| 212| 136| 129| 943| 518| 414| 497|2463|1402| 166| 329|1702| 995| 519|
 24|1136|1744|3239|3467|2258|2871|2348|3396|3301|2837|2258|2981|3235|2522|2859|2117|1543|3093|2753|2310|1044| 767| 638| 833|
 25| 663| 490| 141| 137| 285|1496|1379|2097|1731|1705|2454|2096| 543| 639|  45| 187| 347| 280| 163| 143| 304| 445| 269| 252|
 26| 153| 235| 124| 315| 651| 361| 374| 293| 656|2462|1440| 122| 129| 109| 220|  75|  96| 242| 146|  61|  66|  89|  86|  93|
 27|  95| 123| 149| 132| 143| 136| 237| 187| 198| 175| 205| 189| 186| 146| 120|  99|  75|  87|  90|  91| 100|  92|  84| 107|
 28| 137| 148| 137| 150| 369| 227| 193| 241| 397| 269| 386| 492| 435| 727|  86| 104|  81|  96|  81| 119| 111|  82|  78| 100|
 29|  87| 128| 132| 122| 114| 118| 197| 168| 120| 139| 146| 116| 176| 119|  95| 101|  81|  49|  96|  82| 119|  99| 113|  84|
 30| 132| 108| 132| 137| 139| 135| 177| 143| 141| 154| 138| 116| 187| 114| 108|  96|  84|  66|  81| 112| 152|  87| 108| 112|
 31|  93| 138| 110| 138| 139| 122| 153| 157| 188| 153| 153| 171| 176| 119|  72|  99|  87|  64|  85| 140| 121| 114|  99| 116|
[Observer]Lockyer_Observatory
[Country]United Kingdom 
[City]Sidmouth
[Longitude]003°1307
[Latitude]050°4116
[Frequencies]
[Antenna]Quad Yagi
[Azimut Antenna]135
[Elevation Antenna]0
[Pre-Amplifier]None
[Receiver]ICOM IC-706 MKIIG
[Observing Method]HROFFT10dB Length Datas
[Remarks]winxp
