sep| 00h| 01h| 02h| 03h| 04h| 05h| 06h| 07h| 08h| 09h| 10h| 11h| 12h| 13h| 14h| 15h| 16h| 17h| 18h| 19h| 20h| 21h| 22h| 23h|
 01|  7 |  9 |  7 |  10|  7 |  6 |  11|  5 |  5 |  7 |  1 |  2 |  6 |  6 |  2 |  8 |  3 |  5 |  4 |  5 |  3 |  4 |  4 |  4 |
 02|  8 |  9 |  10|  3 |  6 |  11|  8 |  4 |  3 |  0 |  7 |  5 |  7 |  7 |  4 |  11|  2 |  7 |  6 |  6 |  3 |  6 |  2 |  6 |
 03|  4 |  6 |  11|  7 |  11|  10|  5 |  5 |  13|  4 |  1 |  9 |  4 |  7 |  6 |  5 |  5 |  2 |  6 |  3 |  5 |  4 |  4 |  5 |
 04|  4 |  3 |  7 |  7 |  4 |  7 |  5 |  3 |  73| 214|  77|  11|  7 |  12|  5 |  4 |  6 |  6 |  7 |  2 |  6 |  5 |  1 |  5 |
 05|  6 |  8 |  6 |  6 |  10|  8 |  7 |  8 |  6 |  5 |  5 |  7 |  6 |  6 |  9 |  6 |  8 |  4 |  5 |  6 |  4 |  4 |  1 |  4 |
 06|  7 |  6 |  10|  6 |  5 |  9 |  1 |  14|  4 |  3 |  3 |  4 |  4 |  5 |  4 |  68| 474| 194| 286| 394| 251| 107| 315| 187|
 07| 589| 245| 490| 415| 418| 477| 540| 511| 252| 312| 278|  1 |  4 |  2 |  4 |  6 |  3 |  4 |  0 |  5 |  7 |  6 |  4 |  3 |
 08|  2 |  9 |  6 |  7 |  4 |  17|  6 |  4 |  0 |  6 |  5 |  1 |  3 |  5 |  5 |  3 |  1 |  3 |  1 |  4 |  2 |  7 |  3 |  5 |
 09|  10|  8 |  7 |  10|  8 |  5 |  6 |  5 |  4 |  14|  3 |  6 |  2 |  1 |  4 |  7 |  4 |  3 |  0 |  7 |  5 |  2 |  4 |  5 |
 10|  7 |  9 |  10|  5 |  7 |  9 |  17|  2 |  8 |  3 |  9 |  13|  14|  11|  9 |  3 |  5 |  4 |  4 |  5 |  4 |  2 |  7 |  3 |
 11|  7 |  4 |  6 |  9 |  4 |  8 |  5 |  5 |  0 |  0 |  0 |  0 |  4 |  7 |  5 |  3 |  5 |  1 |  4 |  7 |  1 |  1 |  2 |  4 |
 12|  8 |  4 |  8 |  13|  7 |  11|  10|  6 |  3 |  7 |  4 |  5 |  4 |  5 |  8 |  4 |  5 |  2 |  1 |  4 |  4 |  1 |  2 |  7 |
 13|  7 |  5 |  11|  10|  6 |  5 |  2 |  8 |  4 |  8 |  7 |  11|  5 |  6 |  8 |  6 |  4 |  4 |  5 |  7 |  3 |  4 |  3 |  6 |
 14|  7 |  9 |  8 |  6 |  9 |  4 |  4 |  8 |  13|  10|  3 |  5 |  3 |  8 |  5 |  6 |  3 |  2 |  5 |  7 |  8 |  4 |  7 |  8 |
 15|  5 |  6 |  6 |  5 |  8 |  10|  4 |  7 |  5 |  4 |  4 |  3 |  3 |  4 |  5 |  9 |  2 |  1 |  1 |  3 |  7 |  7 |  0 |  4 |
 16|  5 |  6 |  4 |  3 |  3 |  7 |  2 |  1 |  3 |  5 |  3 |  5 |  4 |  2 |  3 |  15|  5 |  3 |  3 |  1 |  5 |  6 |  6 |  2 |
 17|  9 |  3 |  13|  6 |  5 |  9 |  5 |  6 |  5 |  2 |  6 |  5 |  5 |  4 |  5 |  5 |  3 |  5 |  4 |  3 |  4 |  3 |  7 |  9 |
 18|  9 |  4 |  13|  7 |  8 |  2 |  7 |  8 |  5 |  5 |  5 |  4 |  6 |  5 |  4 |  1 |  7 |  3 |  6 |  4 |  5 |  2 |  6 |  9 |
 19|  8 |  5 |  5 |  6 |  7 |  9 |  6 |  7 |  2 |  8 |  6 |  8 |  6 |  10|  4 |  5 |  3 |  5 |  2 |  8 |  6 |  7 |  8 |  6 |
 20|  5 |  8 |  4 |  7 |  6 |  3 |  4 |  0 |  0 |  0 |  0 |  1 |  0 |  0 |  3 |  2 |  3 |  1 |  6 |  0 |  1 |  6 |  7 |  8 |
 21|  2 |  5 |  5 |  7 |  2 |  7 |  5 |  7 |  5 |  7 |  6 |  8 |  2 |  6 |  2 |  5 |  2 |  2 |  1 |  1 |  1 |  3 |  4 |  0 |
 22|  5 |  3 |  3 |  0 |  4 |  2 |  1 |  4 |  2 |  4 |  3 |  7 |  4 |  7 |  7 |  4 |  3 |  8 |  2 |  4 |  3 |  6 |  4 |  7 |
 23|  6 |  7 |  4 |  8 |  5 |  7 |  2 |  9 |  7 |  8 |  2 |  4 |  6 |  4 |  4 |  8 |  8 |  7 |  1 |  5 |  3 |  1 |  4 |  2 |
 24|  8 |  3 |  9 |  9 |  5 |  7 |  2 |  6 |  9 |  7 |  6 |  4 |  4 |  8 |  3 |  5 |  1 |  3 |  5 |  2 |  3 |  3 |  3 |  3 |
 25|  4 |  3 |  11|  6 |  9 |  11|  4 |  7 |  7 |  3 |  2 |  12|  3 |  7 |  10|  6 |  2 |  3 |  1 |  3 |  2 |  2 |  5 |  2 |
 26|  6 |  9 |  6 |  5 |  5 |  5 |  2 |  5 |  9 |  3 |  2 |  7 |  6 |  1 |  3 |  8 |  3 |  4 |  4 |  4 |  6 |  6 |  6 |  4 |
 27|  4 |  3 |  2 |  4 |  4 |  7 |  7 |  6 |  3 |  4 |  6 |  5 |  8 |  7 |  3 |  4 |  6 |  6 |  3 |  2 |  1 |  2 |  4 |  5 |
 28|  6 |  3 |  9 |  8 |  3 |  5 |  9 |  5 |  3 |  3 |  4 |  3 |  6 |  5 |  7 |  8 |  6 |  7 |  2 |  2 |  3 |  2 |  3 |  5 |
 29|  4 |  1 |  3 |  4 |  7 |  7 |  5 |  5 |  8 |  11|  3 |  7 |  5 |  2 |  8 |  6 |  7 |  8 |  3 |  2 |  3 |  3 |  3 |  2 |
 30|  2 |  5 |  4 |  7 |  9 |  4 |  3 |  6 |  2 |  4 |  4 |  6 |  4 |  2 |  3 |  6 |  3 |  3 |  3 |  1 |  4 |  2 |  2 |  4 |
 31|??? |??? |??? |??? |??? |??? |??? |??? |??? |??? |??? |??? |??? |??? |??? |??? |??? |??? |??? |??? |??? |??? |??? |??? |
[Observer]Lockyer_Observatory
[Country]United Kingdom 
[City]Sidmouth
[Longitude]003°1307
[Latitude]050°4116
[Frequencies]
[Antenna]Quad Yagi
[Azimut Antenna]135
[Elevation Antenna]0
[Pre-Amplifier]None
[Receiver]ICOM IC-706 MKIIG
[Observing Method]HROFFT30dB Count Datas
[Remarks]winxp
