sep| 00h| 01h| 02h| 03h| 04h| 05h| 06h| 07h| 08h| 09h| 10h| 11h| 12h| 13h| 14h| 15h| 16h| 17h| 18h| 19h| 20h| 21h| 22h| 23h|
 01|  10|  10|  8 |  14|  9 |  6 |  15|  9 |  5 |  12|  1 |  10|  6 |  9 |  2 |  8 |  3 |  5 |  4 |  6 |  3 |  6 |  4 |  5 |
 02|  13|  9 |  11|  3 |  7 |  16|  10|  4 |  3 |  0 |  11|  6 |  9 |  9 |  4 |  13|  2 |  8 |  8 |  7 |  3 |  8 |  2 |  7 |
 03|  5 |  7 |  13|  8 |  20|  12|  6 |  6 |  17|  5 |  3 |  21|  4 |  7 |  7 |  8 |  5 |  2 |  6 |  3 |  5 |  4 |  10|  8 |
 04|  6 |  4 |  10|  8 |  5 |  19|  6 |  3 | 106| 409| 130|  18|  8 |  12|  5 |  4 |  7 |  7 |  8 |  2 |  6 |  5 |  1 |  5 |
 05|  6 |  11|  9 |  8 |  14|  10|  9 |  9 |  26|  5 |  5 |  7 |  8 |  6 |  12|  7 |  27|  8 |  7 |  7 |  6 |  5 |  2 |  6 |
 06|  8 |  9 |  13|  10|  7 |  13|  2 |  15|  4 |  3 |  5 |  19|  4 |  10|  4 | 107|1814|3285|2542|2787|2564|3426| 882| 266|
 07|2051|3330|2477|2118|2814|2832|2085|2693|3101|3204| 646|  1 |  4 |  2 |  4 |  10|  4 |  5 |  0 |  5 |  8 |  7 |  6 |  3 |
 08|  2 |  13|  10|  7 |  4 |  50|  7 |  4 |  0 |  6 |  5 |  1 |  4 |  5 |  7 |  3 |  1 |  3 |  1 |  4 |  3 |  12|  3 |  5 |
 09|  14|  18|  9 |  12|  12|  9 |  6 |  6 |  6 |  21|  3 |  8 |  2 |  1 |  4 |  9 |  4 |  6 |  0 |  8 |  6 |  2 |  4 |  5 |
 10|  13|  11|  17|  5 |  12|  9 |  33|  4 |  12|  6 |  10|  17|  20|  12|  11|  3 |  5 |  10|  4 |  8 |  4 |  3 |  11|  3 |
 11|  7 |  4 |  6 |  9 |  5 |  11|  5 |  5 |  0 |  0 |  0 |  0 |  4 |  18|  11|  3 |  5 |  3 |  4 |  7 |  2 |  1 |  3 |  5 |
 12|  11|  4 |  8 |  14|  9 |  14|  15|  6 |  3 |  8 |  5 |  7 |  4 |  7 |  12|  5 |  5 |  2 |  1 |  4 |  5 |  1 |  2 |  11|
 13|  7 |  5 |  11|  10|  6 |  10|  3 |  10|  5 |  12|  25|  17|  6 |  9 |  11|  9 |  4 |  5 |  10|  7 |  3 |  4 |  3 |  6 |
 14|  8 |  13|  8 |  8 |  13|  6 |  4 |  10|  27|  16|  3 |  6 |  3 |  9 |  8 |  11|  5 |  2 |  5 |  8 |  9 |  5 |  8 |  9 |
 15|  5 |  6 |  7 |  7 |  9 |  12|  4 |  8 |  7 |  4 |  4 |  5 |  3 |  5 |  5 |  10|  2 |  1 |  1 |  3 |  9 |  16|  0 |  5 |
 16|  5 |  8 |  4 |  3 |  4 |  8 |  3 |  2 |  4 |  5 |  4 |  5 |  5 |  2 |  3 |  16|  6 |  3 |  3 |  1 |  7 |  7 |  7 |  2 |
 17|  10|  3 |  16|  10|  5 |  12|  11|  6 |  5 |  3 |  11|  5 |  6 |  6 |  5 |  6 |  3 |  5 |  4 |  3 |  4 |  3 |  7 |  10|
 18|  11|  5 |  19|  9 |  8 |  3 |  8 |  30|  7 |  7 |  7 |  8 |  6 |  5 |  5 |  1 |  8 |  4 |  6 |  4 |  6 |  4 |  6 |  9 |
 19|  12|  5 |  5 |  7 |  9 |  10|  8 |  8 |  7 |  8 |  6 |  11|  6 |  12|  4 |  5 |  4 |  5 |  2 |  8 |  7 |  11|  8 |  6 |
 20|  6 |  9 |  6 |  8 |  7 |  4 |  6 |  0 |  0 |  0 |  0 |  1 |  0 |  0 |  4 |  2 |  4 |  1 |  8 |  0 |  1 |  9 |  9 |  9 |
 21|  2 |  7 |  5 |  7 |  3 |  7 |  8 |  9 |  7 |  17|  9 |  8 |  2 |  9 |  3 |  6 |  3 |  5 |  1 |  1 |  1 |  5 |  5 |  0 |
 22|  6 |  4 |  7 |  0 |  4 |  4 |  1 |  6 |  3 |  4 |  4 |  9 |  7 |  10|  7 |  5 |  5 |  11|  2 |  4 |  4 |  8 |  5 |  7 |
 23|  6 |  8 |  7 |  12|  5 |  9 |  2 |  12|  9 |  10|  3 |  5 |  8 |  5 |  4 |  8 |  9 |  8 |  1 |  6 |  3 |  1 |  4 |  2 |
 24|  18|  3 |  10|  11|  5 |  9 |  5 |  8 |  17|  16|  18|  4 |  4 |  10|  3 |  6 |  1 |  3 |  5 |  2 |  4 |  3 |  3 |  4 |
 25|  8 |  3 |  13|  8 |  9 |  24|  4 |  8 |  9 |  3 |  2 |  14|  5 |  8 |  13|  6 |  2 |  3 |  1 |  3 |  2 |  2 |  6 |  2 |
 26|  6 |  17|  7 |  6 |  12|  5 |  6 |  9 |  11|  4 |  9 |  8 |  6 |  1 |  5 |  11|  4 |  4 |  5 |  4 |  8 |  6 |  12|  4 |
 27|  5 |  11|  3 |  5 |  6 |  8 |  12|  7 |  6 |  4 |  10|  5 |  9 |  8 |  3 |  5 |  11|  8 |  3 |  2 |  1 |  3 |  5 |  5 |
 28|  6 |  8 |  10|  8 |  4 |  6 |  13|  7 |  4 |  5 |  4 |  3 |  6 |  11|  11|  11|  7 |  11|  2 |  2 |  3 |  2 |  3 |  5 |
 29|  4 |  1 |  4 |  5 |  7 |  9 |  6 |  6 |  9 |  15|  3 |  11|  7 |  2 |  10|  6 |  8 |  9 |  3 |  4 |  5 |  3 |  3 |  2 |
 30|  2 |  5 |  4 |  7 |  12|  6 |  5 |  6 |  3 |  4 |  4 |  8 |  5 |  2 |  3 |  6 |  4 |  4 |  3 |  1 |  4 |  4 |  2 |  4 |
 31|??? |??? |??? |??? |??? |??? |??? |??? |??? |??? |??? |??? |??? |??? |??? |??? |??? |??? |??? |??? |??? |??? |??? |??? |
[Observer]Lockyer_Observatory
[Country]United Kingdom 
[City]Sidmouth
[Longitude]003°1307
[Latitude]050°4116
[Frequencies]
[Antenna]Quad Yagi
[Azimut Antenna]135
[Elevation Antenna]0
[Pre-Amplifier]None
[Receiver]ICOM IC-706 MKIIG
[Observing Method]HROFFT30dB Length Datas
[Remarks]winxp
