oct| 00h| 01h| 02h| 03h| 04h| 05h| 06h| 07h| 08h| 09h| 10h| 11h| 12h| 13h| 14h| 15h| 16h| 17h| 18h| 19h| 20h| 21h| 22h| 23h|
 01|  94| 118| 118| 104| 145| 194| 156| 145| 153| 172| 218| 233| 337| 219| 298| 264| 173| 184| 142| 192| 178| 154| 144| 111|
 02| 154| 165| 192| 212| 159| 159| 116| 146| 175| 132| 157| 215| 182| 164|  98| 118|  85|  82|  87|  77| 102|  80|  83|  75|
 03| 102|  98| 117| 140| 208| 191| 248| 178| 186| 140| 184| 212| 183| 208| 197| 221| 173| 136| 168| 163| 137| 154| 128| 139|
 04| 164| 168| 177| 163| 211| 224| 169| 131| 147| 146| 110| 118|  86|  92|  89| 117| 253| 195| 125| 188| 153| 162| 157| 175|
 05| 159| 168| 176| 189| 145| 114| 153| 105| 165| 164| 160| 246| 224| 290| 455| 294| 252| 155|  74| 139| 177| 117|  70|  94|
 06| 106| 108| 142| 145| 171| 183| 256| 236| 245| 223| 238| 236| 279| 220| 218| 279| 233| 190| 264| 229| 200| 237| 239| 173|
 07| 238| 264| 234| 310| 629| 343| 353| 354| 353| 286| 180| 217|  74| 242| 225| 187|  23|  8 |  14|  12|  11|  34|  45|  75|
 08| 267| 360| 403| 433| 265|  9 |  6 |  6 |  12|  6 |  53| 390| 447| 256| 259| 374| 294| 299| 367| 355| 600| 783| 784| 724|
 09| 564|  85|  33|  6 |  11|  10|  12|  6 |  7 |  10|  8 |  14|  16|  8 |  6 |  7 |  7 |  8 |  7 |  9 |  6 |  6 |  6 |  6 |
 10|  7 |  6 |  6 |  6 |  6 |  7 |  10|  10|  7 |  7 |  6 |  6 |  6 |  6 |  6 |  6 |  6 |  6 |  6 |  6 |  6 |  7 |  7 |  7 |
 11|  12|  17|  9 |  10|  15|  34|  22|  66|  76|  34| 112| 116|  67|  44|  69|  26|  6 |  6 |  10|  7 |  8 |  6 |  6 |  6 |
 12|  6 |  6 |  6 |  6 |  8 |  70| 402| 270| 200| 232| 243| 329| 261| 250| 268| 231| 210| 302| 205| 321| 371| 300| 204| 143|
 13| 130| 163| 170| 165| 177| 184| 194| 211| 153| 196| 203| 212| 244| 396| 378| 242| 211| 266| 191| 241| 191| 174| 146| 134|
 14| 143| 142| 169| 141| 198| 217| 285| 215| 307| 292| 271| 246| 269| 244| 259| 282| 302| 164| 142| 158| 127| 132|  98| 109|
 15| 152| 166| 164| 190| 197| 181| 116|  33|  6 |??? |  10|  3 |  60| 157| 149| 146| 162| 109| 201| 151| 143| 121| 110| 106|
 16| 115| 125| 165| 130| 140| 133| 104|  1 |  5 |  1 |  2 |  2 |  38|  99|  75|  81| 110| 134| 132| 157| 129| 118|  77| 122|
 17| 123| 103| 174| 149| 160| 180| 262| 213| 157| 165| 223| 210| 183| 150| 126| 125| 119| 126| 188| 202| 156| 131| 204| 153|
 18| 140| 186| 175| 202| 188| 225| 296| 289| 251| 285| 241| 273| 281| 334| 280| 323| 375| 324| 540| 377| 390| 391| 373| 338|
 19| 379| 450| 531| 520| 469| 459| 670| 791| 766| 655| 631| 626| 707| 495| 200| 429| 462| 315| 491| 337| 211| 263|  95|  92|
 20|  87| 108| 103| 128| 120| 101| 125| 138| 169| 208| 186| 156| 131|  78|  64|  3 |??? |  4 |??? |  2 |??? |??? | 102|  40|
 21| 301|??? |  1 |??? |??? |??? |??? |  4 |  1 |  1 |  2 |  68| 116| 122|  99| 106| 122|  76| 101| 113|  68|  53|  70|  86|
 22|  90|  89| 103| 109| 173|  88|  98| 101| 101| 104|  83| 139| 151| 102|  77|  87|  54|  68|  72| 139| 108| 102|  88|  83|
 23|  83| 106| 123| 119| 243| 176| 212| 213| 302| 147| 159| 120| 112| 337| 272| 271| 300| 485| 309| 134| 247| 482| 357| 370|
 24| 537| 535| 284|  78| 552| 425| 252| 109| 159| 419| 587| 261| 231| 453| 170| 506| 282| 292| 415| 276| 337| 421| 396| 381|
 25| 387| 209| 111| 112| 206| 601| 501| 463| 455| 488| 372| 383| 302| 359|  40| 126| 221| 190| 132| 125| 245| 333| 220| 198|
 26| 116| 165| 107| 206| 211| 234| 263| 192| 444| 649| 172| 110| 109|  98| 125|  71|  87| 201| 125|  57|  58|  80|  77|  80|
 27|  76| 111| 127| 114| 107| 111| 183| 145| 148| 142| 159| 155| 132| 115| 104|  78|  62|  74|  77|  84|  89|  84|  73|  95|
 28| 118| 125| 119| 119| 158| 170| 126| 167| 220| 211| 217| 231| 185| 276|  80|  97|  73|  82|  71|  88|  96|  77|  71|  87|
 29|  81| 111| 103| 110| 104|  92| 129| 107|  97| 121| 119|  98| 131|  98|  78|  90|  69|  43|  75|  70|  91|  88|  78|  72|
 30| 105|  98|  96| 112| 111| 108| 138| 118| 109| 115| 109|  88| 124|  95|  90|  84|  72|  59|  66|  96| 116|  69|  83|  92|
 31|  77| 115|  90| 121| 107| 105| 111| 116|  99| 114| 120| 120| 132| 101|  65|  83|  77|  56|  67|  94|  90|  93|  74|  88|
[Observer]Norman Lockyer_Observatory
[Country]United Kingdom 
[City]Sidmouth
[Longitude]003°1307 E
[Latitude ]050°4116 N
[Longitude GMAP]-3.21899950504303 
[Latitude GMAP]50.688298383408
[Frequencies]143.050 MHz
[Antenna]Quad Yagi
[Azimut Antenna]135
[Elevation Antenna]0
[Pre-Amplifier]None
[Receiver]ICOM IC-706 MKIIG
[Observing Method]HROFFT
[Remarks]winxp
[Soft FTP]Colorgramme RMOB Lab v 2.5
[E]lqlzb`Ilqdf|}azb`je|k'jfd
