sep| 00h| 01h| 02h| 03h| 04h| 05h| 06h| 07h| 08h| 09h| 10h| 11h| 12h| 13h| 14h| 15h| 16h| 17h| 18h| 19h| 20h| 21h| 22h| 23h|
 01| 253| 247| 214| 195| 241| 284| 334| 260| 295| 567| 494| 894| 440| 329| 375| 387| 305| 252| 272| 439| 961| 466| 881| 341|
 02| 226| 285| 224| 310| 542| 698| 733| 531| 253| 104| 584| 513| 499| 456| 416| 406| 495| 389| 271| 722| 407| 266| 283| 207|
 03| 245| 218| 225| 258| 473| 517| 466| 398| 590| 304| 316| 330| 286| 326| 310| 327| 281| 264| 257| 421| 302| 323| 204| 174|
 04| 204| 251| 224| 253| 437| 497| 436|1203|2752|3457|3473|3215|1275| 470| 459| 444| 283| 380| 297| 311| 367| 252| 149| 154|
 05| 204| 190| 199| 214| 332| 382| 456| 322| 395| 349| 321| 306| 290| 280| 240| 241| 337| 235| 297| 339| 197| 193| 575| 486|
 06| 310| 361|2516|2527|2955|2088|1859|2217| 663|1041|3172|2225|1023| 413|1151|3433|3572|3573|3574|3573|3573|3573|3545|3398|
 07|3573|3573|3566|3573|3574|3573|3573|3573|3573|3573|3493|1883|1738| 591| 488| 371|1158|1738| 913| 367| 285| 296| 300| 121|
 08| 186| 575| 308|1775|2218|2204|1900|1697|1634|1168| 424| 842| 616| 640| 468| 370| 278| 340| 488| 251| 263| 161| 158| 167|
 09| 192| 220| 178| 212| 310| 321| 328| 201| 221| 236| 275| 280| 196| 272| 174| 267| 182| 187| 175| 281| 254| 156| 185| 161|
 10| 202| 191| 191| 199| 355| 347| 394| 295| 276| 330| 284| 380| 441| 336| 323| 282| 304| 252| 223| 382| 328| 171| 147| 141|
 11| 181| 179| 213| 207| 220| 263| 433| 265|  8 |  24|  12|  34| 160| 165| 188| 203| 177| 169| 147| 153| 364| 241| 143| 134|
 12| 166| 151| 209| 196| 210| 593|1354|1312| 182| 198| 227| 346| 315| 303| 220| 219| 227| 150| 278| 588| 614| 436| 222| 147|
 13| 188| 196| 225| 230| 290| 263| 518| 370| 676| 806| 736| 444| 414| 871| 481| 658| 357| 395| 238|1255| 363| 191| 415| 261|
 14|1450| 710| 322| 693|1150| 841|1613| 577| 650| 508| 888| 589| 520|1103|1423|1356| 637| 282| 943|1059| 850| 283| 217| 172|
 15| 260| 261| 271| 207| 362| 483| 501| 456|1184| 471| 761|3099|2865|2297|2756|2616| 269| 480| 125| 124| 215|  87|  73| 297|
 16|1267|1086| 627|1644| 830| 965| 839| 833| 333| 285| 627| 551| 767| 434| 188|2198|1859| 441| 394| 405| 266| 203| 185| 165|
 17| 165| 191| 203| 179| 223| 523| 250| 402| 207| 279| 392| 281| 362| 295| 810| 868| 318| 171| 202| 262| 299| 180| 164| 243|
 18| 232| 193| 336| 724|1587| 390| 477| 359| 435| 273| 476| 449| 533| 618| 278| 322| 475| 516| 379| 751| 209| 386| 131| 176|
 19| 186| 169| 186| 183| 232| 272| 951| 359|1148| 504| 368| 232| 285| 347| 209| 406| 194| 193| 111| 160| 156| 156| 135| 163|
 20| 143| 169| 164| 220| 234| 327| 167|  3 | 296|  37| 308|  64|  18| 457| 764| 860| 812| 411|1424|1737|1806|1703|1144|1166|
 21| 917|1413|1219|1790|1187| 867|1016| 693| 595| 633| 671| 843| 362| 132| 121|  76|  63| 120|  84|  96|  63|  81|  89|  61|
 22|  94|  87|  94|  78| 115| 129| 127| 159| 116| 112| 119| 206| 157| 160| 201| 209| 253| 147| 238| 373| 208| 118| 119| 121|
 23| 131| 116| 126| 157| 166| 228| 228| 218| 163| 216| 186| 178| 210| 200| 193| 183| 152| 157| 122| 196| 166| 111| 109| 117|
 24| 147| 155| 151| 151| 131| 163| 179| 250| 173| 212| 222| 194| 212| 155| 137| 140| 117| 107| 104|  87| 129| 110| 113|  90|
 25| 124| 151| 155| 151| 209| 403| 211| 288| 637| 574| 327| 414| 332| 341| 339| 240| 336| 167| 138| 125| 107| 115| 106| 113|
 26| 121| 168| 162| 138| 163| 202| 214| 237| 190| 158| 181| 188| 184| 154| 150| 163|  99| 102| 281| 120| 130|  92|  95| 101|
 27| 132| 129| 164| 172| 188| 316| 256| 411| 234| 298| 289| 423| 541| 370| 447| 618| 206| 518| 385| 276| 213| 275| 254| 311|
 28| 464| 537| 581| 633| 575| 786| 444| 712| 557| 673| 534| 567| 280| 416|1048| 315| 695|1822| 157| 163| 132| 123| 105| 106|
 29| 113| 104| 153| 103| 121| 169| 153| 161| 139| 164| 131| 167| 164| 138| 113| 109| 111| 117| 102| 152| 105|  85|  84| 105|
 30| 110| 136| 119| 140| 157| 160| 186| 191| 191| 174| 150| 218| 302| 225| 122| 244| 250|1119| 766| 142| 156|  64|  98| 103|
 31|??? |??? |??? |??? |??? |??? |??? |??? |??? |??? |??? |??? |??? |??? |??? |??? |??? |??? |??? |??? |??? |??? |??? |??? |
[Observer]Lockyer_Observatory
[Country]United Kingdom 
[City]Sidmouth
[Longitude]003°1307
[Latitude]050°4116
[Frequencies]
[Antenna]Quad Yagi
[Azimut Antenna]135
[Elevation Antenna]0
[Pre-Amplifier]None
[Receiver]ICOM IC-706 MKIIG
[Observing Method]HROFFT10dB Length Datas
[Remarks]winxp
