nov| 00h| 01h| 02h| 03h| 04h| 05h| 06h| 07h| 08h| 09h| 10h| 11h| 12h| 13h| 14h| 15h| 16h| 17h| 18h| 19h| 20h| 21h| 22h| 23h|
 01|  29|  29|  36|  28|  36|  23|  42|  16|  23|  29|  38|  36|  40|  18|  14|  15|  21|  15|  18|  20|  31|  25|  38|  29|
 02|  28|  24|  30|  37|  43|  26|  29|  44|  28|  33|  24|  46|  19|  30|  29|  25|  26|  26|  24|  20|  29|  20|  24|  25|
 03|  30|  35|  36|  22|  22|  25|  25|  28|  63|  14|  25|  47|  18|  22|  23|  14|  12|  18|  31|  48|  41|  36|  31|  40|
 04|  39|  37|  46|  33|  32|  42|  38|  85|  36|  30|  26|  43|  35|  26|  23|  22|  26|  18|  21|  40|  39|  29|  37|  28|
 05|  48|  44|  44|  87|  29|  46|  27|  28|  66|  26|  24|  74|  43|  25|  18|  18|  35|  26|  33|  41|  34|  48|  34|  44|
 06|  26|  56|  43|  43|  62|  45|  36|  41|  28|  23|  22|  39|  30|  29|  16|  13|  14|  16|  18|  28|  33|  23|  18|  15|
 07|  26|  46|  39|  35|  29|  30|  42|  24|  40|  65|  39|  27|  35|  25| 114| 548| 198| 103| 136| 234|  63|  71|  22|  27|
 08|  26|  50|  33|  34|  25|  39|  33|  26|  36|  26|  22|  45|  32|  38|  19|  23|  10|  14|  28|  22|  32|  31|  26|  44|
 09|  27|  31|  25|  22|  31|  28|  25|  23|  33|  17|  41|  26|  33|  21|  26|  13|  19|  20|  17|  27|  34|  27|  31|  29|
 10|  40|  28|  54|  31|  35|  27|  25|  20|  27|  41|  20|  20|  33|  24|  16|  22|  15|  15|  15|  19|  14|  23|  18|  27|
 11|  25|  33|  46|  46|  35|  26|  21|  17|  48|  30|  38|  17|  30|  19|  28|  19|  14|  14|  14|  21|  23|  21|  28|  20|
 12|  36|  31|  33|  40|  34|  21|  31|  26|  22|  28|  36|  43|  28|  21|  19|  37|  10|  20|  13|  22|  33|  17|  28|  29|
 13|  21|  48|  45|  34|  45|  26|  37|  28|  18|  7 |  9 |  6 |  9 |  3 |  10|  31|  14|  14|  15|  15|  20|  18|  18|  21|
 14|  40|  38|  26|  41|  31|  32|  17|  23|  13|  18| 481|1840| 388|1957|2545|  36|  42|1836|2396|3324|1571|2967|3126|3387|
 15|3059|3461|2540|2926|3078|2655|3202|1542|  28|  57| 201|  62|  90|  66|  15|  15|  18|  11|  17|  22|  36|  17|  14|  27|
 16|  52|  37|  31|  34|  41|  52|  32|  23|  20|  68|  59|  21|  33|  17|  11|  16|  16|  16|  25|  82|  22|  36| 114|  46|
 17|  37|  27|  21|  30|  21|  40|  29|  21| 115|  33|  34|  24|  16|  13|  11|  10|  16|  12|  16|  13|  14|  21|  15|  20|
 18|  25|  32|  56|  21|  22|  13|  23|  37|  47|  24|  28|  22|  15|  16|  10|  15|  23|  14|  20|  10|  19|  19|  21|  33|
 19|  44|  60|  31|  29|  40|  18|  36|  25|  29|  24|  14|  22|  17|  14|  16|  18|  3 |  12|  9 |  18|  24|  13|  17|  17|
 20|  12|  23|  47|  22|  22|  13|  23|  19|  69|  22|  23|  20|  18|  16|  19|  8 |  14|  15|  26|  11|  20|  6 |  17|  12|
 21|  25|  24|  63|  34|  31|  25|  13|  17|  20|  29|  25|  19|  22|  22|  18|  14|  17|  7 |  14|  7 |  12|  12|  18|  16|
 22|  30|  28|  27|  32|  26|  24|  28|  23|  25|  19|  18|  20|  8 |  31|  28|  7 |  7 |  2 |  3 |  0 |  3 |  3 |  1 |  9 |
 23|  15|  10|  22|  16|  7 |  6 |  9 |  6 |  5 |  2 |  9 |  4 |  2 |  5 |  7 |  3 |  0 |  0 |  0 |  2 |  2 |  3 |  9 |  12|
 24|  5 |  15|  51|  37|  23|  33|  19|  27|  18|  19|  74|  18|  16|  13|  12|  11|  19|  94|  22|  11|  23|  12|  13|  23|
 25|  18|  23|  22|  27|  54|  34|  41|  27|  24|  23|  27|  23|  29|  43|  12|  7 |  10|  9 |  12|  20|  15|  28|  14|  19|
 26|  24|  30|  30|  27| 102|  30|  33|  24|  32|  20|  23|  17|  28|  18|  13|  14|  16|  10|  10|  10|  13|  10|  17|  20|
 27|  27|  32|  31|  41|  74|  53|  24|  36|  21|  38|  40|  24|  45|  23|  20|  8 |  14|  14|  19|  23|  18|  30|  9 |  24|
 28|  21|  26|  25|  37|  22|  28|  34|  24|  22|  41|  38|  43|  25|  25|  17|  24|  16|  15|  19|  16|  16|  45|  19|  27|
 29|  24|  41|  40|  42|  37|  39|  31|  36|  28|  33|  29|  29|  37|  24|  27|  13|  19|  15|  23|  14|  26|  25|  27|  20|
 30|  23|  31|  33|  50|  29|  30|  34|  32|  27|  34|  46|  31|  40|  44|  21|  11|  14|  13|  8 |  7 |  47|  40|  42|  14|
 31|??? |??? |??? |??? |??? |??? |??? |??? |??? |??? |??? |??? |??? |??? |??? |??? |??? |??? |??? |??? |??? |??? |??? |??? |
[Observer]Lockyer_Observatory
[Country]United Kingdom 
[City]Sidmouth
[Longitude]003°1307
[Latitude]050°4116
[Frequencies]
[Antenna]Quad Yagi
[Azimut Antenna]135
[Elevation Antenna]0
[Pre-Amplifier]None
[Receiver]ICOM IC-706 MKIIG
[Observing Method]HROFFT20dB Length Datas
[Remarks]winxp
