aug| 00h| 01h| 02h| 03h| 04h| 05h| 06h| 07h| 08h| 09h| 10h| 11h| 12h| 13h| 14h| 15h| 16h| 17h| 18h| 19h| 20h| 21h| 22h| 23h|
 01|  6 |  3 |  5 |  7 |  3 |  3 |  3 |  4 |  3 |  7 |  2 |  1 |  1 |  0 |  2 |  1 |  5 |  2 |  2 |  1 |  3 |  3 |  0 |  1 |
 02|  5 |  0 |  5 |  1 |  3 |  5 |  2 |  3 |  1 |  2 |  2 |  4 |  1 |  4 |  3 |  0 |  4 |  2 |  3 |  0 |  2 |  1 |  4 |  2 |
 03|  2 |  1 |  2 |  8 |  2 |  2 |  4 |  3 |  7 |  5 |  1 |  3 |  4 |  2 |  0 |  4 |  1 |  3 |  1 |  2 |  2 |  1 |  9 |  4 |
 04|  7 |  4 |  6 |  5 |  3 |  1 |  2 |  3 |  6 |  9 |  1 |  2 |  3 |  6 |  4 |  2 |  0 |  0 |  1 |  1 |  0 |  3 |  2 |  3 |
 05|  0 |  2 |  7 |  4 |  3 |  7 |  3 |  4 |  2 |  3 |  2 |  2 |  2 |  2 |  3 |  0 |  0 |  0 |  0 |  2 |  1 |  3 |  0 |  3 |
 06|  5 |  2 |  2 |  5 |  3 |  0 |  6 |  5 |  3 |  7 |  1 |  1 |  4 |  1 |  2 |  1 |  0 |  3 |  0 |  0 |  0 |  0 |  0 |  0 |
 07|  0 |  0 |  0 |  0 |  0 |  1 |  0 |  0 |  0 |  0 |  0 |  0 |  0 |  0 |  0 |  0 |  0 |  0 |  0 |  0 |  0 |  0 |  0 |  0 |
 08|  0 |  0 |  0 |  0 |  0 |  0 |  0 |  0 |  0 |  0 |  0 |  2 |  0 |  3 |  7 |  1 |  4 |  2 |  4 |  3 |  8 |  0 |  6 |  6 |
 09|  12|  12|  18|  14|  6 |  12|  19|  12|  13|  7 |  7 |  9 |  9 |  6 |  4 |  5 |  8 |  3 |  5 |  1 |  2 |  4 |  3 |  7 |
 10|  9 |  13|  10|  9 |  20|  25|  25|  18|  9 |  10|  13|  10|  8 |  14|  8 |  8 |  5 |  5 |  7 |  9 |  2 |  11|  5 |  11|
 11|  17|  11|  14|  46|  74|  28|  29|  23|  53|  28|  27|  46|  23|  17|  11|  16|  3 |  5 |  9 |  10|  6 |  11|  10|  23|
 12|  28|  46|  51|  45|  84|  70|  64|  52|  45|  51|  37|  27|  17|  16|  23|  16|  13|  6 |  10|  5 |  9 |  6 |  14|  13|
 13|  13|  36|  38|  39|  47|  36|  33|  43|  27|  31|  23|  21|  16|  9 |  10|  10|  2 |  4 |  6 |  6 |  13|  2 |  11|  9 |
 14|  12|  14|  20|  27|  24|  39|  30|  12|  12|  8 |  16|  8 |  7 |  7 |  4 |  10|  8 |  6 |  4 |  2 |  3 |  7 |  5 |  3 |
 15|  10|  9 |  6 |  15|  14|  9 |  21|  24|  10|  12|  7 |  10|  8 |  9 |  6 |  7 |  7 |  7 |  13|  8 |  9 |  12|  8 |  18|
 16|  13|  16|  19|  17|  23|  16|  10|  14|  11|  4 |  2 |  4 |  4 |  14|  7 |  3 |  6 |  6 |  2 |  2 |  3 |  6 |  7 |  3 |
 17|  6 |  7 |  9 |  25|  12|  7 |  13|  10|  6 |  3 |  5 |  9 |  12|  13|  7 |  7 |  4 |  11|  4 |  3 |  7 |  6 |  5 |  9 |
 18|  10|  15|  11|  10|  11|  13|  10|  9 |  10|  8 |  13|  14|  6 |  7 |  12|  10|  6 |  2 |  24|  5 |  1 |  7 |  6 |  6 |
 19|  11|  11|  18|  8 |  7 |  12|  6 |  14|  7 |  4 |  14|  6 |  5 |  5 |  9 |  5 |  5 |  2 |  6 |  2 |  8 |  5 |  7 |  3 |
 20|  8 |  8 |  7 |  7 |  9 |  6 |  5 |  5 |  6 |  8 |  7 |  9 |  11|  11|  6 |  7 |  10|  4 |  8 |  2 |  7 |  4 |  3 |  5 |
 21|  8 |  12|  4 |  13|  4 |  12|  12|  5 |  7 |  7 |  7 |  5 |  3 |  7 |  6 |  4 |  7 |  2 |  3 |  8 |  2 |  3 |  5 |  5 |
 22|  4 |  6 |  8 |  5 |  7 |  6 |  0 |  5 |  2 |  0 |  3 |  3 |  8 |  4 |  7 |  3 |  3 |  1 |  1 |  4 |  5 |  1 |  8 |  6 |
 23|  9 |  2 |  3 |  10|  8 |  10|  4 |  5 |  6 |  6 |  10|  9 |  1 |  8 |  14|  3 |  6 |  2 |  2 |  1 |  5 |  4 |  1 |  6 |
 24|  8 |  7 |  7 |  3 |  5 |  3 |  9 |  2 |  5 |  3 |  1 |  7 |  3 |  10|  10|  8 |  8 |  7 |  3 |  3 |  11|  5 |  2 |  6 |
 25|  7 |  13|  7 |  4 |  5 |  13|  8 |  6 |  6 |  6 |  7 |  3 |  7 |  8 |  6 |  9 |  5 |  6 |  3 |  2 |  4 |  8 |  9 |  7 |
 26|  5 |  4 |  11|  9 |  11|  5 |  9 |  9 |  3 |  2 |  7 |  3 |  13|  2 |  4 |  4 |  3 |  4 |  4 |  5 |  2 |  2 |  7 |  10|
 27|  8 |  14|  4 |  7 |  11|  6 |  5 |  5 |  7 |  2 |  3 |  12|  9 |  8 |  9 |  5 |  5 |  5 |  7 |  4 |  1 |  3 |  7 |  4 |
 28|  7 |  8 |  8 |  7 |  13|  8 |  3 |  11|  5 |  4 |  5 |  6 |  6 |  5 |  7 |  4 |  1 |  4 |  4 |  8 |  2 |  1 |  2 |  6 |
 29|  9 |  10|  7 |  8 |  11|  4 |  6 |  8 |  3 |  9 |  8 |  14|  14|  8 |  7 |  4 |  3 |  5 |  3 |  6 |  5 |  2 |  8 |  7 |
 30|  11|  5 |  2 |  7 |  10|  4 |  3 |  8 |  7 |  2 |  12|  5 |  6 |  3 |  11|  5 |  10|  5 |  4 |  1 |  7 |  5 |  8 |  6 |
 31|  6 |  1 |  9 |  8 |  5 |  4 |  9 |  4 |  6 |  4 |  5 |  3 |  2 |  6 |  1 |  2 |  1 |  1 |  3 |  7 |  5 |  7 |  1 |  2 |
[Observer]Lockyer_Observatory
[Country]United Kingdom 
[City]Sidmouth
[Longitude]003°1307
[Latitude]050°4116
[Frequencies]
[Antenna]Quad Yagi
[Azimut Antenna]135
[Elevation Antenna]0
[Pre-Amplifier]None
[Receiver]ICOM IC-706 MKIIG
[Observing Method]HROFFT30dB Count Datas
[Remarks]winxp
