oct| 00h| 01h| 02h| 03h| 04h| 05h| 06h| 07h| 08h| 09h| 10h| 11h| 12h| 13h| 14h| 15h| 16h| 17h| 18h| 19h| 20h| 21h| 22h| 23h|
 01|  19|  31|  30|  25|  26|  22|  21|  21|  17|  22|  33|  22|  33|  19|  24|  11|  12|  17|  19|  16|  13|  13|  20|  16|
 02|  18|  19|  18|  22|  21|  18|  17|  23|  18|  18|  29|  33|  22|  22|  15|  16|  11|  16|  18|  13|  17|  12|  11|  12|
 03|  28|  18|  18|  25|  28|  21|  25|  20|  26|  17|  27|  32|  15|  22|  19|  10|  16|  24|  8 |  19|  9 |  16|  13|  10|
 04|  20|  13|  16|  19|  27|  27|  26|  26|  17|  19|  20|  21|  18|  24|  15|  15|  14|  14|  12|  22|  12|  18|  19|  21|
 05|  21|  22|  23|  22|  11|  19|  28|  15|  14|  18|  20|  22|  20|  17|  21|  19|  20|  23|  9 |  12|  14|  18|  8 |  18|
 06|  20|  24|  27|  32|  29|  25|  27|  38|  35|  23|  30|  30|  29|  28|  32|  21|  13|  19|  16|  19|  19|  25|  19|  26|
 07|  15|  38|  30|  32|  25|  27|  24|  34|  21|  22|  35|  36|  22|  20|  22|  18|  27| 197| 120|  23|  24|  18|  26|  20|
 08|  34|  34|  30|  35|  28|  43|  38|  21|  26|  21|  23|  31|  30|  32|  19|  32|  50|  48|  21|  19|  20|  20|  27|  37|
 09|  26|  25|  35|  42|  50|  42|  52|  43|  37|  31|  43|  50|  38|  35|  50|  29|  23|  21|  18|  19|  18|  16|  22|  33|
 10|  40|  36|  41|  64|  42|  38|  47|  31|  30|  34|  54|  40|  37|  37|  43|  37|  42|  21|  30|  27|  22|  25|  16|  23|
 11|  34|  36|  43|  36|  35|  33|  31|  22|  39|  26|  33|  34|  29|  42|  30|  25|  44|  21|  38|  28|  24|  27|  23|  30|
 12|  39|  54|  48|  42|  45|  43|  25|  27|  14|  21|  34|  34|  32|  31|  32|  33|  19|  26|  11|  29|  13|  5 |  22|  38|
 13|  22|  41|  29|  30|  23|  28|  24|  23|  15|  24|  19|  23|  34|  18|  26|  22|  16|  12|  22|  17|  23|  30|  28|  20|
 14|  26|  34|  51|  38|  26|  29|  26|  24|  44|  22|  33|  33|  35|  29|  34|  34|  29|  16|  27|  19|  22|  20|  21|  17|
 15|  40|  40|  38|  49|  33|  33|  25|  0 |  0 |  0 |  0 |  1 |  11|  28|  23|  19|  10|  18|  28|  22|  20|  15|  18|  21|
 16|  24|  27|  40|  32|  18|  23|  18|  0 |  0 |  0 |  0 |  0 |  4 |  18|  16|  16|  20|  21|  13|  28|  19|  16|  18|  27|
 17|  37|  22|  41|  28|  28|  24|  37|  27|  19|  24|  25|  35|  29|  25|  18|  14|  16|  20|  13|  21|  20|  17|  29|  25|
 18|  28|  46|  42|  45|  28|  48|  35|  24|  42|  35|  36|  25|  22|  35|  27|  20|  25|  20|  21|  23|  14|  18|  21|  24|
 19|  37|  48|  38|  37|  28|  36|  45|  32|  27|  25|  44|  34|  30|  27|  20|  20|  12|  18|  16|  12|  17|  22|  19|  16|
 20|  18|  28|  22|  43|  28|  22|  25|  21|  29|  18|  31|  19|  15|  13|  11|  0 |  0 |  1 |  0 |  0 |  0 |  0 |  0 |  0 |
 21|  0 |  0 |  0 |  0 |  0 |  0 |  0 |  0 |  0 |  0 |  0 |  0 |  17|  13|  15|  18|  14|  13|  11|  23|  10|  6 |  13|  27|
 22|  14|  28|  24|  31|  20|  19|  16|  22|  13|  21|  13|  23|  15|  16|  19|  11|  9 |  11|  13|  17|  13|  13|  12|  16|
 23|  18|  31|  27|  25|  24|  28|  34|  28|  14|  16|  18|  20|  15|  24|  21|  7 |  6 | 208|  78|  9 |  14|  33|  63|  8 |
 24|  18|  54| 628| 726| 152| 301| 264| 407| 492| 285| 131| 555| 402| 186| 522|  72| 177| 328| 251| 305|  20|  12|  28|  23|
 25|  12|  21|  19|  19|  22|  30|  67|  91| 129| 100| 291| 210|  31|  17|  6 |  9 |  12|  13|  17|  15|  15|  20|  24|  20|
 26|  27|  23|  20|  22|  14|  13|  25|  19|  27|  21|  24|  14|  19|  11|  17|  11|  17|  12|  20|  10|  15|  12|  18|  12|
 27|  20|  25|  31|  25|  26|  31|  23|  30|  27|  36|  26|  25|  26|  30|  20|  15|  18|  15|  14|  19|  18|  14|  15|  22|
 28|  26|  30|  36|  32|  24|  30|  35|  38|  24|  24|  26|  32|  21|  20|  20|  27|  16|  13|  18|  16|  16|  15|  13|  18|
 29|  21|  21|  19|  31|  16|  24|  18|  32|  17|  25|  18|  25|  20|  20|  17|  11|  13|  8 |  20|  18|  16|  11|  15|  17|
 30|  33|  25|  24|  24|  28|  21|  22|  14|  18|  23|  18|  17|  22|  18|  24|  17|  17|  15|  13|  22|  28|  20|  17|  24|
 31|  21|  24|  24|  16|  32|  22|  32|  18|  32|  23|  18|  12|  27|  18|  11|  16|  16|  11|  12|  25|  21|  21|  21|  16|
[Observer]Lockyer_Observatory
[Country]United Kingdom 
[City]Sidmouth
[Longitude]003°1307
[Latitude]050°4116
[Frequencies]
[Antenna]Quad Yagi
[Azimut Antenna]135
[Elevation Antenna]0
[Pre-Amplifier]None
[Receiver]ICOM IC-706 MKIIG
[Observing Method]HROFFT20dB Count Datas
[Remarks]winxp
