oct| 00h| 01h| 02h| 03h| 04h| 05h| 06h| 07h| 08h| 09h| 10h| 11h| 12h| 13h| 14h| 15h| 16h| 17h| 18h| 19h| 20h| 21h| 22h| 23h|
 01|  5 |  7 |  8 |  3 |  10|  7 |  5 |  6 |  5 |  6 |  8 |  8 |  10|  4 |  1 |  3 |  2 |  4 |  3 |  5 |  3 |  3 |  1 |  3 |
 02|  1 |  2 |  5 |  7 |  7 |  6 |  6 |  10|  7 |  4 |  7 |  11|  5 |  7 |  5 |  6 |  3 |  4 |  2 |  2 |  2 |  0 |  1 |  0 |
 03|  5 |  2 |  2 |  6 |  7 |  7 |  4 |  8 |  6 |  5 |  10|  10|  2 |  4 |  8 |  2 |  6 |  5 |  2 |  6 |  1 |  3 |  3 |  0 |
 04|  7 |  3 |  5 |  2 |  8 |  5 |  6 |  6 |  3 |  3 |  11|  1 |  4 |  3 |  5 |  3 |  3 |  3 |  3 |  5 |  1 |  7 |  3 |  4 |
 05|  3 |  6 |  4 |  6 |  3 |  6 |  10|  6 |  2 |  8 |  7 |  0 |  2 |  5 |  9 |  15|  2 |  12|  3 |  4 |  1 |  5 |  2 |  4 |
 06|  7 |  4 |  2 |  9 |  3 |  9 |  5 |  8 |  7 |  4 |  5 |  6 |  6 |  10|  7 |  4 |  5 |  5 |  5 |  6 |  1 |  3 |  8 |  7 |
 07|  4 |  5 |  9 |  8 |  5 |  2 |  3 |  8 |  3 |  7 |  13|  6 |  5 |  3 |  1 |  2 |  4 |  39|  3 |  5 |  5 |  5 |  5 |  7 |
 08|  7 |  6 |  5 |  8 |  5 |  8 |  10|  6 |  8 |  5 |  1 |  5 |  9 |  7 |  9 |  7 |  11|  16|  6 |  4 |  6 |  4 |  8 |  9 |
 09|  5 |  4 |  8 |  10|  10|  11|  9 |  11|  14|  6 |  8 |  11|  9 |  4 |  6 |  3 |  3 |  2 |  5 |  3 |  4 |  2 |  4 |  3 |
 10|  9 |  8 |  6 |  12|  5 |  6 |  15|  6 |  3 |  7 |  12|  5 |  9 |  4 |  3 |  5 |  4 |  3 |  4 |  3 |  4 |  4 |  2 |  3 |
 11|  5 |  6 |  5 |  6 |  7 |  6 |  7 |  1 |  3 |  3 |  6 |  4 |  5 |  7 |  4 |  9 |  6 |  4 |  4 |  3 |  4 |  8 |  8 |  3 |
 12|  8 |  10|  6 |  7 |  8 |  9 |  4 |  7 |  2 |  7 |  5 |  7 |  8 |  5 |  7 |  7 |  3 |  5 |  3 |  10|  3 |  0 |  3 |  10|
 13|  3 |  10|  7 |  9 |  8 |  6 |  6 |  4 |  3 |  6 |  3 |  6 |  4 |  4 |  7 |  7 |  5 |  4 |  8 |  2 |  2 |  9 |  4 |  4 |
 14|  3 |  8 |  15|  14|  6 |  9 |  5 |  4 |  9 |  2 |  5 |  8 |  8 |  7 |  6 |  12|  8 |  2 |  4 |  7 |  2 |  7 |  3 |  3 |
 15|  11|  10|  8 |  14|  6 |  11|  6 |  0 |  0 |  0 |  0 |  0 |  1 |  10|  1 |  7 |  3 |  5 |  9 |  9 |  10|  3 |  6 |  4 |
 16|  4 |  7 |  13|  10|  3 |  17|  3 |  0 |  0 |  0 |  0 |  0 |  0 |  4 |  1 |  2 |  6 |  3 |  3 |  5 |  5 |  3 |  3 |  13|
 17|  10|  5 |  9 |  13|  3 |  6 |  7 |  5 |  5 |  2 |  16|  9 |  5 |  7 |  2 |  5 |  5 |  7 |  3 |  9 |  3 |  2 |  6 |  4 |
 18|  7 |  7 |  9 |  13|  6 |  19|  7 |  7 |  17|  11|  4 |  4 |  6 |  9 |  6 |  7 |  5 |  4 |  5 |  5 |  4 |  2 |  6 |  5 |
 19|  4 |  11|  7 |  10|  6 |  9 |  11|  11|  6 |  7 |  7 |  4 |  5 |  4 |  6 |  5 |  0 |  3 |  4 |  6 |  7 |  5 |  3 |  4 |
 20|  6 |  10|  5 |  17|  10|  2 |  5 |  10|  8 |  6 |  7 |  5 |  3 |  2 |  3 |  0 |  0 |  0 |  0 |  0 |  0 |  0 |  0 |  0 |
 21|  0 |  0 |  0 |  0 |  0 |  0 |  0 |  0 |  0 |  0 |  0 |  0 |  3 |  2 |  3 |  5 |  2 |  3 |  0 |  7 |  3 |  0 |  2 |  12|
 22|  0 |  7 |  6 |  8 |  5 |  2 |  4 |  5 |  6 |  7 |  6 |  4 |  1 |  5 |  2 |  3 |  5 |  2 |  1 |  6 |  1 |  2 |  2 |  2 |
 23|  2 |  5 |  9 |  6 |  8 |  4 |  12|  9 |  4 |  3 |  6 |  2 |  3 |  5 |  2 |  2 |  0 |  1 |  4 |  1 |  3 |  2 |  7 |  1 |
 24|  3 |  7 |  2 |  16|  8 |  4 |  2 |  98|  25|  4 |  4 |  2 | 154|  18|  1 |  2 |  1 |  12|  3 |  4 |  3 |  0 |  8 |  8 |
 25|  6 |  3 |  3 |  3 |  3 |  5 |  3 |  4 |  5 |  7 |  7 |  5 |  8 |  6 |  4 |  0 |  2 |  2 |  4 |  5 |  4 |  6 |  5 |  7 |
 26|  7 |  10|  3 |  5 |  4 |  4 |  7 |  6 |  5 |  6 |  5 |  5 |  5 |  2 |  4 |  1 |  1 |  2 |  5 |  1 |  5 |  1 |  2 |  2 |
 27|  4 |  6 |  8 |  8 |  10|  3 |  8 |  9 |  3 |  9 |  4 |  6 |  3 |  5 |  5 |  5 |  7 |  5 |  2 |  3 |  1 |  2 |  4 |  9 |
 28|  4 |  6 |  5 |  11|  3 |  10|  16|  13|  2 |  10|  2 |  13|  4 |  8 |  10|  6 |  4 |  7 |  1 |  4 |  3 |  3 |  1 |  1 |
 29|  4 |  7 |  7 |  5 |  3 |  9 |  8 |  8 |  4 |  5 |  4 |  5 |  6 |  7 |  6 |  1 |  1 |  4 |  1 |  6 |  5 |  2 |  1 |  5 |
 30|  10|  4 |  6 |  5 |  7 |  1 |  5 |  3 |  4 |  7 |  2 |  4 |  6 |  4 |  8 |  5 |  4 |  3 |  5 |  7 |  5 |  6 |  5 |  6 |
 31|  7 |  10|  7 |  2 |  7 |  4 |  7 |  5 |  7 |  4 |  4 |  2 |  8 |  3 |  2 |  2 |  0 |  0 |  4 |  10|  2 |  4 |  4 |  5 |
[Observer]Lockyer_Observatory
[Country]United Kingdom 
[City]Sidmouth
[Longitude]003°1307
[Latitude]050°4116
[Frequencies]
[Antenna]Quad Yagi
[Azimut Antenna]135
[Elevation Antenna]0
[Pre-Amplifier]None
[Receiver]ICOM IC-706 MKIIG
[Observing Method]HROFFT30dB Count Datas
[Remarks]winxp
