nov| 00h| 01h| 02h| 03h| 04h| 05h| 06h| 07h| 08h| 09h| 10h| 11h| 12h| 13h| 14h| 15h| 16h| 17h| 18h| 19h| 20h| 21h| 22h| 23h|
 01|  20|  24|  27|  21|  25|  19|  28|  15|  19|  25|  29|  30|  23|  17|  12|  14|  14|  11|  15|  19|  25|  22|  19|  19|
 02|  26|  18|  29|  33|  29|  21|  23|  24|  21|  23|  21|  29|  17|  24|  25|  17|  22|  22|  17|  17|  21|  17|  20|  15|
 03|  23|  26|  24|  19|  17|  22|  21|  21|  22|  13|  20|  22|  14|  19|  19|  12|  12|  16|  22|  29|  32|  26|  26|  32|
 04|  30|  29|  36|  24|  23|  26|  24|  32|  24|  27|  24|  33|  32|  23|  21|  22|  21|  9 |  20|  17|  28|  23|  25|  23|
 05|  34|  38|  35|  40|  24|  37|  23|  26|  27|  22|  20|  45|  30|  22|  17|  17|  28|  22|  26|  32|  27|  26|  28|  37|
 06|  18|  41|  32|  35|  44|  35|  27|  27|  25|  22|  21|  30|  25|  21|  15|  10|  11|  16|  18|  24|  28|  18|  16|  13|
 07|  19|  34|  30|  30|  23|  27|  31|  19|  32|  43|  28|  22|  29|  23|  87| 234| 141|  51| 111|  99|  43|  49|  17|  21|
 08|  19|  33|  29|  23|  23|  27|  24|  21|  32|  22|  19|  35|  29|  31|  14|  19|  10|  14|  25|  19|  21|  27|  24|  28|
 09|  21|  27|  24|  20|  24|  26|  20|  19|  20|  16|  25|  24|  29|  19|  18|  12|  16|  17|  16|  23|  26|  22|  17|  21|
 10|  25|  23|  30|  23|  31|  25|  22|  18|  23|  29|  18|  17|  27|  22|  13|  18|  14|  12|  15|  15|  12|  17|  13|  18|
 11|  19|  28|  36|  23|  26|  25|  18|  16|  23|  24|  24|  16|  18|  19|  17|  15|  13|  12|  13|  19|  18|  17|  22|  19|
 12|  30|  22|  29|  30|  24|  19|  28|  20|  18|  26|  24|  28|  23|  19|  18|  22|  8 |  16|  12|  18|  29|  14|  19|  19|
 13|  17|  34|  30|  27|  32|  23|  25|  18|  12|  5 |  4 |  3 |  7 |  3 |  10|  23|  10|  12|  14|  14|  16|  16|  14|  18|
 14|  29|  29|  22|  34|  26|  27|  16|  19|  12|  18| 316| 604| 218| 527| 617|  34|  31| 533| 589| 256| 543| 499| 333| 190|
 15| 417| 118| 386| 453| 428| 603| 363| 317|  24|  48| 110|  49|  76|  51|  14|  15|  17|  11|  13|  17|  29|  13|  11|  25|
 16|  30|  33|  24|  29|  33|  30|  26|  16|  18|  30|  35|  18|  26|  17|  9 |  13|  16|  15|  20|  13|  13|  15|  25|  17|
 17|  29|  25|  20|  26|  19|  30|  24|  17|  31|  27|  23|  17|  13|  12|  11|  10|  15|  11|  13|  13|  12|  18|  11|  17|
 18|  21|  26|  28|  16|  19|  11|  16|  16|  22|  14|  19|  18|  13|  14|  10|  13|  13|  10|  13|  10|  13|  16|  17|  19|
 19|  16|  34|  22|  22|  23|  13|  20|  15|  21|  18|  13|  18|  14|  13|  13|  13|  3 |  11|  9 |  14|  17|  11|  10|  16|
 20|  11|  16|  38|  18|  19|  13|  21|  16|  18|  18|  12|  19|  16|  12|  15|  7 |  8 |  13|  16|  9 |  15|  5 |  15|  11|
 21|  11|  20|  23|  21|  25|  17|  11|  17|  15|  24|  19|  17|  19|  17|  12|  13|  15|  7 |  11|  7 |  11|  11|  14|  15|
 22|  18|  21|  22|  21|  19|  22|  25|  21|  19|  14|  16|  16|  7 |  17|  19|  7 |  6 |  2 |  2 |  0 |  3 |  3 |  1 |  5 |
 23|  11|  7 |  9 |  13|  7 |  5 |  7 |  3 |  5 |  2 |  5 |  4 |  2 |  4 |  5 |  3 |  0 |  0 |  0 |  1 |  1 |  2 |  7 |  10|
 24|  4 |  14|  26|  30|  21|  25|  18|  21|  13|  17|  29|  17|  15|  10|  11|  9 |  15|  25|  15|  11|  19|  11|  13|  22|
 25|  16|  20|  18|  21|  34|  12|  29|  23|  24|  20|  22|  20|  25|  26|  8 |  6 |  9 |  9 |  10|  18|  15|  17|  13|  16|
 26|  15|  17|  24|  25|  31|  25|  26|  19|  28|  18|  20|  16|  19|  15|  13|  13|  13|  5 |  10|  8 |  11|  10|  14|  19|
 27|  16|  23|  28|  27|  25|  30|  22|  29|  19|  22|  28|  20|  15|  18|  16|  7 |  10|  14|  16|  19|  14|  15|  8 |  20|
 28|  19|  24|  21|  32|  18|  27|  23|  21|  17|  29|  26|  27|  20|  14|  13|  22|  14|  13|  16|  16|  13|  25|  18|  20|
 29|  24|  30|  26|  38|  31|  30|  27|  30|  23|  26|  23|  22|  30|  14|  24|  12|  15|  15|  17|  14|  25|  18|  19|  18|
 30|  20|  26|  25|  43|  27|  28|  27|  30|  24|  31|  27|  27|  33|  22|  17|  11|  12|  12|  8 |  7 |  21|  22|  21|  13|
 31|??? |??? |??? |??? |??? |??? |??? |??? |??? |??? |??? |??? |??? |??? |??? |??? |??? |??? |??? |??? |??? |??? |??? |??? |
[Observer]Lockyer_Observatory
[Country]United Kingdom 
[City]Sidmouth
[Longitude]003°1307
[Latitude]050°4116
[Frequencies]
[Antenna]Quad Yagi
[Azimut Antenna]135
[Elevation Antenna]0
[Pre-Amplifier]None
[Receiver]ICOM IC-706 MKIIG
[Observing Method]HROFFT20dB Count Datas
[Remarks]winxp
