dec| 00h| 01h| 02h| 03h| 04h| 05h| 06h| 07h| 08h| 09h| 10h| 11h| 12h| 13h| 14h| 15h| 16h| 17h| 18h| 19h| 20h| 21h| 22h| 23h|
 01|  18|  33|  25|  44|  29|  47|  24|  36|  28|  19|  43|  27|  21|  17|  20|  22|  7 |  5 |  5 |  10|  9 |  6 |  6 |  18|
 02|  9 |  10|  24|  15|  34|  32|  11|  94|  22|  18|  26|  32|  28|  10|  26|  10|  8 |  12|  18|  7 |  15|  15|  9 |  18|
 03|  16|  14|  20|  22|  24|  15|  33|  17|  36|  18|  20|  14|  30|  22|  14|  21|  9 |  8 |  9 |  10|  12|  6 |  20|  12|
 04|  12|  11|  16|  33|  20|  20|  23|  24|  67|  25|  16|  17|  17|  14|  12|  13|  15|  7 |  6 |  5 |  14|  13|  13|  13|
 05|  13|  17|  19|  25|  22|  24|  13|  22|  22|  22|  15|  26|  24|  8 |  7 |  9 |  4 |  4 |  6 |  13|  12|  11|  10|  8 |
 06|  18|  20|  28|  41|  18|  41|  42|  15|  30|  19|  29|  54|  9 |  49|  24|  8 |  8 |  4 |  15|  8 |  14|  7 |  5 |  12|
 07|  20|  11|  24|  23|  23|  21|  22|  23|  13|  19|  24|  26|  7 |  10|  10|  5 |  4 |  12|  5 |  6 |  4 |  16|  13|  9 |
 08|  14|  16|  25|  19|  30|  17|  34|  32|  30|  22|  21|  32|  19|  20|  33|  15|  17|  11|  10|  9 |  10|  22|  18|  10|
 09|  21|  23|  32|  27|  37|  29|  19|  18|  25|  41|  21|  15|  24|  10|  20|  15|  12|  8 |  10|  23|  20|  24|  22|  31|
 10|  21|  69|  51|  34|  57|  41|  27|  26|  55|  36|  21|  31|  24|  12|  17|  16|  16|  10|  14|  14|  25|  25|  45|  30|
 11|  27|  43|  43|  57|  55|  45|  55|  39|  38|  27|  49|  25|  13|  31|  17|  17|  7 |  15|  22|  45|  42|  56|  42|  41|
 12|  40|  53|  59|  78|  73|  85|  49|  92|  74|  79|  40|  32|  32|  16|  9 |  12|  11|  15|  25|  44|  90|  98|  89| 106|
 13|  59|  86| 142| 158| 175| 148| 139| 102|  92|  98|  73|  24|  28|  21|  14|  13|  17|  31| 243| 417| 421| 467| 142| 102|
 14|  74| 125| 167| 249| 177| 144| 130| 149| 146| 118|  27|  15|  14|  13|  11|  20|  6 |  8 |  21|  22|  37|  38|  28|  28|
 15|  20|  30|  40|  33|  31|  31|  41|  51|  68|  63|  55|  57|  51|  7 |  4 |  8 |  15|  4 |  9 |  9 |  19|  7 |  12|  11|
 16|  15|  18|  19|  19|  21|  24|  20|  24|  31|  18|  18|  13|  20|  15|  8 |  12|  5 |  8 |  10|  8 |  6 |  6 |  8 |  18|
 17|  24|  25|  30|  34|  19|  36|  28|  21|  24|  48|  29|  16|  17|  18|  14|  12|  9 |  5 |  3 |  19|  7 |  3 |  15|  12|
 18|  15|  18|  13|  24|  16|  16|  12|  20|  31|  14|  14|  46|  13|  59|  29|  7 |  3 |  9 |  3 |  4 |  4 |  7 |  14|  17|
 19|  8 |  14|  44|  20|  19|  51|  24|  12|  14|  20|  18|  9 |  13|  10|  32|  8 |  8 |  10|  13|  9 |  9 |  10|  17|  13|
 20|  14|  8 |  18|  11|  6 |  20|  48|  12|  14|  16|  31|  19|  12|  8 |  9 |  7 |  8 |  4 |  12|  11|  5 |  7 |  20|  14|
 21|  8 |  16|  13|  19|  45|  15|  27|  35|  7 |  12|  28|  7 |  13|  16|  9 |  12|  8 |  12|  6 |  20|  14|  11|  17|  29|
 22|  32|  16|  23|  20|  14|  16|  12|  13|  14|  25|  21|  19|  11|  14|  10|  12|  2 |  8 |  6 |  4 |  8 |  6 |  13|  22|
 23|  27|  20|  13|  21|  21|  5 |  10|  24|  13|  10|  16|  13|  9 |  18|  17|  10|  6 |  7 |  4 |  7 |  6 |  2 |  4 |  20|
 24|  11|  21|  9 |  6 |  12|  10|  10|  16|  19|  40|  39|  22|  26|  8 |  18|  6 |  4 |  8 |  15|  4 |  10|  11|  7 |  8 |
 25|  13|  6 |  14|  13|  9 |  8 |  19|  72|  17|  15|  10|  14|  15|  20|  5 |  2 |  10|  8 |  6 |  5 |  5 |  5 |  5 |  14|
 26|  9 |  19|  9 |  13|  9 |  22|  5 |  24|  10|  23|  14|  22|  21|  11|  5 |  4 |  4 |  17|  3 |  6 |  4 |  12|  14|  10|
 27|  7 |  12|  18|  16|  17|  11|  10|  16|  28|  21|  9 |  16|  23|  13|  6 |  5 |  7 |  7 |  11|  7 |  2 |  15|  6 |  8 |
 28|  8 |  25|  21|  21|  21|  11|  18|  13|  9 |  25|  23|  11|  10|  12|  9 |  20|  11|  10|  5 |  8 |  12|  13|  13|  11|
 29|  13|  8 |  32|  14|  15|  12|  19|  13|  16|  16|  11|  12|  27|  10|  17|  11|  2 |  9 |  6 |  2 |  10|  16|  10|  14|
 30|  10|  9 |  16|  14|  11|  9 |  8 |  15|  20|  23|  60|  16|  18|  13|  14|  13|  7 |  2 |  6 |  14|  11|  13|  7 |  15|
 31|  12|  7 |  14|  14|  14|  10|  29|  23|  20|  19|  18|  21|  31|  11|  7 |  13|  20|  8 |  6 |  15|  10|  8 |  10|  8 |
[Observer]Lockyer_Observatory
[Country]United Kingdom 
[City]Sidmouth
[Longitude]003°1307
[Latitude]050°4116
[Frequencies]
[Antenna]Quad Yagi
[Azimut Antenna]135
[Elevation Antenna]0
[Pre-Amplifier]None
[Receiver]ICOM IC-706 MKIIG
[Observing Method]HROFFT20dB Length Datas
[Remarks]winxp
