sep| 00h| 01h| 02h| 03h| 04h| 05h| 06h| 07h| 08h| 09h| 10h| 11h| 12h| 13h| 14h| 15h| 16h| 17h| 18h| 19h| 20h| 21h| 22h| 23h|
 01|  26|  38|  31|  40|  28|  37|  51|  23|  23|  25|  21|  19|  19|  18|  22|  25|  26|  25|  18|  14|  23|  21|  20|  31|
 02|  35|  43|  39|  29|  41|  43|  41|  36|  20|  4 |  29|  26|  33|  29|  25|  26|  22|  24|  25|  29|  25|  22|  26|  28|
 03|  25|  29|  38|  31|  48|  48|  47|  20|  46|  29|  20|  28|  22|  25|  19|  27|  20|  17|  21|  17|  20|  27|  20|  28|
 04|  20|  27|  33|  29|  21|  35|  19|  55| 315| 435| 532| 388|  37|  43|  29|  28|  27|  27|  28|  23|  32|  32|  16|  20|
 05|  31|  25|  24|  27|  31|  35|  38|  37|  28|  27|  31|  30|  25|  25|  21|  24|  20|  19|  17|  20|  14|  13|  15|  23|
 06|  21|  27| 171| 160| 238| 182| 119| 169|  20|  44| 425| 201|  19|  18|  22| 558| 120|  11|  62|  39|  77|  7 | 392| 511|
 07| 140|  6 | 128|  81|  39|  18| 115|  48|  7 |  12| 345|  66|  35|  17|  32|  23|  22|  28|  10|  18|  15|  19|  19|  26|
 08|  27|  36|  26|  79| 106| 196| 137|  72|  68|  31|  23|  24|  19|  28|  32|  21|  11|  20|  14|  13|  18|  29|  11|  22|
 09|  29|  33|  32|  36|  25|  41|  33|  22|  21|  28|  22|  24|  21|  17|  24|  32|  19|  19|  12|  25|  14|  16|  22|  31|
 10|  27|  27|  32|  26|  37|  30|  42|  16|  26|  27|  23|  29|  40|  36|  22|  24|  15|  14|  21|  19|  17|  22|  28|  17|
 11|  20|  27|  35|  35|  33|  32|  27|  31|  0 |  0 |  0 |  0 |  19|  29|  30|  20|  21|  20|  10|  22|  18|  15|  18|  24|
 12|  26|  29|  37|  36|  27|  39|  25|  24|  28|  22|  20|  24|  31|  34|  28|  22|  19|  12|  11|  19|  24|  14|  19|  24|
 13|  23|  38|  43|  33|  33|  45|  21|  34|  32|  32|  33|  34|  36|  29|  26|  24|  17|  25|  19|  25|  16|  21|  20|  36|
 14|  26|  40|  44|  37|  48|  55|  59|  27|  41|  41|  31|  30|  27|  25|  23|  22|  19|  17|  17|  44|  28|  18|  19|  18|
 15|  27|  32|  37|  29|  27|  31|  29|  37|  19|  18|  25|  19|  25|  34|  25|  20|  15|  11|  8 |  11|  13|  15|  13|  11|
 16|  40|  57|  21|  97|  30|  42|  26|  64|  17|  21|  42|  23|  20|  20|  14| 246|  21|  22|  21|  17|  17|  17|  28|  18|
 17|  38|  25|  32|  29|  17|  35|  24|  24|  24|  29|  33|  25|  23|  22|  20|  25|  16|  17|  15|  21|  18|  22|  23|  28|
 18|  30|  26|  37|  25|  37|  22|  30|  27|  28|  22|  23|  20|  21|  30|  26|  17|  26|  20|  27|  20|  19|  18|  23|  28|
 19|  31|  25|  29|  30|  30|  32|  27|  35|  19|  35|  28|  31|  27|  28|  21|  18|  18|  18|  22|  24|  17|  18|  24|  20|
 20|  20|  30|  23|  31|  18|  22|  10|  0 |  0 |  0 |  0 |  1 |  0 |  0 |  19|  19|  17|  11|  13|  12|  19|  21|  29|  26|
 21|  19|  33|  31|  28|  27|  43|  22|  36|  27|  25|  24|  22|  13|  15|  19|  14|  17|  11|  7 |  10|  12|  15|  21|  4 |
 22|  16|  12|  13|  12|  16|  12|  13|  18|  16|  14|  19|  20|  17|  30|  26|  20|  17|  16|  19|  20|  16|  19|  14|  24|
 23|  25|  18|  17|  30|  29|  29|  23|  22|  22|  21|  27|  21|  31|  26|  16|  28|  23|  22|  11|  15|  20|  9 |  20|  14|
 24|  25|  22|  28|  35|  19|  16|  16|  30|  31|  25|  29|  27|  18|  20|  18|  14|  15|  15|  13|  13|  11|  15|  14|  17|
 25|  18|  31|  28|  22|  31|  31|  25|  25|  21|  24|  21|  36|  16|  30|  35|  20|  8 |  13|  16|  15|  10|  14|  19|  24|
 26|  28|  30|  27|  27|  27|  23|  19|  17|  26|  20|  14|  23|  24|  20|  28|  32|  17|  12|  15|  22|  23|  14|  17|  19|
 27|  26|  23|  26|  20|  28|  30|  23|  22|  21|  21|  26|  25|  31|  21|  20|  18|  16|  18|  13|  19|  14|  17|  21|  24|
 28|  21|  22|  23|  36|  24|  11|  29|  24|  21|  22|  23|  31|  28|  26|  31|  22|  26|  19|  11|  9 |  11|  13|  16|  17|
 29|  16|  9 |  25|  22|  21|  15|  20|  19|  19|  26|  17|  25|  30|  23|  23|  23|  18|  17|  14|  15|  13|  17|  9 |  21|
 30|  30|  28|  19|  26|  28|  21|  23|  26|  20|  22|  19|  28|  27|  16|  18|  22|  10|  13|  42|  23|  14|  9 |  8 |  16|
 31|??? |??? |??? |??? |??? |??? |??? |??? |??? |??? |??? |??? |??? |??? |??? |??? |??? |??? |??? |??? |??? |??? |??? |??? |
[Observer]Lockyer_Observatory
[Country]United Kingdom 
[City]Sidmouth
[Longitude]003°1307
[Latitude]050°4116
[Frequencies]
[Antenna]Quad Yagi
[Azimut Antenna]135
[Elevation Antenna]0
[Pre-Amplifier]None
[Receiver]ICOM IC-706 MKIIG
[Observing Method]HROFFT20dB Count Datas
[Remarks]winxp
