jul| 00h| 01h| 02h| 03h| 04h| 05h| 06h| 07h| 08h| 09h| 10h| 11h| 12h| 13h| 14h| 15h| 16h| 17h| 18h| 19h| 20h| 21h| 22h| 23h|
 01|??? |??? |??? |??? |??? |??? |??? |??? |??? |??? |??? |??? |??? |??? |??? |??? |??? |??? |??? |??? |??? |??? |??? |??? |
 02|??? |??? |??? |??? |??? |??? |??? |??? |??? |??? |??? |??? |??? |??? |??? |??? |??? |??? |??? |??? |??? |??? |??? |??? |
 03|??? |??? |??? |??? |??? |??? |??? |??? |??? |??? |??? |??? |??? |??? |??? |??? |??? |??? |??? |??? |??? |??? |??? |??? |
 04|??? |??? |??? |??? |??? |??? |??? |??? |??? |??? |??? |??? |??? |??? |??? |??? |??? |??? |??? |??? |??? |??? |??? |??? |
 05|??? |??? |??? |??? |??? |??? |??? |??? |??? |??? |??? |??? |??? |??? |??? |??? |??? |??? |??? |??? |??? |??? |??? |??? |
 06|??? |??? |??? |??? |??? |??? |??? |??? |??? |??? |??? |??? |??? |??? |??? |??? |??? |??? |??? |??? |??? |??? |??? |??? |
 07|??? |??? |??? |??? |??? |??? |??? |??? |??? |??? |??? |??? |??? |??? |??? |??? |??? |??? |??? |??? |??? |??? |??? |??? |
 08|  0 |  0 |  0 |  0 |  0 |  0 |  0 |  0 |  0 |  10|  55|  66|  75| 310| 402| 221| 121| 827| 816| 880| 627| 605| 628| 592|
 09| 572| 562| 553| 569| 553| 580| 586| 583| 562| 494| 593| 679| 646| 633| 710| 669| 624| 653| 623| 670| 595| 568| 498| 534|
 10| 551| 586| 613| 638| 705| 786| 776| 697| 642| 652| 631| 575| 552| 571| 621| 568| 546| 646| 572| 574| 590| 540| 563| 593|
 11| 591| 610| 715| 703| 699| 753| 762| 718| 749| 714| 671| 640| 573| 522| 499| 632| 621| 589| 555| 471| 611| 539| 585| 618|
 12| 642| 682| 750| 777| 827| 814| 894| 773| 714| 726| 722| 672| 778| 791| 715| 703| 712| 731| 745| 679| 748| 716| 619| 704|
 13| 712| 691| 749| 811| 842| 862| 882| 909| 859| 749| 790| 781| 729| 116|  58|  45| 258| 295|  35|  43| 387| 254|  58|  39|
 14|  47|  45|  49|  54|  41|  51|  59|  49|  48|  42|  58|  39| 669| 634| 561| 870|1167| 592| 724|1357|1249| 439| 534| 345|
 15| 193| 214| 219| 176| 213| 177| 241| 240| 210| 217| 512| 169| 523|  26|  33|  34|  29|  24|  19|  11|  14|  14|  11|  19|
 16|  20|  26|  25|  18|  33|  14|  32|  35|  20|  23|  19|  21|  10|  7 |  17|  16|  3 |  3 |  9 |  12|  18|  15|  11|  18|
 17|  18|  20|  18|  23|  17|  28|  15|  23|  19|  20|  13|  18|  22|  7 |  17|  13|  18|  22|  39|  12|  10|  28|  15|  23|
 18|  31|  26|  41|  20|  27|  61| 109|  28|  54| 285|  16|  27|  22|  20|  23|  26|  15|  11|  7 |  16|  13|  25|  16|  17|
 19|  17|  20|  19|  22|  36|  42|  22|  24|  21|  25|  14|  10|  17|  16|  11|  8 |  11|  16|  9 |  8 |  10|  12|  9 |  25|
 20|  30|  26|  42|  35|  28|  29|  17|  30|  22|  16|  17|  15|  10|  9 |  16|  11|  13|  11|  13|  10|  20|  17|  13|  15|
 21|  22|  27|  20|  24|  22|  44|  17|  21|  18|  36|  15|  19|  30|  19|  23|  17|  18|  28|  13|  23|  23|  29|  28|  33|
 22|  28|  36|  34|  29|  28|  27|  61|  17|  19|  20|  21|  17|  19|  17|  18|  18|  20|  11|  13|  12|  13|  20|  14|  25|
 23|  19|  24|  29|  20|  37|  45|  24|  26|  31|  10|  20|  7 |  21|  15|  25|  18|  16|  14|  14|  7 |  12|  14|  22|  22|
 24|  33|  26|  37|  37|  20|  30|  33|  23|  8 |  14|  14|  17|  13|  19|  14|  10|  12|  16|  11|  23|  12|  26|  12|  26|
 25|  53|  26|  21|  38|  34|  37|  25|  17|  11|  20|  13|  39|  23|  15|  23|  6 |  15|  19|  16|  11|  15|  16|  22|  20|
 26|  35|  34|  28|  37|  31|  25|  12|  25|  25|  40|  12|  17|  18|  13|  19|  31|  10|  8 |  8 |  8 |  17|  10|  26|  34|
 27|  32|  50|  35|  53|  38|  44|  30|  18|  12|  9 |  9 |  15|  32|  15|  11|  14|  13|  13|  2 |  22|  9 |  16|  32|  22|
 28|  38|  56|  30|  28|  30|  28|  19|  37|  16|  11|  0 |  0 |  0 |  0 |  0 |  0 |  0 |  0 |  37|  30|  35|  43|  59|  84|
 29|  90|  78| 104|  88| 103|  98|  73|  46|  87|  56|  53|  48|  49|  48|  38|  47|  55|  36|  58|  37|  40|  41|  30|  51|
 30|  69|  86| 110|  88| 119| 114|  84|  53|  78|  36|  51|  39|  62| 171| 177| 176| 245| 282| 133|  68|  63|  52|  68| 103|
 31| 137| 171| 168| 141| 186| 139| 141| 137|  81|  66|  85|  80|  65|  64|  62|  64|  48|  48|  79| 102|  67|  56|  44|  91|
[Observer]Lockyer_Observatory
[Country]United Kingdom 
[City]Sidmouth
[Longitude]003°1307
[Latitude]050°4116
[Frequencies]
[Antenna]Quad Yagi
[Azimut Antenna]135
[Elevation Antenna]0
[Pre-Amplifier]None
[Receiver]ICOM IC-706 MKIIG
[Observing Method]HROFFT10dB Length Datas
[Remarks]winxp
