aug| 00h| 01h| 02h| 03h| 04h| 05h| 06h| 07h| 08h| 09h| 10h| 11h| 12h| 13h| 14h| 15h| 16h| 17h| 18h| 19h| 20h| 21h| 22h| 23h|
 01|  10|  5 |  8 |  10|  3 |  5 |  7 |  4 |  5 |  10|  3 |  1 |  2 |  0 |  2 |  1 |  10|  2 |  2 |  1 |  7 |  3 |  0 |  2 |
 02|  8 |  0 |  7 |  1 |  4 |  5 |  3 |  4 |  1 |  5 |  2 |  17|  1 |  25|  3 |  0 |  6 |  2 |  18|  0 |  2 |  1 |  34|  2 |
 03|  2 |  14|  3 |  13|  2 |  3 |  4 |  4 |  12|  7 |  2 |  5 |  5 |  3 |  0 |  7 |  2 |  3 |  1 |  4 |  2 |  1 |  14|  16|
 04|  10|  18|  8 |  5 |  4 |  1 |  2 |  4 |  9 |  22|  1 |  3 |  3 |  18|  4 |  2 |  0 |  0 |  3 |  1 |  0 |  4 |  2 |  5 |
 05|  0 |  2 |  13|  8 |  3 |  9 |  6 |  6 |  3 |  4 |  2 |  3 |  2 |  3 |  6 |  0 |  0 |  0 |  0 |  3 |  1 |  3 |  0 |  4 |
 06|  5 |  3 |  2 |  6 |  4 |  0 |  16|  5 |  5 |  60|  2 |  1 |  12|  3 |  2 |  1 |  0 |  5 |  0 |  0 |  0 |  0 |  0 |  0 |
 07|  0 |  0 |  0 |  0 |  0 |  1 |  0 |  0 |  0 |  0 |  0 |  0 |  0 |  0 |  0 |  0 |  0 |  0 |  0 |  0 |  0 |  0 |  0 |  0 |
 08|  0 |  0 |  0 |  0 |  0 |  0 |  0 |  0 |  0 |  0 |  0 |  2 |  0 |  3 |  9 |  1 |  4 |  2 |  5 |  3 |  11|  0 |  6 |  7 |
 09|  29|  21|  52|  59|  7 |  23|  40|  18|  16|  9 |  8 |  25|  21|  7 |  6 |  6 |  9 |  3 |  5 |  1 |  2 |  5 |  3 |  8 |
 10|  35|  61|  14|  16|  33|  40|  55|  34|  17|  20|  18|  15|  11|  50|  15|  8 |  5 |  9 |  10|  36|  3 |  13|  5 |  45|
 11|  49|  14|  21|  54| 126|  49|  69|  44| 112|  56|  96|  94|  54|  47|  30|  21|  4 |  6 |  34|  32|  12|  21|  14|  53|
 12|  59| 130| 119|  97| 198| 202| 145| 141| 114|  93| 127|  99|  18|  47|  36|  60|  60|  8 |  48|  5 |  15|  8 |  33|  21|
 13|  60| 107| 100|  92| 103|  83|  53|  91|  53|  73|  90|  56|  21|  22|  17|  23|  2 |  4 |  7 |  9 |  25|  2 |  21|  11|
 14|  18|  26|  26|  87|  49|  85|  49|  23|  14|  20|  33|  27|  15|  15|  5 |  18|  10|  7 |  6 |  2 |  5 |  12|  5 |  3 |
 15|  10|  21|  8 |  24|  19|  13|  38|  40|  15|  14|  12|  12|  14|  11|  6 |  9 |  30|  7 |  14|  8 |  10|  31|  8 |  21|
 16|  14|  34|  25|  19|  38|  34|  20|  24|  19|  4 |  2 |  4 |  4 |  34|  10|  3 |  7 |  6 |  2 |  2 |  9 |  8 |  14|  3 |
 17|  8 |  13|  18|  47|  26|  9 |  24|  14|  7 |  4 |  6 |  11|  27|  26|  10|  8 |  5 |  15|  6 |  3 |  7 |  6 |  6 |  10|
 18|  12|  16|  12|  12|  14|  18|  20|  14|  12|  10|  26|  19|  11|  8 |  15|  12|  9 |  2 |  63|  21|  4 |  14|  6 |  6 |
 19|  17|  16|  20|  12|  9 |  24|  9 |  44|  13|  7 |  15|  6 |  43|  5 |  9 |  5 |  7 |  2 |  6 |  2 |  8 |  6 |  9 |  3 |
 20|  11|  12|  18|  9 |  12|  9 |  19|  5 |  7 |  8 |  8 |  10|  12|  13|  8 |  7 |  10|  5 |  10|  2 |  10|  4 |  3 |  6 |
 21|  8 |  14|  5 |  16|  11|  19|  14|  8 |  10|  14|  7 |  6 |  3 |  7 |  7 |  4 |  7 |  2 |  3 |  11|  2 |  4 |  5 |  5 |
 22|  4 |  8 |  10|  5 |  9 |  9 |  0 |  6 |  2 |  0 |  4 |  3 |  8 |  7 |  11|  3 |  3 |  2 |  1 |  4 |  5 |  1 |  11|  7 |
 23|  15|  3 |  3 |  13|  17|  14|  4 |  6 |  9 |  7 |  16|  10|  1 |  10|  15|  3 |  10|  2 |  3 |  1 |  6 |  4 |  2 |  6 |
 24|  12|  7 |  10|  3 |  8 |  4 |  11|  7 |  5 |  8 |  2 |  8 |  3 |  13|  11|  9 |  11|  9 |  3 |  4 |  15|  5 |  2 |  9 |
 25|  19|  19|  17|  4 |  5 |  24|  10|  8 |  7 |  6 |  7 |  3 |  10|  13|  6 |  12|  5 |  7 |  3 |  2 |  5 |  13|  13|  9 |
 26|  5 |  8 |  12|  11|  18|  6 |  16|  10|  3 |  2 |  7 |  3 |  14|  2 |  4 |  4 |  3 |  6 |  4 |  46|  2 |  2 |  7 |  19|
 27|  9 |  19|  5 |  9 |  11|  6 |  5 |  9 |  10|  2 |  7 |  20|  13|  8 |  10|  5 |  9 |  6 |  9 |  4 |  2 |  3 |  8 |  5 |
 28|  8 |  14|  9 |  7 |  16|  13|  3 |  41|  7 |  11|  9 |  9 |  8 |  5 |  9 |  5 |  1 |  4 |  4 |  10|  4 |  1 |  2 |  8 |
 29|  16|  10|  11|  9 |  16|  4 |  8 |  8 |  3 |  10|  9 |  15|  21|  9 |  7 |  4 |  3 |  8 |  3 |  7 |  5 |  2 |  16|  7 |
 30|  28|  6 |  2 |  7 |  11|  4 |  3 |  9 |  12|  5 |  14|  6 |  12|  3 |  19|  5 |  10|  5 |  4 |  1 |  8 |  6 |  10|  7 |
 31|  7 |  1 |  13|  10|  5 |  6 |  11|  4 |  8 |  4 |  5 |  3 |  3 |  6 |  2 |  3 |  1 |  1 |  3 |  7 |  7 |  8 |  2 |  3 |
[Observer]Lockyer_Observatory
[Country]United Kingdom 
[City]Sidmouth
[Longitude]003°1307
[Latitude]050°4116
[Frequencies]
[Antenna]Quad Yagi
[Azimut Antenna]135
[Elevation Antenna]0
[Pre-Amplifier]None
[Receiver]ICOM IC-706 MKIIG
[Observing Method]HROFFT30dB Length Datas
[Remarks]winxp
