dec| 00h| 01h| 02h| 03h| 04h| 05h| 06h| 07h| 08h| 09h| 10h| 11h| 12h| 13h| 14h| 15h| 16h| 17h| 18h| 19h| 20h| 21h| 22h| 23h|
 01|  17|  23|  21|  24|  26|  37|  20|  21|  21|  15|  31|  25|  20|  16|  18|  13|  7 |  4 |  4 |  9 |  9 |  6 |  5 |  13|
 02|  7 |  10|  19|  11|  25|  20|  11|  20|  16|  14|  18|  16|  19|  9 |  15|  8 |  8 |  8 |  10|  6 |  11|  12|  6 |  8 |
 03|  14|  13|  19|  17|  20|  14|  21|  13|  19|  14|  14|  13|  13|  16|  8 |  13|  6 |  8 |  7 |  9 |  10|  5 |  12|  10|
 04|  11|  10|  13|  18|  14|  17|  16|  16|  37|  18|  15|  15|  14|  12|  10|  11|  11|  6 |  6 |  5 |  11|  13|  10|  13|
 05|  13|  14|  17|  20|  19|  20|  12|  17|  17|  14|  15|  15|  20|  8 |  7 |  8 |  4 |  4 |  6 |  11|  10|  7 |  8 |  7 |
 06|  14|  17|  22|  22|  16|  23|  24|  14|  18|  15|  15|  18|  8 |  12|  12|  6 |  7 |  4 |  12|  8 |  12|  6 |  5 |  11|
 07|  12|  9 |  17|  18|  18|  19|  14|  17|  11|  16|  22|  19|  7 |  10|  9 |  5 |  4 |  10|  4 |  5 |  4 |  13|  12|  8 |
 08|  12|  14|  18|  14|  23|  15|  21|  24|  21|  19|  18|  22|  12|  17|  24|  14|  13|  9 |  10|  8 |  9 |  19|  15|  10|
 09|  14|  20|  29|  23|  22|  25|  15|  12|  22|  19|  19|  12|  17|  10|  17|  12|  11|  4 |  10|  20|  16|  16|  14|  17|
 10|  16|  28|  30|  30|  34|  28|  19|  18|  30|  21|  18|  23|  18|  12|  16|  11|  11|  10|  13|  14|  24|  23|  33|  17|
 11|  19|  28|  36|  46|  43|  37|  43|  29|  30|  22|  33|  22|  12|  19|  15|  13|  6 |  12|  20|  43|  30|  42|  33|  27|
 12|  31|  42|  49|  56|  54|  62|  41|  49|  44|  43|  33|  21|  27|  14|  8 |  10|  10|  12|  22|  33|  64|  70|  59|  71|
 13|  46|  61| 108| 102| 116| 102|  91|  70|  59|  44|  32|  19|  25|  16|  13|  11|  8 |  21|  58|  66|  81|  95|  84|  73|
 14|  56|  75| 104| 131| 107|  85|  73|  64|  61|  52|  21|  14|  11|  10|  8 |  16|  6 |  8 |  17|  13|  24|  27|  18|  23|
 15|  17|  21|  29|  28|  21|  25|  32|  35|  49|  50|  38|  42|  41|  7 |  4 |  4 |  10|  4 |  9 |  8 |  13|  7 |  9 |  10|
 16|  12|  11|  16|  18|  18|  19|  18|  18|  17|  17|  14|  11|  14|  8 |  8 |  11|  5 |  8 |  9 |  6 |  6 |  5 |  7 |  8 |
 17|  10|  18|  18|  24|  13|  18|  20|  18|  23|  14|  16|  12|  17|  14|  10|  10|  8 |  4 |  3 |  14|  6 |  3 |  12|  12|
 18|  13|  16|  12|  17|  15|  13|  9 |  16|  20|  10|  12|  19|  10|  20|  19|  4 |  3 |  8 |  3 |  4 |  4 |  7 |  12|  13|
 19|  8 |  14|  20|  20|  18|  15|  19|  10|  13|  17|  16|  9 |  12|  10|  7 |  7 |  8 |  8 |  11|  9 |  9 |  9 |  11|  13|
 20|  8 |  8 |  15|  9 |  4 |  8 |  12|  11|  13|  10|  14|  17|  9 |  7 |  9 |  5 |  8 |  4 |  9 |  9 |  5 |  7 |  13|  13|
 21|  7 |  13|  10|  18|  21|  15|  9 |  26|  7 |  11|  14|  6 |  11|  12|  8 |  11|  8 |  8 |  6 |  10|  9 |  10|  10|  13|
 22|  15|  13|  17|  16|  11|  14|  12|  11|  14|  18|  14|  15|  11|  11|  10|  10|  2 |  7 |  4 |  4 |  6 |  4 |  10|  15|
 23|  13|  16|  12|  16|  12|  5 |  7 |  16|  12|  10|  13|  13|  8 |  14|  15|  10|  6 |  5 |  4 |  5 |  2 |  2 |  4 |  11|
 24|  9 |  20|  8 |  6 |  10|  10|  10|  14|  12|  15|  16|  11|  12|  7 |  14|  6 |  4 |  7 |  12|  4 |  9 |  9 |  6 |  8 |
 25|  12|  5 |  12|  13|  9 |  8 |  17|  19|  14|  12|  8 |  11|  13|  18|  5 |  2 |  10|  7 |  5 |  4 |  5 |  5 |  5 |  11|
 26|  9 |  13|  8 |  13|  7 |  17|  5 |  17|  10|  16|  11|  18|  14|  10|  5 |  3 |  4 |  6 |  3 |  6 |  3 |  10|  12|  8 |
 27|  7 |  11|  15|  14|  13|  9 |  8 |  14|  14|  12|  8 |  15|  7 |  11|  6 |  5 |  7 |  6 |  8 |  7 |  2 |  14|  5 |  8 |
 28|  7 |  18|  16|  17|  7 |  11|  14|  11|  9 |  11|  19|  6 |  9 |  7 |  8 |  8 |  6 |  7 |  5 |  6 |  11|  10|  9 |  11|
 29|  11|  8 |  15|  13|  11|  9 |  16|  11|  14|  14|  9 |  8 |  17|  9 |  13|  8 |  2 |  8 |  6 |  2 |  9 |  14|  10|  11|
 30|  9 |  9 |  15|  12|  10|  7 |  6 |  12|  15|  16|  19|  13|  15|  12|  12|  9 |  7 |  2 |  5 |  11|  10|  9 |  6 |  9 |
 31|  10|  6 |  13|  13|  12|  6 |  21|  11|  17|  15|  10|  16|  8 |  7 |  7 |  12|  8 |  7 |  5 |  11|  8 |  8 |  10|  8 |
[Observer]Lockyer_Observatory
[Country]United Kingdom 
[City]Sidmouth
[Longitude]003°1307
[Latitude]050°4116
[Frequencies]
[Antenna]Quad Yagi
[Azimut Antenna]135
[Elevation Antenna]0
[Pre-Amplifier]None
[Receiver]ICOM IC-706 MKIIG
[Observing Method]HROFFT20dB Count Datas
[Remarks]winxp
