dec| 00h| 01h| 02h| 03h| 04h| 05h| 06h| 07h| 08h| 09h| 10h| 11h| 12h| 13h| 14h| 15h| 16h| 17h| 18h| 19h| 20h| 21h| 22h| 23h|
 01|  6 |  4 |  4 |  8 |  7 |  7 |  3 |  9 |  4 |  5 |  9 |  3 |  3 |  4 |  2 |  4 |  2 |  2 |  1 |  2 |  0 |  1 |  0 |  2 |
 02|  2 |  2 |  8 |  3 |  7 |  6 |  3 |  7 |  3 |  3 |  5 |  4 |  7 |  2 |  5 |  1 |  2 |  1 |  3 |  1 |  3 |  1 |  1 |  2 |
 03|  7 |  2 |  3 |  5 |  6 |  3 |  7 |  3 |  9 |  3 |  6 |  3 |  4 |  5 |  2 |  2 |  0 |  0 |  1 |  2 |  2 |  1 |  2 |  4 |
 04|  1 |  0 |  4 |  7 |  4 |  4 |  4 |  2 |  15|  3 |  3 |  3 |  1 |  3 |  2 |  4 |  1 |  2 |  1 |  1 |  2 |  3 |  3 |  2 |
 05|  2 |  5 |  1 |  4 |  5 |  3 |  3 |  2 |  5 |  4 |  0 |  6 |  1 |  2 |  4 |  1 |  2 |  1 |  0 |  3 |  5 |  1 |  1 |  0 |
 06|  6 |  2 |  11|  9 |  2 |  5 |  3 |  2 |  5 |  3 |  7 |  7 |  0 |  3 |  2 |  0 |  0 |  0 |  2 |  1 |  1 |  1 |  0 |  2 |
 07|  7 |  2 |  7 |  5 |  5 |  4 |  3 |  5 |  5 |  0 |  3 |  3 |  0 |  1 |  1 |  0 |  0 |  5 |  2 |  1 |  1 |  5 |  4 |  1 |
 08|  1 |  1 |  4 |  3 |  8 |  6 |  7 |  7 |  9 |  5 |  5 |  3 |  4 |  3 |  5 |  1 |  4 |  2 |  3 |  5 |  1 |  5 |  3 |  1 |
 09|  5 |  2 |  1 |  7 |  7 |  3 |  1 |  3 |  5 |  9 |  2 |  3 |  6 |  1 |  4 |  2 |  2 |  2 |  0 |  3 |  5 |  6 |  2 |  9 |
 10|  1 |  8 |  10|  3 |  10|  8 |  7 |  6 |  9 |  8 |  4 |  3 |  4 |  0 |  1 |  3 |  5 |  3 |  2 |  5 |  0 |  7 |  7 |  5 |
 11|  6 |  7 |  8 |  15|  8 |  9 |  8 |  4 |  7 |  6 |  7 |  3 |  5 |  9 |  8 |  5 |  1 |  3 |  4 |  7 |  10|  15|  6 |  5 |
 12|  7 |  8 |  6 |  20|  13|  19|  11|  19|  9 |  12|  9 |  4 |  3 |  3 |  1 |  3 |  3 |  5 |  3 |  13|  30|  29|  16|  15|
 13|  8 |  9 |  34|  37|  43|  31|  41|  19|  20|  22|  13|  5 |  3 |  5 |  3 |  5 |  3 |  6 |  45|  40|  41|  40|  34|  10|
 14|  6 |  18|  31|  53|  41|  39|  31|  33|  25|  17|  6 |  6 |  2 |  2 |  3 |  5 |  1 |  2 |  4 |  5 |  7 |  7 |  4 |  3 |
 15|  1 |  5 |  8 |  4 |  5 |  5 |  2 |  8 |  9 |  4 |  1 |  3 |  4 |  1 |  0 |  0 |  5 |  1 |  3 |  1 |  0 |  0 |  2 |  1 |
 16|  2 |  3 |  6 |  0 |  4 |  4 |  4 |  7 |  6 |  2 |  1 |  3 |  3 |  2 |  1 |  3 |  0 |  1 |  4 |  1 |  1 |  1 |  1 |  0 |
 17|  4 |  4 |  5 |  3 |  2 |  8 |  5 |  3 |  2 |  3 |  3 |  2 |  4 |  3 |  4 |  1 |  1 |  0 |  1 |  4 |  3 |  0 |  2 |  2 |
 18|  2 |  3 |  2 |  5 |  2 |  3 |  2 |  3 |  4 |  2 |  2 |  9 |  2 |  5 |  2 |  1 |  1 |  3 |  2 |  0 |  0 |  1 |  2 |  4 |
 19|  0 |  1 |  9 |  2 |  4 |  11|  6 |  1 |  5 |  2 |  7 |  4 |  3 |  1 |  5 |  2 |  2 |  2 |  1 |  3 |  1 |  0 |  2 |  1 |
 20|  4 |  2 |  2 |  3 |  0 |  4 |  6 |  2 |  2 |  3 |  4 |  1 |  1 |  1 |  1 |  3 |  2 |  0 |  3 |  3 |  0 |  1 |  4 |  1 |
 21|  3 |  3 |  2 |  4 |  6 |  3 |  5 |  4 |  1 |  1 |  5 |  2 |  2 |  5 |  2 |  0 |  2 |  3 |  0 |  5 |  4 |  2 |  3 |  4 |
 22|  4 |  3 |  3 |  4 |  3 |  7 |  0 |  2 |  1 |  6 |  5 |  2 |  3 |  3 |  1 |  3 |  0 |  1 |  2 |  0 |  2 |  1 |  1 |  4 |
 23|  4 |  3 |  2 |  4 |  2 |  1 |  2 |  4 |  0 |  1 |  1 |  1 |  1 |  3 |  5 |  1 |  0 |  2 |  0 |  2 |  2 |  0 |  1 |  3 |
 24|  1 |  3 |  2 |  1 |  0 |  0 |  1 |  3 |  3 |  8 |  8 |  7 |  4 |  1 |  2 |  3 |  0 |  0 |  2 |  2 |  1 |  2 |  0 |  0 |
 25|  1 |  3 |  5 |  3 |  1 |  3 |  4 |  12|  4 |  1 |  1 |  2 |  1 |  3 |  2 |  0 |  1 |  2 |  2 |  1 |  0 |  0 |  1 |  1 |
 26|  1 |  2 |  3 |  3 |  3 |  3 |  2 |  3 |  1 |  7 |  4 |  3 |  6 |  3 |  0 |  2 |  1 |  3 |  0 |  1 |  1 |  2 |  1 |  1 |
 27|  2 |  1 |  2 |  3 |  5 |  2 |  2 |  2 |  5 |  3 |  2 |  2 |  4 |  1 |  1 |  3 |  0 |  1 |  2 |  0 |  0 |  1 |  1 |  1 |
 28|  2 |  5 |  6 |  3 |  3 |  1 |  5 |  2 |  1 |  6 |  3 |  3 |  4 |  3 |  1 |  2 |  1 |  1 |  0 |  1 |  2 |  3 |  2 |  0 |
 29|  2 |  1 |  6 |  2 |  3 |  3 |  2 |  3 |  3 |  1 |  2 |  0 |  3 |  2 |  1 |  4 |  1 |  2 |  0 |  0 |  2 |  2 |  3 |  3 |
 30|  3 |  0 |  1 |  2 |  3 |  2 |  0 |  0 |  1 |  2 |  7 |  3 |  2 |  1 |  2 |  4 |  2 |  0 |  3 |  3 |  1 |  5 |  1 |  2 |
 31|  2 |  1 |  3 |  4 |  1 |  2 |  8 |  6 |  4 |  5 |  4 |  3 |  5 |  2 |  0 |  2 |  4 |  2 |  0 |  5 |  4 |  0 |  1 |  1 |
[Observer]Lockyer_Observatory
[Country]United Kingdom 
[City]Sidmouth
[Longitude]003°1307
[Latitude]050°4116
[Frequencies]
[Antenna]Quad Yagi
[Azimut Antenna]135
[Elevation Antenna]0
[Pre-Amplifier]None
[Receiver]ICOM IC-706 MKIIG
[Observing Method]HROFFT30dB Count Datas
[Remarks]winxp
