dec| 00h| 01h| 02h| 03h| 04h| 05h| 06h| 07h| 08h| 09h| 10h| 11h| 12h| 13h| 14h| 15h| 16h| 17h| 18h| 19h| 20h| 21h| 22h| 23h|
 01|  6 |  5 |  4 |  21|  8 |  11|  3 |  15|  4 |  5 |  12|  4 |  3 |  4 |  3 |  5 |  2 |  3 |  1 |  2 |  0 |  1 |  0 |  2 |
 02|  2 |  2 |  9 |  5 |  9 |  15|  3 |  63|  5 |  4 |  8 |  7 |  9 |  2 |  7 |  1 |  2 |  2 |  5 |  1 |  3 |  1 |  1 |  5 |
 03|  8 |  2 |  4 |  8 |  7 |  4 |  14|  3 |  17|  5 |  9 |  3 |  4 |  5 |  2 |  5 |  0 |  0 |  2 |  3 |  3 |  1 |  2 |  4 |
 04|  1 |  0 |  5 |  17|  4 |  6 |  6 |  3 |  20|  3 |  4 |  4 |  2 |  3 |  2 |  6 |  1 |  3 |  1 |  1 |  3 |  3 |  5 |  2 |
 05|  2 |  5 |  1 |  4 |  5 |  3 |  4 |  4 |  6 |  9 |  0 |  7 |  1 |  2 |  4 |  1 |  2 |  1 |  0 |  4 |  5 |  3 |  2 |  0 |
 06|  8 |  3 |  12|  18|  2 |  16|  4 |  2 |  8 |  3 |  12|  35|  0 |  15|  3 |  0 |  0 |  0 |  2 |  1 |  1 |  1 |  0 |  3 |
 07|  13|  2 |  9 |  7 |  5 |  4 |  4 |  6 |  6 |  0 |  3 |  3 |  0 |  1 |  1 |  0 |  0 |  5 |  2 |  1 |  1 |  6 |  4 |  1 |
 08|  3 |  1 |  5 |  5 |  8 |  6 |  9 |  9 |  15|  6 |  5 |  3 |  6 |  3 |  8 |  2 |  5 |  3 |  3 |  5 |  1 |  6 |  4 |  1 |
 09|  8 |  3 |  1 |  8 |  17|  4 |  1 |  4 |  6 |  19|  2 |  4 |  9 |  1 |  5 |  2 |  3 |  2 |  0 |  6 |  7 |  9 |  5 |  15|
 10|  2 |  12|  19|  3 |  17|  11|  10|  7 |  11|  16|  4 |  6 |  6 |  0 |  1 |  4 |  8 |  3 |  2 |  5 |  0 |  7 |  7 |  14|
 11|  6 |  7 |  9 |  17|  11|  10|  12|  4 |  8 |  6 |  10|  3 |  6 |  10|  9 |  7 |  1 |  3 |  4 |  7 |  15|  20|  6 |  7 |
 12|  8 |  10|  7 |  27|  18|  28|  15|  33|  29|  18|  10|  10|  4 |  3 |  1 |  4 |  4 |  6 |  4 |  19|  41|  39|  27|  20|
 13|  9 |  11|  42|  56|  67|  46|  55|  31|  32|  30|  28|  7 |  3 |  5 |  3 |  5 |  6 |  7 | 183| 350| 341| 346|  54|  12|
 14|  7 |  29|  42|  97|  61|  59|  53|  53|  48|  43|  7 |  6 |  2 |  2 |  3 |  6 |  1 |  2 |  5 |  9 |  9 |  15|  5 |  3 |
 15|  1 |  5 |  8 |  6 |  8 |  7 |  3 |  12|  13|  5 |  3 |  3 |  8 |  1 |  0 |  0 |  6 |  1 |  3 |  1 |  0 |  0 |  4 |  2 |
 16|  2 |  5 |  7 |  0 |  6 |  4 |  4 |  8 |  8 |  2 |  1 |  3 |  4 |  6 |  1 |  3 |  0 |  1 |  4 |  2 |  1 |  1 |  2 |  0 |
 17|  9 |  5 |  13|  3 |  5 |  11|  6 |  4 |  2 |  18|  3 |  2 |  4 |  4 |  6 |  1 |  1 |  0 |  1 |  9 |  4 |  0 |  3 |  2 |
 18|  3 |  3 |  3 |  7 |  3 |  3 |  3 |  4 |  9 |  4 |  2 |  20|  2 |  9 |  2 |  4 |  1 |  3 |  2 |  0 |  0 |  1 |  2 |  6 |
 19|  0 |  1 |  17|  2 |  4 |  28|  7 |  1 |  5 |  4 |  7 |  4 |  4 |  1 |  17|  2 |  2 |  4 |  1 |  3 |  1 |  0 |  2 |  1 |
 20|  9 |  2 |  2 |  3 |  0 |  11|  29|  2 |  2 |  4 |  5 |  1 |  3 |  1 |  1 |  3 |  2 |  0 |  4 |  5 |  0 |  1 |  6 |  1 |
 21|  3 |  5 |  2 |  5 |  9 |  3 |  18|  4 |  1 |  1 |  14|  2 |  4 |  5 |  2 |  0 |  2 |  3 |  0 |  6 |  6 |  2 |  6 |  16|
 22|  8 |  3 |  3 |  7 |  4 |  8 |  0 |  3 |  1 |  9 |  10|  3 |  3 |  6 |  1 |  3 |  0 |  1 |  3 |  0 |  3 |  2 |  1 |  8 |
 23|  8 |  6 |  2 |  7 |  2 |  1 |  2 |  6 |  0 |  1 |  1 |  1 |  1 |  5 |  5 |  1 |  0 |  2 |  0 |  3 |  4 |  0 |  1 |  4 |
 24|  1 |  3 |  3 |  1 |  0 |  0 |  1 |  4 |  7 |  21|  21|  8 |  5 |  1 |  3 |  3 |  0 |  0 |  2 |  2 |  1 |  2 |  0 |  0 |
 25|  1 |  3 |  6 |  3 |  1 |  3 |  5 |  35|  4 |  1 |  1 |  2 |  1 |  3 |  2 |  0 |  1 |  2 |  2 |  1 |  0 |  0 |  1 |  1 |
 26|  1 |  3 |  3 |  3 |  5 |  4 |  2 |  7 |  1 |  9 |  6 |  5 |  8 |  3 |  0 |  3 |  1 |  5 |  0 |  1 |  1 |  3 |  1 |  1 |
 27|  2 |  1 |  3 |  4 |  7 |  2 |  3 |  2 |  14|  4 |  2 |  2 |  8 |  1 |  1 |  3 |  0 |  2 |  2 |  0 |  0 |  1 |  1 |  1 |
 28|  3 |  8 |  7 |  3 |  14|  1 |  6 |  4 |  1 |  10|  6 |  4 |  5 |  4 |  1 |  3 |  2 |  4 |  0 |  1 |  2 |  4 |  3 |  0 |
 29|  3 |  1 |  11|  2 |  3 |  3 |  2 |  3 |  3 |  1 |  3 |  0 |  4 |  2 |  1 |  5 |  1 |  2 |  0 |  0 |  3 |  2 |  3 |  4 |
 30|  3 |  0 |  1 |  2 |  3 |  2 |  0 |  0 |  1 |  2 |  21|  4 |  3 |  1 |  2 |  5 |  2 |  0 |  3 |  5 |  2 |  6 |  2 |  5 |
 31|  2 |  1 |  3 |  4 |  2 |  2 |  12|  10|  5 |  8 |  4 |  3 |  14|  4 |  0 |  2 |  9 |  2 |  0 |  6 |  4 |  0 |  1 |  1 |
[Observer]Lockyer_Observatory
[Country]United Kingdom 
[City]Sidmouth
[Longitude]003°1307
[Latitude]050°4116
[Frequencies]
[Antenna]Quad Yagi
[Azimut Antenna]135
[Elevation Antenna]0
[Pre-Amplifier]None
[Receiver]ICOM IC-706 MKIIG
[Observing Method]HROFFT30dB Length Datas
[Remarks]winxp
