nov| 00h| 01h| 02h| 03h| 04h| 05h| 06h| 07h| 08h| 09h| 10h| 11h| 12h| 13h| 14h| 15h| 16h| 17h| 18h| 19h| 20h| 21h| 22h| 23h|
 01| 103| 119| 137| 139| 147| 148| 235| 103| 143| 149| 186| 170| 230| 124|  87|  94|  97|  89|  92|  99|  97|  83| 120| 106|
 02| 105| 103| 144| 140| 135| 119| 137| 178| 137| 126| 138| 193| 146| 135| 119| 120| 152| 235| 173|  80| 104| 118| 214| 108|
 03| 155| 147| 125| 118| 159| 220| 178| 185| 226| 119| 107| 170| 176| 111| 120| 149| 136| 105| 118| 166| 194| 257| 133| 142|
 04| 137| 145| 181| 177| 190| 232| 300| 351| 276| 256| 226| 341| 237| 209| 179| 182| 106| 162| 132| 181| 185| 202| 146| 213|
 05| 147| 187| 181| 256| 167| 241| 269| 242| 252| 250| 292| 303| 213| 165| 185| 141| 162| 164| 202| 245| 230| 306| 191| 174|
 06| 183| 215| 260| 322| 381| 345| 420| 424| 333| 230| 331| 313| 380| 470| 186| 175| 454| 179| 128| 174| 192| 167| 384| 126|
 07| 198| 222| 520|1276|1662| 233| 275| 282| 493| 379| 276| 508| 420| 531|1691|1995|2489|1823|2282|2165|2083|2063| 772| 254|
 08| 119| 150| 124| 161| 139| 159| 199| 240| 222| 178| 230| 293| 252| 312| 226| 220| 124| 311| 102| 186| 190| 168| 163| 236|
 09| 247| 845| 532|1132|1367|1548| 761|1607|2535|3387|2442|2452|2646| 882| 325| 205| 358| 124| 123| 136| 200| 165| 152| 115|
 10| 130| 121| 155| 136| 143| 162| 132| 152| 152| 208| 194| 157| 231| 170|  98| 103|  67| 113| 102| 103|  98| 104| 103| 115|
 11| 125| 117| 152| 128| 136| 135| 131| 153| 184| 194| 240| 143| 139| 181| 141| 140|  96|  90| 226| 140| 272| 371| 269| 259|
 12| 126| 161| 193| 170| 153| 127| 178| 205| 242| 299| 329| 274| 191| 222| 134| 207| 127| 188| 134| 130| 249| 243| 169| 111|
 13| 111| 141| 158| 175| 286| 241| 257| 279| 118|  60|  29|  17|  28|  14|  99| 118| 139| 128|  97|  95| 106| 125| 145| 104|
 14| 135| 128| 124| 144| 162| 142| 144| 202| 269| 546|2376|3302|2392|3342|3540|1916|2487|3308|3491|3574|3415|3562|3564|3573|
 15|3558|3573|3466|3537|3552|3514|3569|3041|1705|1044|1369|1381|1572|1090| 731| 501| 275| 178| 155| 186| 127| 140| 159| 123|
 16| 140| 137| 149| 145| 157| 191| 194| 163| 186| 224| 224| 201| 349| 154| 124| 191| 110|  81| 111| 152|  80| 103| 203| 120|
 17| 128| 107| 114| 164| 109| 158| 167| 142| 285| 189| 139| 161| 128| 157|  98|  60|  83|  95|  70| 125| 235| 263| 168| 289|
 18| 131| 182| 282|  83|  70|  74|  86| 116| 105|  90| 107|  83|  76|  89| 127|  77|  77|  58|  67|  55|  64|  71|  63|  93|
 19| 103| 149| 116| 112| 137|  82| 138| 125| 121| 102| 126| 133| 119| 124|  89|  71|  47|  65|  94|  82| 103|  93| 130|  93|
 20|  65|  96| 124| 113| 113|  88| 100| 127| 206| 143| 110| 114| 114| 123| 240|  98|  97| 129| 110| 101|  90|  55| 103|  76|
 21|  91| 108| 190| 144| 162| 195| 123| 317| 285| 168| 144| 222| 103| 102|  81| 245| 104|  81| 137| 146|  75|  48|  98|  77|
 22|  94|  82|  96| 145| 156| 129| 154| 115| 110| 122| 107| 121|  78| 121| 101| 318| 854| 299| 125| 170| 173| 185| 127|  80|
 23| 109|  80|  74|  84|  80|  64|  58|  52|  51|  40|  48|  37|  38|  46| 107| 358|  1 |  5 |  4 |  5 |  8 |  32|  58|  99|
 24|  26|  70| 126| 181| 120| 181| 141| 248| 254| 149| 230| 175| 273| 382|  83| 152| 181| 232| 125| 158| 156| 107|  70|  83|
 25|  62|  97|  93| 139| 157| 145| 170| 196| 141| 196| 211| 144| 154| 151|  76|  97| 100|  63|  78|  70|  88| 125| 124| 149|
 26| 114| 113| 143| 125| 175| 153| 143| 233| 134| 107| 175| 238| 259| 149|  93|  96|  74| 132|  83| 130| 102| 102|  91|  71|
 27| 101| 125| 148| 174| 192| 191| 152| 170| 141| 221| 160| 163| 193| 165| 114|  72|  67|  90|  98| 106| 137| 107|  83| 180|
 28| 111| 123| 118| 194| 148| 162| 227| 157| 184| 234| 176| 206| 159| 142| 106| 217| 302| 305| 134| 149|1776|2691|2352|1921|
 29| 107| 141| 148| 184| 176| 154| 183| 178| 222| 230| 180| 191| 212| 172| 147| 121| 184| 167| 101| 569|1322|3340|3550|3441|
 30| 784| 124| 129| 216| 200| 208| 204| 321| 458| 574| 274| 344| 209| 294| 373|1402| 194|  93|  73| 108| 196| 204| 161| 142|
 31|??? |??? |??? |??? |??? |??? |??? |??? |??? |??? |??? |??? |??? |??? |??? |??? |??? |??? |??? |??? |??? |??? |??? |??? |
[Observer]Lockyer_Observatory
[Country]United Kingdom 
[City]Sidmouth
[Longitude]003°1307
[Latitude]050°4116
[Frequencies]
[Antenna]Quad Yagi
[Azimut Antenna]135
[Elevation Antenna]0
[Pre-Amplifier]None
[Receiver]ICOM IC-706 MKIIG
[Observing Method]HROFFT10dB Length Datas
[Remarks]winxp
