oct| 00h| 01h| 02h| 03h| 04h| 05h| 06h| 07h| 08h| 09h| 10h| 11h| 12h| 13h| 14h| 15h| 16h| 17h| 18h| 19h| 20h| 21h| 22h| 23h|
 01|  21|  41|  37|  31|  43|  29|  24|  28|  25|  27|  40|  30|  42|  20|  24|  11|  12|  19|  20|  19|  15|  19|  22|  21|
 02|  21|  21|  19|  41|  25|  22|  28|  37|  23|  22|  36|  40|  26|  34|  19|  26|  11|  17|  20|  14|  22|  13|  12|  13|
 03|  33|  20|  20|  28|  34|  26|  29|  32|  36|  18|  35|  44|  17|  23|  24|  12|  17|  28|  12|  22|  10|  18|  14|  10|
 04|  21|  16|  20|  22|  35|  30|  46|  31|  20|  34|  49|  23|  21|  28|  21|  16|  14|  16|  13|  26|  12|  24|  21|  24|
 05|  24|  24|  24|  24|  14|  22|  37|  16|  18|  25|  23|  26|  21|  22|  39|  73|  22|  43|  14|  14|  14|  22|  9 |  19|
 06|  25|  29|  29|  40|  30|  34|  27|  58|  46|  25|  31|  40|  52|  32|  47|  26|  15|  23|  16|  22|  21|  28|  23|  33|
 07|  16|  41|  32|  36|  34|  31|  25|  49|  21|  34|  80|  53|  24|  22|  22|  19|  30| 535| 273|  25|  26|  22|  30|  23|
 08|  40|  38|  33|  38|  31|  59|  55|  26|  28|  25|  25|  34|  36|  38|  25|  36|  68|  85|  23|  22|  26|  23|  37|  43|
 09|  29|  25|  53|  45|  57|  48|  58|  59|  47|  40|  49|  61|  43|  40|  78|  32|  26|  31|  21|  19|  19|  17|  26|  37|
 10|  54|  43|  52|  93|  49|  43|  80|  53|  41|  39|  77|  51|  46|  66|  57|  43|  58|  22|  52|  29|  23|  28|  18|  29|
 11|  37|  42|  43|  59|  41|  35|  41|  22|  45|  30|  42|  39|  35|  49|  31|  28|  61|  23|  48|  28|  26|  29|  35|  37|
 12|  50|  68|  60|  66|  57|  60|  29|  60|  16|  36|  50|  47|  41|  37|  36|  35|  21|  28|  12|  35|  19|  5 |  26|  42|
 13|  24|  48|  31|  35|  25|  28|  27|  23|  18|  26|  23|  24|  36|  21|  33|  27|  18|  15|  25|  21|  27|  36|  33|  22|
 14|  29|  39|  60|  59|  30|  42|  42|  27|  55|  24|  39|  38|  39|  34|  45|  38|  34|  19|  27|  22|  23|  24|  27|  22|
 15|  46|  47|  47|  67|  36|  44|  31|  0 |  0 |  0 |  0 |  1 |  12|  44|  24|  19|  13|  18|  32|  33|  23|  16|  24|  28|
 16|  40|  33|  52|  49|  21|  68|  24|  0 |  0 |  0 |  0 |  0 |  5 |  20|  17|  19|  22|  21|  14|  31|  38|  20|  19|  48|
 17|  43|  24|  46|  34|  31|  27|  40|  29|  27|  25|  64|  45|  36|  31|  20|  17|  18|  23|  13|  23|  26|  17|  35|  26|
 18|  33|  53|  72|  55|  30|  74|  43|  52| 117|  50|  45|  31|  37|  38|  33|  21|  30|  21|  24|  26|  15|  21|  24|  27|
 19|  49|  56|  50|  41|  60|  62|  82|  79|  40|  31|  57|  42|  32|  31|  22|  26|  13|  27|  17|  15|  19|  25|  22|  18|
 20|  19|  39|  23| 102|  64|  22|  28|  56|  36|  29|  38|  19|  18|  13|  11|  0 |  0 |  1 |  0 |  0 |  0 |  0 |  0 |  0 |
 21|  0 |  0 |  0 |  0 |  0 |  0 |  0 |  0 |  0 |  0 |  0 |  0 |  18|  15|  17|  18|  15|  13|  11|  25|  12|  6 |  13|  78|
 22|  15|  34|  32|  38|  27|  20|  25|  29|  15|  31|  18|  32|  19|  25|  22|  14|  10|  12|  14|  21|  13|  14|  16|  19|
 23|  18|  48|  47|  31|  37|  33|  83|  40|  17|  27|  23|  26|  17|  29|  23|  8 |  6 | 725| 148|  15|  15|  40|  83|  8 |
 24|  19|  67|1079|2226| 237| 359| 675|2097|1958| 690| 282|1329|1907| 730|1519|  94| 472| 693| 437| 431|  23|  15|  30|  36|
 25|  35|  27|  24|  27|  24|  33|  96| 125| 202| 136| 498| 532|  43|  26|  6 |  10|  14|  15|  24|  16|  19|  23|  28|  25|
 26|  34|  33|  21|  32|  17|  25|  33|  42|  44|  24|  28|  17|  21|  12|  17|  11|  17|  13|  22|  11|  20|  12|  20|  17|
 27|  26|  31|  33|  30|  49|  38|  36|  38|  39|  46|  33|  29|  28|  36|  22|  26|  22|  17|  21|  24|  23|  16|  21|  24|
 28|  29|  33|  40|  42|  32|  47|  81|  55|  34|  31|  36| 106|  23|  29|  24|  28|  16|  21|  19|  32|  19|  16|  14|  20|
 29|  23|  26|  27|  32|  17|  36|  32|  53|  23|  30|  20|  28|  23|  30|  19|  12|  14|  11|  26|  22|  27|  12|  19|  22|
 30|  47|  28|  38|  26|  36|  23|  28|  15|  32|  32|  20|  20|  26|  25|  27|  19|  17|  16|  16|  25|  32|  31|  28|  28|
 31|  29|  29|  32|  18|  39|  27|  44|  30|  67|  38|  18|  12|  38|  23|  12|  16|  18|  11|  13|  38|  21|  25|  26|  19|
[Observer]Lockyer_Observatory
[Country]United Kingdom 
[City]Sidmouth
[Longitude]003°1307
[Latitude]050°4116
[Frequencies]
[Antenna]Quad Yagi
[Azimut Antenna]135
[Elevation Antenna]0
[Pre-Amplifier]None
[Receiver]ICOM IC-706 MKIIG
[Observing Method]HROFFT20dB Length Datas
[Remarks]winxp
