jul| 00h| 01h| 02h| 03h| 04h| 05h| 06h| 07h| 08h| 09h| 10h| 11h| 12h| 13h| 14h| 15h| 16h| 17h| 18h| 19h| 20h| 21h| 22h| 23h|
 01|??? |??? |??? |??? |??? |??? |??? |??? |??? |??? |??? |??? |??? |??? |??? |??? |??? |??? |??? |??? |??? |??? |??? |??? |
 02|??? |??? |??? |??? |??? |??? |??? |??? |??? |??? |??? |??? |??? |??? |??? |??? |??? |??? |??? |??? |??? |??? |??? |??? |
 03|??? |??? |??? |??? |??? |??? |??? |??? |??? |??? |??? |??? |??? |??? |??? |??? |??? |??? |??? |??? |??? |??? |??? |??? |
 04|??? |??? |??? |??? |??? |??? |??? |??? |??? |??? |??? |??? |??? |??? |??? |??? |??? |??? |??? |??? |??? |??? |??? |??? |
 05|??? |??? |??? |??? |??? |??? |??? |??? |??? |??? |??? |??? |??? |??? |??? |??? |??? |??? |??? |??? |??? |??? |??? |??? |
 06|??? |??? |??? |??? |??? |??? |??? |??? |??? |??? |??? |??? |??? |??? |??? |??? |??? |??? |??? |??? |??? |??? |??? |??? |
 07|??? |??? |??? |??? |??? |??? |??? |??? |??? |??? |??? |??? |??? |??? |??? |??? |??? |??? |??? |??? |??? |??? |??? |??? |
 08|  0 |  0 |  0 |  0 |  0 |  0 |  0 |  0 |  0 |  2 |  6 |  10|  24|  7 | 105|  65|  10|  13|  9 |  9 |  17|  13|  9 |  15|
 09|  13|  7 |  17|  35|  22|  19|  19|  15|  12|  10|  14|  7 |  15|  10|  22|  21|  9 |  17|  10|  10|  7 |  10|  15|  16|
 10|  17|  16|  36|  21|  18|  20|  24|  24|  18|  17|  19|  22|  37|  19|  37|  16|  20|  4 |  4 |  11|  11|  11|  23|  18|
 11|  21|  34|  22|  15|  32|  27|  21|  27|  17|  17|  23|  19|  19|  10|  10|  21|  8 |  13|  8 |  6 |  4 |  10|  14|  23|
 12|  24|  19|  22|  36|  24|  26|  36|  33|  12|  13|  20|  12|  16|  10|  8 |  18|  6 |  17|  16|  6 |  10|  7 |  8 |  17|
 13|  19|  20|  16|  26|  20|  17|  26|  13|  21|  14|  10|  14|  14|  11|  4 |  9 |  10|  13|  5 |  4 | 208|  66|  4 |  4 |
 14|  12|  10|  8 |  11|  10|  13|  10|  4 |  12|  9 |  19|  14|  51|  27|  25|  25|  18|  26|  35|  19|  22|  14|  30|  25|
 15|  30|  33|  31|  28|  43|  36|  27|  66|  42|  24|  45|  44|  15|  0 |  3 |  8 |  6 |  2 |  2 |  5 |  0 |  1 |  2 |  2 |
 16|  4 |  5 |  6 |  2 |  9 |  3 |  6 |  4 |  4 |  7 |  3 |  4 |  0 |  1 |  3 |  0 |  0 |  0 |  2 |  2 |  5 |  3 |  3 |  3 |
 17|  2 |  3 |  1 |  12|  2 |  9 |  2 |  5 |  1 |  2 |  2 |  2 |  10|  1 |  3 |  5 |  7 |  9 |  3 |  2 |  2 |  5 |  5 |  8 |
 18|  4 |  6 |  14|  3 |  7 |  10|  10|  3 |  1 |  5 |  3 |  6 |  3 |  4 |  7 |  7 |  2 |  2 |  1 |  1 |  0 |  7 |  6 |  3 |
 19|  3 |  7 |  6 |  1 |  7 |  16|  4 |  5 |  3 |  4 |  4 |  2 |  3 |  4 |  0 |  4 |  3 |  5 |  1 |  2 |  1 |  1 |  0 |  6 |
 20|  6 |  9 |  11|  7 |  13|  10|  5 |  6 |  6 |  1 |  3 |  2 |  0 |  2 |  2 |  0 |  3 |  2 |  3 |  3 |  2 |  2 |  3 |  3 |
 21|  4 |  3 |  2 |  5 |  5 |  22|  3 |  4 |  3 |  15|  4 |  4 |  7 |  6 |  6 |  5 |  2 |  8 |  1 |  4 |  4 |  6 |  3 |  8 |
 22|  3 |  8 |  9 |  2 |  5 |  5 |  17|  4 |  6 |  2 |  6 |  1 |  6 |  4 |  4 |  4 |  3 |  1 |  1 |  0 |  3 |  3 |  3 |  2 |
 23|  6 |  6 |  3 |  2 |  6 |  9 |  9 |  5 |  10|  0 |  4 |  1 |  7 |  3 |  3 |  7 |  1 |  2 |  3 |  0 |  2 |  4 |  4 |  6 |
 24|  7 |  8 |  6 |  12|  5 |  0 |  6 |  5 |  0 |  0 |  2 |  2 |  1 |  5 |  1 |  2 |  3 |  1 |  6 |  8 |  1 |  5 |  4 |  9 |
 25|  13|  6 |  4 |  8 |  12|  9 |  5 |  2 |  1 |  3 |  3 |  14|  4 |  2 |  4 |  0 |  3 |  4 |  3 |  3 |  3 |  6 |  1 |  1 |
 26|  9 |  11|  6 |  12|  6 |  4 |  0 |  5 |  6 |  8 |  2 |  4 |  3 |  1 |  1 |  11|  0 |  0 |  0 |  2 |  5 |  2 |  7 |  10|
 27|  5 |  16|  6 |  9 |  14|  7 |  2 |  4 |  2 |  1 |  0 |  3 |  7 |  3 |  1 |  2 |  0 |  1 |  0 |  5 |  3 |  3 |  10|  6 |
 28|  6 |  12|  8 |  5 |  5 |  5 |  1 |  13|  0 |  2 |  0 |  0 |  0 |  0 |  0 |  0 |  0 |  0 |  9 |  3 |  6 |  10|  19|  36|
 29|  17|  21|  24|  21|  21|  21|  23|  5 |  25|  17|  22|  9 |  10|  10|  8 |  13|  22|  3 |  14|  8 |  7 |  3 |  6 |  13|
 30|  17|  25|  39|  13|  46|  25|  16|  4 |  15|  5 |  18|  2 |  13|  13|  10|  7 |  9 |  6 |  4 |  9 |  13|  6 |  15|  11|
 31|  21|  26|  47|  27|  26|  22|  19|  38|  23|  12|  28|  20|  5 |  7 |  6 |  14|  3 |  6 |  7 |  16|  4 |  9 |  6 |  27|
[Observer]Lockyer_Observatory
[Country]United Kingdom 
[City]Sidmouth
[Longitude]003°1307
[Latitude]050°4116
[Frequencies]
[Antenna]Quad Yagi
[Azimut Antenna]135
[Elevation Antenna]0
[Pre-Amplifier]None
[Receiver]ICOM IC-706 MKIIG
[Observing Method]HROFFT20dB Length Datas
[Remarks]winxp
