sep| 00h| 01h| 02h| 03h| 04h| 05h| 06h| 07h| 08h| 09h| 10h| 11h| 12h| 13h| 14h| 15h| 16h| 17h| 18h| 19h| 20h| 21h| 22h| 23h|
 01|??? |??? |??? |??? |??? |??? |??? |??? |??? |??? |??? |??? |??? |??? |??? |??? |??? |??? |??? |??? |??? |??? |??? |??? |
 02|  0 |  0 |  0 |  0 |  0 |  0 |  0 |  0 |  0 |  0 |  0 |  0 |  0 |  0 |  0 |  0 |  0 |  0 |  0 |  13|  14|  23|  13|  12|
 03|  28|  18|  23|  14|  22|  25|  14|  32| 135|  31|  22|  29|  29|  14|  18|  27|  31|  20|  16|  11|  12|  14|  24|  19|
 04|  23|  20|  30|  18|  26|  21|  21|  16|  24|  34|  11|  17|  19|  20|  17|  18|  18|  15|  17|  14|  10|  19|  8 |  12|
 05|  24|  21|  30|  19|  25|  20|  14|  9 |  22|  16|  15|  15|  19|  29|  20|  15|  18|  19|  14|  15|  8 |  14|  13|  8 |
 06|  18|  23|  20|  13|  15|  20|  21|  27|  14|  13|  27|  10|  17|  26|  11|  15|  14|  17|  10|  15|  16|  20|  28|  20|
 07|  22|  18|  17|  19|  22|  22|  59|  16|  30|  20|  20|  23|  16|  18|  32|  32|  19|  15|  24|  14|  22|  10|  7 |  14|
 08|  14|  26|  16|  9 |  16|  49|  23|  28|  20|  47|  11|  30|  21|  23|  11|  23|  12|  11|  9 |  17|  13|  15|  10|  20|
 09|  24|  14|  22|  20|  31|  20|  12|  47|  20|  15|  21|  28|  14|  11|  14|  13|  14|  15|  8 |  11|  7 |  5 |  15|  15|
 10|  35|  17|  18|  8 |  12|  15|  15|  18|  8 |  21|  13|  17|  11|  14|  4 |  9 |  9 |  11|  4 |  4 |  10|  18|  10|  19|
 11|  19|  21|  22|  11|  18|  23|  52|  14|  26|  33|  14|  27|  10|  18|  14|  14|  21|  13|  27|  12|  12|  13|  16|  21|
 12|  20|  9 |  26|  13|  18|  18|  14|  12|  13|  28|  23|  20|  15|  5 |  17|  16|  16|  13|  13|  16|  12|  17|  23|  10|
 13|  12|  17|  21|  13|  16|  25|  13|  15|  21|  17|  15|  26|  18|  31|  16|  17|  19|  14|  6 |  20|  12|  4 |  13|  13|
 14|  11|  14|  13|  9 |  13|  30|  8 |  43|  21|  18|  11|  35|  12|  16|  12|  14|  3 |  19|  11|  15|  15|  12|  8 |  22|
 15|  16|  20|  22|  24|  15|  14|  18|  20|  7 |  13|  15|  21|  16|  40|  12|  24|  12|  7 |  4 |  9 |  4 |  9 |  9 |  15|
 16|  13|  27|  13|  16|  28|  25|  21|  26|  20|  7 |  19|  10|  13|  17|  19|  13| 101|  9 |  5 |  0 |  0 |  0 |  0 |??? |
 17|??? |??? |??? |??? |??? |??? |??? |??? |??? |??? |??? |??? |??? |??? |??? |??? |??? |??? |??? |??? |??? |??? |??? |??? |
 18|??? |??? |??? |??? |??? |??? |??? |??? |??? |??? |??? |??? |??? |??? |??? |??? |??? |??? |??? |??? |??? |??? |??? |??? |
 19|??? |??? |??? |??? |??? |??? |??? |??? |??? |??? |??? |??? |??? |??? |??? |??? |??? |??? |??? |??? |??? |??? |??? |??? |
 20|??? |??? |??? |??? |??? |??? |??? |??? |??? |??? |??? |??? |??? |??? |??? |??? |??? |??? |??? |??? |??? |??? |??? |??? |
 21|??? |??? |??? |??? |??? |??? |??? |??? |??? |??? |??? |??? |??? |??? |??? |??? |??? |??? |??? |??? |??? |??? |??? |??? |
 22|??? |??? |??? |??? |??? |??? |??? |??? |??? |??? |??? |??? |??? |??? |??? |??? |??? |??? |??? |??? |??? |??? |??? |??? |
 23|  0 |  0 |  0 |  0 |  0 |  0 |  0 |  0 |  0 |  0 |  0 |  0 |  0 |  0 |  0 |  0 |  0 |  0 |  14|  15|  9 |  9 |  11|  10|
 24|  18|  17|  27|  32|  19|  13|  18|  15|  28|  23|  42|  17|  20|  17|  17|  14|  22|  13|  6 |  17|  13|  40|  12|  10|
 25|  17|  24|  19|  14|  17|  26|  20|  12|  12|  21|  13|  20|  11|  17|  15|  16|  10|  15|  14|  23|  11|  13|  13|  12|
 26|  14|  13|  20|  20|  23|  26|  23|  16|  17|  35|  22|  24|  20|  32|  33|  11|  9 |  11|  17|  15|  16|  12|  18|  7 |
 27|  17|  14|  32|  12|  21|  13|  22|  16|  36|  19|  9 |  22|  23|  19|  31|  14|  15|  10|  19|  24|  15|  8 |  15|  15|
 28|  8 |  29|  72| 105|1300|2421|3236|3270|1626|2649|1977|1469|  39|  24|  11|  11|  14|  9 |  16|  6 |  26|1581| 759| 247|
 29|  14|  26|  14|  17|  32|  15|  23|  23|  21|  39|  14|  15|  19|  24|  22|  8 |  10|  24|  7 |  6 |  9 |  5 |  5 |  7 |
 30|  3 |  11|  8 |  18|  8 |  36|  8 |  10|  15|  35|  20|  25|  20|  17|  11|  8 |  13|  8 |  22|  12|  18|  4 |  9 |  13|
 31|??? |??? |??? |??? |??? |??? |??? |??? |??? |??? |??? |??? |??? |??? |??? |??? |??? |??? |??? |??? |??? |??? |??? |??? |
[Observer]Lockyer_Observatory
[Country]United Kingdom 
[City]Sidmouth
[Longitude]003°1307
[Latitude]050°4116
[Frequencies]
[Antenna]Quad Yagi
[Azimut Antenna]135
[Elevation Antenna]0
[Pre-Amplifier]None
[Receiver]ICOM IC-706 MKIIG
[Observing Method]HROFFT20dB Length Datas
[Remarks]Windows 7
