jul| 00h| 01h| 02h| 03h| 04h| 05h| 06h| 07h| 08h| 09h| 10h| 11h| 12h| 13h| 14h| 15h| 16h| 17h| 18h| 19h| 20h| 21h| 22h| 23h|
 01|  0 |  0 |  0 |  0 |  0 |  0 |  0 |  0 |  0 |  0 |  0 |  0 |  0 |  0 |  22| 168| 116| 102|  92| 156| 142| 102| 133| 115|
 02| 106| 145| 138| 155| 180| 266| 191| 172| 198| 156| 179| 203| 162| 136| 275| 179|  99|  94| 118|  85| 112|  93| 147| 155|
 03| 157| 146| 191| 156| 218| 293| 306| 258| 236| 212| 241| 294| 253| 264| 204| 212| 156| 142| 186| 143| 150| 156| 121| 151|
 04| 121| 152| 149| 222| 248| 321| 340| 503| 552| 492| 466| 499| 400| 465| 328| 306| 294| 331| 279| 413| 400| 322| 232| 203|
 05| 210| 231| 286| 334| 350| 403| 334| 559| 362| 347| 490| 309| 335| 309| 284| 310| 249| 239| 168| 319| 277| 435| 303| 204|
 06| 224| 297| 315| 512| 517| 610| 531| 286| 188| 234| 267| 353| 469| 400| 440| 318| 375| 407| 261| 518| 512| 334| 318| 261|
 07| 393| 296| 335|1153| 823| 618| 826| 480| 251| 129| 730| 562|1153| 502| 131| 138| 110| 133| 154| 200| 172| 210| 127| 148|
 08| 158| 143| 168| 172| 230| 336| 384| 495| 752| 463| 314| 492| 351| 273| 263| 314| 281| 177| 197| 327| 348| 233| 251| 254|
 09| 284| 959|2486|3025|2899|3368|3229|3537|3361|2970|3306|3104|2226| 525| 360| 412| 227| 302| 385| 388| 452| 406| 502| 282|
 10| 297| 315| 243| 263| 367| 494| 609| 477| 361| 409| 477| 323| 320| 260| 363| 276| 248| 281| 243| 261| 371| 281| 287| 247|
 11| 277| 247| 298| 365| 429| 357| 281| 356| 286| 330| 319| 273| 198| 315| 208| 328| 207| 175| 158| 186| 172| 248| 180| 157|
 12| 210| 183| 217| 252| 344| 311| 283| 392| 279| 340| 291| 261| 297| 299| 278| 248| 230| 212| 203| 273| 256| 262| 247| 232|
 13| 303| 224| 314| 436| 417| 466| 411| 407| 366| 316| 318| 262| 212| 189| 177| 164| 204| 190| 165| 215| 277| 274| 216| 271|
 14| 289| 248| 254| 249| 287| 424| 436| 369| 310| 249| 321| 300| 297| 240| 192| 201| 205| 195| 129| 301| 278| 267| 240| 228|
 15| 309| 258| 232| 343| 343| 439| 520| 411| 352| 375| 254| 298| 293| 274| 256| 237| 232| 174| 210| 213| 283| 206| 219| 264|
 16| 233| 273| 311| 278| 336| 311| 328| 347| 346| 291| 208| 277| 350| 243| 169| 201| 180| 170| 206| 314| 299| 263| 241| 233|
 17| 261| 263| 285| 247| 348| 362| 315| 403| 315| 281| 266| 236| 172| 210| 216| 182| 147| 130| 150| 266| 209| 272| 311| 189|
 18| 218| 234| 259| 321| 558| 399| 273| 339| 199| 248| 390| 245| 153| 125| 142| 138| 125| 106| 115| 158| 231| 166| 158| 190|
 19| 215| 214| 240| 252| 276| 270| 417| 545| 252| 158| 156| 138| 143| 116| 149| 220| 160|  68|  90| 119| 120| 119| 151| 143|
 20| 151| 164| 186| 245| 306| 236| 253| 339| 213| 241| 135| 225| 169| 146| 109| 111|  86| 108| 122| 169| 202| 143| 131| 152|
 21| 203| 197| 188| 932|1002| 413| 291| 350| 229| 216| 191| 193| 212| 169| 161| 133| 104|  86|  98| 166| 188| 138| 182| 167|
 22| 196| 199| 245| 293| 235| 436| 304| 299| 297| 256| 237| 219| 257| 221| 203| 140| 162| 183| 424| 233| 282| 202| 177| 300|
 23| 230| 234| 945| 243| 271| 292| 231| 279| 265| 226| 200| 188| 224| 199| 137| 195| 236| 152| 185| 220|1104|  92| 168| 216|
 24| 288| 197| 264| 270| 248| 285| 304| 367| 349| 239| 242| 180| 240| 284| 380| 241| 224| 226| 210| 268| 242| 178| 212| 164|
 25| 191| 228| 211| 345| 239| 387| 253| 337| 228| 232| 171| 231| 184| 157| 132| 141| 169| 113| 132| 142| 158| 146| 147| 153|
 26| 222| 252| 290| 279| 311| 286| 239| 282| 286| 411| 298| 411| 444| 324| 397| 273| 429| 337| 275| 351| 394| 276| 334| 247|
 27| 320| 299| 443| 405| 497| 450| 444| 482| 549| 306| 403| 261| 246| 204| 144| 124| 134| 161| 128| 216| 294| 212| 212| 314|
 28| 359| 243| 219| 280| 296| 509| 382| 523| 347| 295| 312| 481| 418| 170| 296| 576| 589| 493| 417| 432| 377| 209| 205| 180|
 29| 259| 305| 303| 315| 353| 292| 501| 609| 274| 587| 498| 231| 376| 213| 249| 178| 152| 164| 223| 268| 244| 284| 378| 150|
 30| 221| 217| 222| 277| 255| 368| 290| 344| 209| 174| 222| 180| 139| 211| 161| 156| 152| 144| 160| 634| 178| 197|2064| 188|
 31| 192| 200| 220| 242| 273| 370| 335| 295| 283| 291| 158| 180| 167| 156| 150| 113| 119| 131| 151| 175| 191| 150| 196| 179|
[Observer]Lockyer_Observatory
[Country]United Kingdom 
[City]Sidmouth
[Longitude]003°1307
[Latitude]050°4116
[Frequencies]
[Antenna]Quad Yagi
[Azimut Antenna]135
[Elevation Antenna]0
[Pre-Amplifier]None
[Receiver]ICOM IC-706 MKIIG
[Observing Method]HROFFT10dB Length Datas
[Remarks]Windows 7
