jul| 00h| 01h| 02h| 03h| 04h| 05h| 06h| 07h| 08h| 09h| 10h| 11h| 12h| 13h| 14h| 15h| 16h| 17h| 18h| 19h| 20h| 21h| 22h| 23h|
 01|  0 |  0 |  0 |  0 |  0 |  0 |  0 |  0 |  0 |  0 |  0 |  0 |  0 |  0 |  4 |  32|  11|  15|  15|  13|  13|  20|  28|  26|
 02|  18|  22|  22|  30|  34|  44|  40|  33|  24|  14|  24|  53|  39|  37|  54|  40|  16|  29|  17|  12|  18|  20|  18|  31|
 03|  27|  46|  48|  23|  39|  49|  58|  35|  45|  28|  29|  26|  63|  42|  39|  25|  25|  24|  16|  23|  29|  24|  24|  37|
 04|  28|  38|  29|  40|  57|  48|  71|  56|  55|  80|  49|  41|  38|  43|  32|  31|  39|  26|  29|  26|  23|  47|  45|  43|
 05|  42|  41|  54|  59|  73|  54|  82|  69|  45|  43|  48|  59|  57|  74|  40|  33|  54|  31|  26|  33|  35|  41|  38|  39|
 06|  47|  77|  54|  65|  76|  74|  68|  32|  10|  27|  15|  43|  82|  52|  43|  25|  26|  26|  24|  40|  30|  56|  56|  50|
 07|  47|  47|  53|  57| 100|  60|  58|  38|  28|  9 |  29|  26|  24|  27|  20|  26|  11|  29|  25|  22|  20|  34|  20|  27|
 08|  29|  30|  45|  32|  34|  64|  71|  59|  60|  56|  51|  53|  41|  33|  31|  34|  41|  28|  33|  38|  42|  23|  52|  40|
 09|  35| 129| 637| 940| 772|1180| 975|2495|1658| 537|1035| 645| 175|  38|  43|  46|  26|  51|  44|  35|  37|  38|  43|  42|
 10|  45|  49|  45|  36|  65|  75|  50|  60|  64|  29|  27|  44|  34|  39|  35|  25|  34|  25|  36|  25|  40|  27|  32|  41|
 11|  61|  52|  55|  57|  67|  39|  44|  47|  30|  21|  25|  27|  15|  39|  30|  26|  21|  23|  25|  25|  17|  29|  31|  29|
 12|  33|  35|  42|  41|  56|  51|  41|  62|  22|  36|  32|  49|  39|  50|  33|  25|  33|  45|  34|  29|  35|  48|  43|  33|
 13|  55|  50|  61|  60|  89|  62|  55|  59|  59|  47|  34|  30|  24|  33|  26|  38|  35|  33|  33|  28|  47|  29|  40|  57|
 14|  80|  45|  52|  38|  52|  67|  57|  61|  75|  28|  33|  40|  37|  57|  35|  34|  28|  22|  26|  28|  31|  40|  33|  47|
 15| 131|  41|  45|  70|  67|  67|  63|  56|  46|  46|  43|  41|  30|  32|  37|  40|  31|  16|  37|  29|  27|  43|  32|  37|
 16|  47|  55|  49|  48|  55|  62|  70|  60|  36|  33|  38|  23|  49|  35|  39|  29|  28|  31|  35|  26|  31|  48|  31|  43|
 17|  50|  63|  75|  73|  72|  82|  48|  47|  36|  45|  41|  44|  30|  27|  39|  37|  22|  25|  24|  34|  30|  39|  34|  26|
 18|  55|  54|  56|  61|  79|  42|  48|  47|  24|  27|  99|  31|  21|  27|  21|  21|  15|  21|  21|  23|  21|  27|  33|  44|
 19|  55|  42|  55|  63|  56|  37|  57|  34|  38|  18|  30|  18|  22|  20|  13|  10|  13|  15|  14|  15|  16|  17|  21|  32|
 20|  32|  42|  27|  36|  36|  39|  18|  53|  28|  16|  15|  31|  27|  28|  13|  19|  13|  17|  21|  21|  34|  31|  30|  31|
 21|  40|  35|  34|  36|  44|  48|  35|  54|  25|  19|  28|  22|  35|  30|  26|  27|  14|  19|  19|  17|  22|  19|  26|  39|
 22|  39|  51|  66|  49|  33|  86|  52|  37|  63|  26|  33|  39|  29|  27|  23|  22|  36|  22|  56|  25|  32|  36|  29|  40|
 23|  49|  55|  50|  51|  56|  35|  47|  45|  49|  32|  32|  29|  36|  25|  24|  25|  25|  19|  28|  21|  32|  19|  24|  36|
 24|  59|  37|  73|  42|  35|  39|  29|  50|  20|  23|  30|  25|  25|  33|  29|  23|  25|  17|  17|  21|  22|  29|  36|  37|
 25|  45|  42|  46|  70|  50|  60|  34|  39|  27|  36|  18|  18|  17|  32|  20|  22|  27|  15|  25|  8 |  23|  27|  37|  34|
 26|  47|  57|  57|  49|  83|  64|  27|  36|  36|  43|  42|  56|  33|  30|  38|  34|  40|  30|  30|  48|  32|  38|  75|  54|
 27|  90| 111| 159|  83|  94|  70| 104|  66|  37|  34|  48|  29|  20|  43|  23|  33|  30|  23|  21|  18|  21|  29|  47| 111|
 28|  92|  66|  54|  78|  55|  46|  42|  71|  57|  56|  21|  38|  63|  26|  20|  35|  42|  28|  28|  25|  40|  34|  43|  29|
 29|  59| 124|  72|  61|  65|  48|  59|  64|  17|  36|  46|  25|  26|  29|  28|  25|  18|  15|  10|  16|  29|  31|  70|  35|
 30|  60|  75|  46|  71|  56|  46|  51|  58|  45|  14|  18|  21|  20|  20|  29|  29|  21|  23|  15|  17|  17|  25|  32|  54|
 31|  38|  59|  41|  41|  61|  32|  36|  36|  35|  39|  27|  27|  23|  21|  23|  18|  18|  17|  21|  27|  29|  22|  71|  33|
[Observer]Lockyer_Observatory
[Country]United Kingdom 
[City]Sidmouth
[Longitude]003°1307
[Latitude]050°4116
[Frequencies]
[Antenna]Quad Yagi
[Azimut Antenna]135
[Elevation Antenna]0
[Pre-Amplifier]None
[Receiver]ICOM IC-706 MKIIG
[Observing Method]HROFFT20dB Length Datas
[Remarks]Windows 7
