sep| 00h| 01h| 02h| 03h| 04h| 05h| 06h| 07h| 08h| 09h| 10h| 11h| 12h| 13h| 14h| 15h| 16h| 17h| 18h| 19h| 20h| 21h| 22h| 23h|
 01|??? |??? |??? |??? |??? |??? |??? |??? |??? |??? |??? |??? |??? |??? |??? |??? |??? |??? |??? |??? |??? |??? |??? |??? |
 02|  0 |  0 |  0 |  0 |  0 |  0 |  0 |  0 |  0 |  0 |  0 |  0 |  0 |  0 |  0 |  0 |  0 |  0 |  0 | 120| 257| 131| 106|  79|
 03| 317| 563| 264| 240| 183| 281| 589|1195|1706|1331| 781| 715| 149|  77| 116| 110|  96|  91| 117| 147| 195|  73|  92|  74|
 04|  84|  91| 104| 120| 123| 168| 166| 172| 174| 170| 120| 133| 117| 129| 141|  90| 209| 205| 110| 189| 149| 132| 117| 149|
 05|  99| 135| 253|  86| 125| 149| 151| 207| 470| 533| 300| 224| 161| 133| 134| 109| 121| 166| 139| 162|  99| 105|  88|  72|
 06|  93|  93| 126| 120|  99| 213| 181| 194| 192| 130| 113| 154| 121| 134|  85| 114|  87| 108|  73| 195| 161| 236| 146|  97|
 07|  89| 120| 651| 188| 163| 198| 160| 190| 234| 257| 167| 204| 103| 127| 254| 208| 105| 110| 103| 140|  95|  73|  46|  68|
 08|  84|  93| 103|  79|  87| 173|  93| 197| 164| 148| 116| 204| 163|  98|  97| 136|  96|  88|  87| 146|  90|  83|  57|  60|
 09|  86|  72| 113|  95| 110| 186| 150| 174| 162| 108| 144| 147| 118| 101| 115| 403|  94|  86| 218| 211| 129|  59|  76|  53|
 10| 101|  66|  74|  60|  70|  55|  67|  93|  64|  71|  72|  77|  69|  77|  47|  51|  40|  38|  38|  78| 117| 116|  67|  80|
 11| 112| 103| 116| 122| 113| 158| 266| 156| 138| 137| 119| 119| 108| 129|  99| 148| 118| 106| 146| 138| 119|  69|  65|  84|
 12|  98|  82| 113|  91| 152| 153|  99| 129|  87| 107| 109| 134|  73|  91| 105| 111| 115| 136| 152|  86|  85| 109|  77|  72|
 13|  73|  98|  93| 132| 100| 223| 122| 177| 225| 199| 193| 162| 123| 201| 149| 122|  76|  63|  88| 123| 244|  89| 108|  78|
 14|  80|  71|  83|  86|  70| 168| 112| 135| 139| 101| 112| 126| 125| 116| 125| 131|  95| 100| 105| 128| 150| 113|  79|  67|
 15|  91|  80|  78|  77|  97| 110| 100| 142|  35|  78|  79| 115| 104| 120|  65|  76|  63|  57|  45|  46|  83| 116|  35|  65|
 16|  73|  74|  84|  67| 110| 117|  94| 110|  99|  91| 109|  58|  68|  64|  78|  65| 155|  52|  16|  0 |  0 |  0 |  0 |??? |
 17|??? |??? |??? |??? |??? |??? |??? |??? |??? |??? |??? |??? |??? |??? |??? |??? |??? |??? |??? |??? |??? |??? |??? |??? |
 18|??? |??? |??? |??? |??? |??? |??? |??? |??? |??? |??? |??? |??? |??? |??? |??? |??? |??? |??? |??? |??? |??? |??? |??? |
 19|??? |??? |??? |??? |??? |??? |??? |??? |??? |??? |??? |??? |??? |??? |??? |??? |??? |??? |??? |??? |??? |??? |??? |??? |
 20|??? |??? |??? |??? |??? |??? |??? |??? |??? |??? |??? |??? |??? |??? |??? |??? |??? |??? |??? |??? |??? |??? |??? |??? |
 21|??? |??? |??? |??? |??? |??? |??? |??? |??? |??? |??? |??? |??? |??? |??? |??? |??? |??? |??? |??? |??? |??? |??? |??? |
 22|??? |??? |??? |??? |??? |??? |??? |??? |??? |??? |??? |??? |??? |??? |??? |??? |??? |??? |??? |??? |??? |??? |??? |??? |
 23|  0 |  0 |  0 |  0 |  0 |  0 |  0 |  0 |  0 |  0 |  0 |  0 |  0 |  0 |  0 |  0 |  0 |  0 |  52| 116| 142| 104|  63|  58|
 24|  83|  93| 109| 177| 189| 266| 204| 185| 138| 168| 139| 108| 101| 133| 187| 206| 204| 104|  79| 104|  79| 117|  76|  64|
 25|  72|  86| 116| 157|  80| 150| 133| 147| 147| 120| 102|  96| 117|  75| 113|  83|  64|  73| 116| 156| 105|  70|  77|  70|
 26|  61|  67| 113| 115| 122| 147| 111| 134| 157| 153|  95| 133| 103| 166| 141|  77|  65|  65|  69|  67|  70|  81|  57|  59|
 27|  62|  72| 153|  87|  90| 163|  99| 123| 179| 195| 224| 187| 199| 171| 186| 128|  90| 121| 103| 429| 343| 231| 206| 220|
 28| 184| 991|1454|2065|3358|3547|3591|3596|3228|3477|3468|3318|1385| 707| 521| 540| 210| 123| 162| 712|1431|3427|2696|2467|
 29| 633| 266| 297|  83| 163| 163| 225| 378| 139| 193| 122| 127| 107| 132| 151|  86| 125| 155|  63|  33|  33|  39|  39|  40|
 30|  44|  44|  69|  68|  54| 100|  59|  77|  73| 116|  79|  95|  72|  72|  76|  65|  53|  53|  53|  41|  74|  38|  56|  56|
 31|??? |??? |??? |??? |??? |??? |??? |??? |??? |??? |??? |??? |??? |??? |??? |??? |??? |??? |??? |??? |??? |??? |??? |??? |
[Observer]Lockyer_Observatory
[Country]United Kingdom 
[City]Sidmouth
[Longitude]003°1307
[Latitude]050°4116
[Frequencies]
[Antenna]Quad Yagi
[Azimut Antenna]135
[Elevation Antenna]0
[Pre-Amplifier]None
[Receiver]ICOM IC-706 MKIIG
[Observing Method]HROFFT10dB Length Datas
[Remarks]Windows 7
