jul| 00h| 01h| 02h| 03h| 04h| 05h| 06h| 07h| 08h| 09h| 10h| 11h| 12h| 13h| 14h| 15h| 16h| 17h| 18h| 19h| 20h| 21h| 22h| 23h|
 01|  0 |  0 |  0 |  0 |  0 |  0 |  0 |  0 |  0 |  0 |  0 |  0 |  0 |  0 |  4 |  25|  7 |  15|  13|  13|  12|  19|  22|  23|
 02|  16|  19|  18|  23|  24|  35|  32|  25|  19|  13|  18|  27|  31|  20|  31|  22|  13|  27|  15|  11|  16|  19|  17|  26|
 03|  25|  35|  38|  20|  34|  40|  49|  31|  33|  20|  26|  23|  33|  33|  30|  22|  18|  20|  16|  20|  21|  21|  22|  33|
 04|  26|  31|  24|  34|  43|  40|  45|  44|  42|  45|  40|  35|  34|  38|  27|  27|  31|  25|  27|  23|  21|  43|  36|  40|
 05|  37|  37|  41|  50|  59|  45|  66|  59|  39|  38|  41|  31|  49|  49|  36|  32|  29|  28|  24|  28|  33|  39|  32|  34|
 06|  39|  66|  49|  60|  64|  57|  56|  24|  10|  17|  15|  35|  32|  36|  33|  23|  22|  25|  21|  36|  29|  50|  51|  45|
 07|  37|  37|  43|  52|  63|  51|  50|  32|  20|  9 |  22|  23|  20|  21|  19|  23|  11|  22|  24|  20|  18|  25|  19|  24|
 08|  27|  28|  39|  27|  24|  53|  46|  38|  47|  43|  39|  37|  33|  26|  27|  27|  39|  26|  24|  29|  37|  21|  48|  38|
 09|  34|  81| 382| 422| 478| 555| 496| 541| 551| 350| 511| 371| 122|  30|  39|  41|  21|  37|  34|  33|  35|  36|  40|  37|
 10|  38|  44|  41|  35|  57|  60|  43|  50|  44|  28|  24|  37|  29|  36|  30|  21|  30|  21|  30|  23|  36|  24|  31|  39|
 11|  57|  48|  46|  48|  59|  39|  37|  33|  25|  18|  23|  26|  15|  24|  23|  23|  12|  22|  23|  25|  17|  28|  27|  27|
 12|  32|  30|  31|  39|  46|  46|  32|  33|  19|  31|  27|  43|  33|  42|  30|  23|  28|  40|  25|  27|  30|  43|  37|  30|
 13|  53|  46|  47|  52|  54|  47|  42|  44|  47|  31|  30|  29|  23|  27|  23|  33|  26|  27|  28|  26|  35|  29|  28|  46|
 14|  54|  40|  47|  37|  44|  50|  35|  49|  46|  24|  30|  28|  31|  45|  34|  31|  26|  21|  25|  28|  24|  38|  29|  45|
 15|  62|  40|  43|  56|  52|  48|  46|  48|  39|  42|  31|  34|  26|  27|  34|  33|  29|  16|  32|  26|  27|  39|  29|  33|
 16|  43|  51|  43|  44|  48|  47|  52|  53|  33|  28|  31|  23|  40|  30|  35|  25|  25|  28|  32|  25|  27|  45|  31|  42|
 17|  42|  50|  64|  50|  58|  62|  42|  36|  31|  30|  26|  41|  29|  22|  21|  33|  19|  24|  23|  31|  24|  34|  28|  23|
 18|  46|  46|  47|  44|  66|  38|  41|  44|  22|  26|  29|  29|  18|  24|  20|  20|  14|  20|  20|  18|  16|  24|  30|  30|
 19|  49|  40|  44|  46|  47|  32|  40|  29|  33|  17|  26|  18|  17|  16|  12|  9 |  12|  15|  12|  12|  16|  16|  21|  26|
 20|  30|  33|  26|  35|  33|  33|  18|  40|  21|  15|  14|  26|  24|  19|  13|  17|  12|  14|  17|  19|  27|  24|  28|  28|
 21|  39|  34|  30|  31|  36|  34|  27|  43|  22|  19|  26|  14|  28|  24|  21|  23|  11|  15|  16|  16|  20|  18|  24|  33|
 22|  34|  46|  58|  46|  31|  48|  40|  33|  30|  21|  29|  36|  23|  24|  23|  18|  30|  20|  27|  19|  24|  30|  28|  35|
 23|  43|  49|  46|  47|  47|  31|  42|  38|  36|  26|  28|  25|  30|  24|  17|  22|  23|  18|  26|  18|  23|  16|  20|  25|
 24|  44|  34|  42|  38|  29|  35|  25|  27|  19|  21|  26|  24|  23|  27|  25|  17|  22|  15|  16|  21|  21|  27|  27|  35|
 25|  42|  35|  41|  52|  41|  40|  28|  37|  22|  31|  16|  15|  15|  29|  19|  21|  27|  15|  23|  7 |  21|  23|  29|  28|
 26|  45|  53|  49|  43|  54|  42|  26|  29|  31|  34|  33|  35|  28|  29|  32|  29|  36|  30|  27|  39|  28|  28|  36|  44|
 27|  68|  83|  86|  69|  79|  60|  37|  46|  31|  30|  38|  26|  19|  31|  21|  29|  23|  21|  18|  17|  18|  26|  41|  76|
 28|  78|  51|  38|  54|  50|  38|  34|  48|  33|  29|  19|  31|  42|  21|  20|  32|  34|  27|  23|  23|  30|  31|  34|  25|
 29|  43|  50|  59|  48|  54|  39|  42|  41|  15|  30|  22|  25|  20|  24|  27|  22|  18|  15|  10|  16|  24|  24|  39|  23|
 30|  42|  45|  37|  55|  49|  42|  28|  36|  29|  13|  13|  17|  18|  18|  27|  28|  21|  19|  15|  14|  16|  20|  29|  40|
 31|  34|  44|  34|  37|  43|  26|  25|  27|  19|  27|  27|  21|  21|  17|  19|  15|  18|  13|  17|  23|  24|  18|  37|  24|
[Observer]Lockyer_Observatory
[Country]United Kingdom 
[City]Sidmouth
[Longitude]003°1307
[Latitude]050°4116
[Frequencies]
[Antenna]Quad Yagi
[Azimut Antenna]135
[Elevation Antenna]0
[Pre-Amplifier]None
[Receiver]ICOM IC-706 MKIIG
[Observing Method]HROFFT20dB Count Datas
[Remarks]Windows 7
