aug| 00h| 01h| 02h| 03h| 04h| 05h| 06h| 07h| 08h| 09h| 10h| 11h| 12h| 13h| 14h| 15h| 16h| 17h| 18h| 19h| 20h| 21h| 22h| 23h|
 01|  38|  36|  49|  25|  42|  27|  27|  26|  32|  23|  20|  27|  26|  23|  15|  19|  22|  20|  21|  14|  18|  37|  39|  28|
 02|  40|  52|  50|  53|  63|  37|  28|  29|  25|  32|  28|  24|  19|  27|  28|  17|  14|  12|  15|  15|  12|  20|  26|  37|
 03|  24|  32|  43|  32|  36|  24|  24|  37|  27|  22|  21|  24|  16|  18|  16|  25|  14|  10|  20|  22|  15|  13|  22|  28|
 04|  26|  29|  28|  28|  37|  34|  25|  30|  22|  19|  22|  17|  22|  14|  23|  19|  11|  11|  13|  15|  11|  21|  25|  26|
 05|  22|  37|  32|  41|  60|  37|  28|  37|  33|  18|  31|  24|  25|  19|  15|  13|  19|  14|  19|  17|  18|  28|  31|  23|
 06|  36|  37|  39|  34|  42|  54|  29|  34|  27|  16|  18|  22|  24|  24|  24|  14|  15|  12|  19|  13|  10|  24| 114|  38|
 07|  41|  18|  33|  29|  34|  26|  19|  34|  24|  25|  16|  27|  14|  18|  18|  18|  11|  18|  27|  15|  16|  22|  24|  23|
 08|  32|  28|  26|  25|  21|  30|  23|  18|  21|  25|  20|  12|  16|  13|  16|  11|  16|  7 |  19|  9 |  12|  23|  21|  24|
 09|  24|  28|  32|  32|  48|  55|  28|  37|  30|  19|  21|  15|  14|  24|  19|  18|  14|  18|  14|  16|  15|  13|  21|  28|
 10|  22|  34|  33|  35|  49|  57|  49|  43|  33|  31|  40|  27|  20|  22|  13|  13|  12|  13|  16|  9 |  24|  22|  17|  30|
 11|  34|  37|  42|  43|  62|  49|  50|  43|  57|  24|  38|  35|  19|  28|  26|  23|  16|  22|  16|  11|  22|  17|  36|  74|
 12|  62|  53|  86| 106| 118| 156|  83| 101| 103|  61|  60|  54|  34|  35|  23|  24|  25|  20|  13|  17|  13|  28|  28|  37|
 13|  32|  51|  41|  47|  47|  56|  26|  57|  33|  23|  33|  28|  35|  17|  23|  18|  12|  11|  17|  13|  16|  11|  17|  13|
 14|  25|  20|  28|  34|  24|  46|  45|  22|  35|  22|  23|  25|  20|  16|  14|  12|  11|  15|  15|  13|  12|  14|  16|  18|
 15|  19|  12|  17|  18|  31|  26|  22|  19|  12|  18|  16|  21|  12|  15|  17|  12|  14|  18|  12|  13|  12|  9 |  11|  19|
 16|  21|  10|  15|  17|  25|  17|  14|  29|  21|  12|  22|  13|  13|  14|  10|  16|  11|  8 |  8 |  9 |  10|  19|  10|  18|
 17|  18|  11|  15|  22|  26|  19|  23|  8 |  13|  86|  80| 114|  20|  20|  16|  17|  13|  22|  17|  14|  12|  23|  20|  21|
 18|  26|  22|  19|  21|  25|  14|  14|  22|  17|  16|  15|  14|  12|  14|  18|  20|  14|  15|  15|  22|  10|  13|  13|  11|
 19|  22|  19|  15|  28|  21|  30|  25|  18|  29|  23|  20|  25|  20|  17|  23|  0 |  0 |  0 |  0 |  0 |  4 |  12|  19|  12|
 20|  20|  28|  30|  23|  20|  27|  23|  21|  23|  13|  24|  21|  24|  15|  21|  23|  21|  19|  19|  13|  21|  13|  20|  29|
 21|  30|  23|  25|  33|  26|  27|  26|  17|  22|  21|  25|  24|  27|  25|  13|  15|  19|  21|  17|  25|  23|  16|  16|  24|
 22|  21|  33|  31|  27|  30|  44|  39|  27|  29|  26|  27|  22|  29|  30|  22|  22|  18|  15|  19|  25|  25|  23|  22|  26|
 23|  18|  39|  32|  33|  30|  28|  19|  16|  23|  29|  27|  32|  18|  19|  23|  17|  25|  13|  12|  22|  21|  19|  12|  18|
 24|  25|  34|  19|  33|  33|  23|  24|  25|  23|  14|  20|  21|  24|  29|  29|  24|  28|  21|  14|  17|  22|  12|  16|  18|
 25|  16|  25|  20|  33|  21|  28|  32|  35|  26|  19|  32|  17|  16|  16|  15|  16|  20|  19|  10|  14|  18|  15|  16|  22|
 26|  16|  16|  16|  17|  27|  34|  29|  20|  14|  10|  22|  13|  15|  18|  19|  14|  19|  18|  15|  21|  17|  11|  20|  20|
 27|  26|  22|  17|  17|  20|  0 |  0 |  0 |  0 |  0 |  0 |  0 |  0 |  0 |  0 |  0 |  0 |  0 |  0 |  0 |  0 |  0 |  0 |??? |
|??? |
 28|??? |??? |??? |??? |??? |??? |??? |??? |??? |??? |??? |??? |??? |??? |??? |??? |??? |??? |??? |??? |??? |??? |??? |??? |
 29|??? |??? |??? |??? |??? |??? |??? |??? |??? |??? |??? |??? |??? |??? |??? |??? |??? |??? |??? |??? |??? |??? |??? |??? |
 30|??? |??? |??? |??? |??? |??? |??? |??? |??? |??? |??? |??? |??? |??? |??? |??? |??? |??? |??? |??? |??? |??? |??? |??? |
 31|??? |??? |??? |??? |??? |??? |??? |??? |??? |??? |??? |??? |??? |??? |??? |??? |??? |??? |??? |??? |??? |??? |??? |??? |
[Observer]Lockyer_Observatory
[Country]United Kingdom 
[City]Sidmouth
[Longitude]003°1307
[Latitude]050°4116
[Frequencies]
[Antenna]Quad Yagi
[Azimut Antenna]135
[Elevation Antenna]0
[Pre-Amplifier]None
[Receiver]ICOM IC-706 MKIIG
[Observing Method]HROFFT20dB Count Datas
[Remarks]Windows 7
