aug| 00h| 01h| 02h| 03h| 04h| 05h| 06h| 07h| 08h| 09h| 10h| 11h| 12h| 13h| 14h| 15h| 16h| 17h| 18h| 19h| 20h| 21h| 22h| 23h|
 01| 190| 192| 254| 227| 288| 267| 263| 262| 282| 194| 234| 233| 290| 252| 181| 230| 152| 220| 258| 190| 200| 280| 210| 160|
 02| 220| 278| 307| 341| 327| 351| 338| 378| 325| 345| 281| 269| 257| 263| 233| 199| 218| 158| 130| 269| 229| 201| 165| 176|
 03| 163| 178| 221| 252| 261| 267| 246| 357| 385| 328| 315| 223| 242| 186| 205| 169| 131| 129| 136| 200| 212| 226| 143| 137|
 04| 146| 150| 230| 199| 397| 309| 259| 329| 329| 272| 237| 184| 187| 134| 199| 221| 119| 147| 152| 153| 201| 146| 128| 140|
 05| 161| 171| 176| 235| 319| 355| 250| 389| 242| 291| 264| 195| 235| 170| 209| 147| 150| 153| 133| 177| 173| 201| 223| 154|
 06| 147| 180| 165| 236| 381| 453| 271| 391| 322| 225| 207| 316| 298| 167| 236| 200| 291| 298| 315| 223| 316|1164|1783| 713|
 07| 187| 179| 168| 156| 231| 444| 170| 249| 284| 219| 132| 220| 167| 109| 152| 117| 139| 130| 253| 163| 177| 163| 351| 121|
 08| 148| 105| 132| 175| 176| 259| 199| 202| 178| 189| 155| 165| 151| 130|  94|  88|  91|  72|  79| 406| 644| 160|  88| 102|
 09| 130| 132| 187| 175| 268| 448| 182| 262| 211| 151| 205| 111| 130| 161| 158| 113|  83| 101|  75| 116|  81| 108| 128| 133|
 10| 121| 168| 181| 183| 277| 357| 255| 282| 217| 180| 231| 176| 127| 155|  70|  88|  85|  88|  90|  89| 115| 122| 121| 134|
 11| 151| 194| 241| 221| 468| 392| 393| 377| 371| 306| 211| 306| 190| 184| 151| 115| 108| 101|  94| 100| 149| 101| 172| 450|
 12| 315| 263| 513| 657| 725| 857| 599| 734| 781| 489| 682| 523| 310| 265| 178| 179| 139| 125|  85| 144| 131| 150| 155| 215|
 13| 211| 288| 219| 326| 332| 318| 215| 325| 407| 181| 206| 161| 173| 113| 138|  90|  76|  70| 101| 102| 139| 100| 109| 115|
 14| 188| 115| 146| 265| 199| 282| 211| 185| 216| 145| 154| 113|  82|  83|  74|  59|  58|  71|  69|  90|  72|  70|  81| 103|
 15| 132|  87| 126| 143| 154| 163| 161| 269| 133| 135| 118| 105|  98| 101|  98| 139| 106|  80|  74| 136|  63| 231| 132| 100|
 16| 135|  85| 131| 112| 175| 188| 147| 162| 198| 126| 227| 108|  78| 111|  90| 101|  66| 108|  52|  75| 113|  86|  69|  67|
 17|  65|  67| 106| 247| 323| 755|1094| 133| 699|1210|1454|1340| 944|1013| 633| 308| 386| 201| 158| 771| 399| 179| 202| 266|
 18| 134| 119| 156| 177| 181| 192| 192| 233| 186| 136| 172| 178| 124|  95| 184| 148| 272| 102| 134| 284| 181| 133|  95| 108|
 19| 116| 105| 304| 316| 155| 276| 300| 466| 272| 284| 182| 192| 202| 191| 208|  0 |  0 |  0 |  0 |  0 |  47| 306| 239| 796|
 20| 187| 232| 306| 247| 416| 519| 465| 426| 392| 324| 395| 286| 444| 931| 637| 368| 493| 237| 233| 278| 531| 250| 253| 674|
 21| 672| 209| 243| 245| 331| 467| 403| 373| 397| 385| 290| 308| 417| 384| 279| 498| 229| 269| 256| 408| 304| 281| 170| 406|
 22| 248| 225| 192| 259| 255| 816| 551| 516| 678| 574| 454| 436| 406| 330| 253| 315| 281| 259| 232| 421| 460| 283| 222| 157|
 23| 176| 217| 272| 326| 288| 456| 378| 340| 282| 312| 360| 349| 265| 300| 382| 296| 231| 185| 301| 404| 298| 216| 166| 116|
 24| 147| 151| 175| 289| 346| 548| 442| 447| 561| 499| 645| 375| 379| 448| 336| 505| 245| 210| 185| 235| 349| 137| 168| 119|
 25| 181| 176| 171| 251| 324| 369| 322| 323| 361| 271| 212| 240| 373| 203| 173| 201| 231| 172| 289| 159| 200| 120|  64|  97|
 26| 108| 117| 180| 181| 177| 295| 268| 311| 312| 237| 238| 120| 188| 153| 166| 161| 136| 131| 121| 214| 187| 257| 107| 101|
 27| 118| 102| 125| 113| 140|  0 |  0 |  0 |  0 |  0 |  0 |  0 |  0 |  0 |  0 |  0 |  0 |  0 |  0 |  0 |  0 |  0 |  0 |??? |
 28|??? |??? |??? |??? |??? |??? |??? |??? |??? |??? |??? |??? |??? |??? |??? |??? |??? |??? |??? |??? |??? |??? |??? |??? |
 29|??? |??? |??? |??? |??? |??? |??? |??? |??? |??? |??? |??? |??? |??? |??? |??? |??? |??? |??? |??? |??? |??? |??? |??? |
 30|??? |??? |??? |??? |??? |??? |??? |??? |??? |??? |??? |??? |??? |??? |??? |??? |??? |??? |??? |??? |??? |??? |??? |??? |
 31|??? |??? |??? |??? |??? |??? |??? |??? |??? |??? |??? |??? |??? |??? |??? |??? |??? |??? |??? |??? |??? |??? |??? |??? |
[Observer]Lockyer_Observatory
[Country]United Kingdom 
[City]Sidmouth
[Longitude]003°1307
[Latitude]050°4116
[Frequencies]
[Antenna]Quad Yagi
[Azimut Antenna]135
[Elevation Antenna]0
[Pre-Amplifier]None
[Receiver]ICOM IC-706 MKIIG
[Observing Method]HROFFT10dB Length Datas
[Remarks]Windows 7
