sep| 00h| 01h| 02h| 03h| 04h| 05h| 06h| 07h| 08h| 09h| 10h| 11h| 12h| 13h| 14h| 15h| 16h| 17h| 18h| 19h| 20h| 21h| 22h| 23h|
 01|??? |??? |??? |??? |??? |??? |??? |??? |??? |??? |??? |??? |??? |??? |??? |??? |??? |??? |??? |??? |??? |??? |??? |??? |
 02|  0 |  0 |  0 |  0 |  0 |  0 |  0 |  0 |  0 |  0 |  0 |  0 |  0 |  0 |  0 |  0 |  0 |  0 |  0 |  2 |  2 |  2 |  2 |  7 |
 03|  13|  1 |  5 |  6 |  1 |  6 |  4 |  8 |  1 |  1 |  3 |  8 |  7 |  5 |  8 |  8 |  8 |  6 |  5 |  1 |  1 |  2 |  14|  3 |
 04|  4 |  4 |  4 |  4 |  8 |  7 |  4 |  3 |  4 |  21|  1 |  3 |  8 |  5 |  0 |  0 |  5 |  3 |  1 |  2 |  1 |  4 |  0 |  0 |
 05|  6 |  5 |  5 |  5 |  5 |  6 |  5 |  2 |  2 |  5 |  0 |  2 |  3 |  5 |  6 |  4 |  7 |  4 |  6 |  5 |  0 |  3 |  0 |  0 |
 06|  3 |  3 |  4 |  0 |  3 |  3 |  8 |  5 |  3 |  4 |  6 |  1 |  1 |  9 |  2 |  2 |  1 |  7 |  0 |  2 |  4 |  4 |  5 |  5 |
 07|  3 |  1 |  2 |  4 |  4 |  1 |  34|  2 |  17|  5 |  2 |  4 |  4 |  3 |  2 |  4 |  1 |  3 |  5 |  3 |  8 |  1 |  1 |  5 |
 08|  1 |  5 |  5 |  1 |  3 |  23|  8 |  7 |  3 |  21|  2 |  7 |  4 |  7 |  3 |  6 |  4 |  2 |  1 |  0 |  2 |  6 |  5 |  4 |
 09|  3 |  3 |  10|  5 |  13|  5 |  5 |  16|  3 |  3 |  6 |  4 |  3 |  2 |  1 |  2 |  2 |  4 |  2 |  1 |  0 |  0 |  5 |  2 |
 10|  13|  1 |  5 |  2 |  3 |  5 |  2 |  4 |  1 |  3 |  5 |  5 |  2 |  5 |  1 |  1 |  2 |  4 |  1 |  1 |  6 |  5 |  2 |  5 |
 11|  3 |  9 |  6 |  1 |  2 |  6 |  23|  2 |  6 |  7 |  3 |  7 |  1 |  5 |  2 |  6 |  6 |  1 |  8 |  3 |  1 |  5 |  4 |  3 |
 12|  3 |  0 |  1 |  1 |  7 |  3 |  4 |  2 |  4 |  10|  4 |  6 |  5 |  0 |  5 |  0 |  6 |  4 |  4 |  4 |  4 |  4 |  7 |  1 |
 13|  4 |  1 |  4 |  3 |  8 |  3 |  1 |  3 |  5 |  1 |  2 |  6 |  4 |  4 |  4 |  5 |  2 |  4 |  0 |  3 |  2 |  0 |  6 |  3 |
 14|  2 |  5 |  1 |  1 |  0 |  7 |  1 |  18|  5 |  3 |  1 |  18|  1 |  2 |  1 |  7 |  0 |  10|  0 |  5 |  3 |  3 |  2 |  4 |
 15|  3 |  3 |  7 |  6 |  3 |  6 |  2 |  3 |  0 |  1 |  5 |  3 |  7 |  11|  2 |  7 |  3 |  1 |  2 |  0 |  1 |  5 |  1 |  5 |
 16|  0 |  6 |  1 |  0 |  4 |  5 |  6 |  4 |  5 |  2 |  1 |  1 |  3 |  4 |  4 |  7 |  14|  3 |  1 |  0 |  0 |  0 |  0 |??? |
 17|??? |??? |??? |??? |??? |??? |??? |??? |??? |??? |??? |??? |??? |??? |??? |??? |??? |??? |??? |??? |??? |??? |??? |??? |
 18|??? |??? |??? |??? |??? |??? |??? |??? |??? |??? |??? |??? |??? |??? |??? |??? |??? |??? |??? |??? |??? |??? |??? |??? |
 19|??? |??? |??? |??? |??? |??? |??? |??? |??? |??? |??? |??? |??? |??? |??? |??? |??? |??? |??? |??? |??? |??? |??? |??? |
 20|??? |??? |??? |??? |??? |??? |??? |??? |??? |??? |??? |??? |??? |??? |??? |??? |??? |??? |??? |??? |??? |??? |??? |??? |
 21|??? |??? |??? |??? |??? |??? |??? |??? |??? |??? |??? |??? |??? |??? |??? |??? |??? |??? |??? |??? |??? |??? |??? |??? |
 22|??? |??? |??? |??? |??? |??? |??? |??? |??? |??? |??? |??? |??? |??? |??? |??? |??? |??? |??? |??? |??? |??? |??? |??? |
 23|  0 |  0 |  0 |  0 |  0 |  0 |  0 |  0 |  0 |  0 |  0 |  0 |  0 |  0 |  0 |  0 |  0 |  0 |  0 |  4 |  1 |  3 |  0 |  1 |
 24|  3 |  5 |  6 |  6 |  4 |  4 |  8 |  1 |  9 |  7 |  19|  4 |  3 |  0 |  1 |  2 |  7 |  1 |  1 |  4 |  4 |  1 |  1 |  1 |
 25|  2 |  7 |  3 |  4 |  3 |  9 |  9 |  1 |  1 |  6 |  5 |  4 |  1 |  3 |  5 |  2 |  1 |  7 |  3 |  3 |  4 |  3 |  0 |  6 |
 26|  2 |  1 |  7 |  4 |  10|  5 |  4 |  5 |  4 |  6 |  2 |  5 |  3 |  3 |  11|  1 |  3 |  3 |  2 |  3 |  3 |  5 |  1 |  2 |
 27|  2 |  4 |  9 |  0 |  9 |  2 |  4 |  2 |  9 |  4 |  2 |  2 |  3 |  5 |  5 |  3 |  3 |  3 |  6 |  4 |  1 |  3 |  9 |  2 |
 28|  3 |  4 |  10|  18|  51| 415|1212|1249| 169|1104|  40|  49|  4 |  2 |  4 |  4 |  4 |  2 |  5 |  1 |  5 |  21|  8 |  4 |
 29|  4 |  8 |  3 |  1 |  14|  4 |  2 |  0 |  6 |  18|  0 |  3 |  3 |  3 |  10|  2 |  4 |  5 |  3 |  0 |  2 |  1 |  0 |  4 |
 30|  0 |  3 |  3 |  3 |  2 |  15|  1 |  2 |  3 |  17|  4 |  6 |  3 |  3 |  4 |  3 |  0 |  2 |  9 |  4 |  4 |  0 |  3 |  5 |
 31|??? |??? |??? |??? |??? |??? |??? |??? |??? |??? |??? |??? |??? |??? |??? |??? |??? |??? |??? |??? |??? |??? |??? |??? |
[Observer]Lockyer_Observatory
[Country]United Kingdom 
[City]Sidmouth
[Longitude]003°1307
[Latitude]050°4116
[Frequencies]
[Antenna]Quad Yagi
[Azimut Antenna]135
[Elevation Antenna]0
[Pre-Amplifier]None
[Receiver]ICOM IC-706 MKIIG
[Observing Method]HROFFT30dB Length Datas
[Remarks]Windows 7
