aug| 00h| 01h| 02h| 03h| 04h| 05h| 06h| 07h| 08h| 09h| 10h| 11h| 12h| 13h| 14h| 15h| 16h| 17h| 18h| 19h| 20h| 21h| 22h| 23h|
 01|  45|  53|  69|  31|  45|  35|  36|  58|  38|  30|  27|  45|  48|  50|  15|  25|  24|  21|  23|  19|  18|  47|  51|  30|
 02|  50|  65|  77|  69|  82|  47|  35|  32|  37|  36|  31|  31|  29|  31|  30|  21|  15|  13|  17|  17|  15|  23|  39|  46|
 03|  26|  47|  68|  47|  54|  44|  31|  72|  43|  27|  35|  36|  32|  18|  22|  29|  14|  25|  21|  23|  17|  15|  28|  29|
 04|  29|  37|  43|  38|  63|  39|  41|  38|  34|  30|  28|  21|  24|  14|  42|  21|  12|  13|  16|  18|  11|  24|  32|  30|
 05|  33|  44|  48|  67| 122|  71|  33|  81|  45|  33|  46|  33|  26|  20|  19|  15|  21|  15|  25|  19|  22|  70|  59|  35|
 06|  48|  55|  52|  55|  96|  77|  40|  58|  84|  29|  21|  79|  28|  30|  39|  14|  18|  16|  25|  24|  15|  40| 187|  64|
 07|  57|  20|  46|  34|  63|  36|  26|  72|  34|  73|  17|  84|  17|  30|  25|  20|  12|  22|  30|  18|  17|  48|  35|  47|
 08|  45|  29|  35|  67|  32|  87|  29|  30|  34|  50|  45|  15|  42|  22|  16|  16|  17|  7 |  22|  12|  17|  27|  26|  31|
 09|  41|  39|  64|  53| 115| 167|  43|  71|  63|  26|  55|  24|  17|  42|  47|  32|  18|  26|  15|  23|  22|  21|  47|  40|
 10|  41|  61|  70|  67|  83| 135|  88|  84|  71|  52|  85|  60|  29|  70|  14|  17|  13|  17|  24|  10|  34|  31|  34|  45|
 11|  58|  86| 115|  84| 169| 135| 134| 132| 132|  40|  84| 185|  68|  80|  35|  32|  35|  27|  27|  17|  44|  22|  67| 231|
 12| 155|  99| 283| 343| 379| 400| 272| 288| 359| 146| 201| 186|  94| 101|  42|  46|  38|  41|  21|  22|  16|  54|  71|  88|
 13|  95| 131|  82| 123| 126| 113|  44| 104| 143|  46|  79|  56|  77|  28|  45|  23|  13|  13|  22|  48|  30|  17|  18|  29|
 14|  45|  28|  40| 103|  53| 110|  80|  41|  44|  47|  52|  37|  22|  21|  15|  13|  12|  26|  18|  16|  14|  17|  24|  28|
 15|  33|  14|  29|  22|  36|  36|  44|  42|  36|  31|  36|  29|  19|  20|  18|  18|  14|  20|  14|  16|  13|  11|  16|  26|
 16|  69|  12|  17|  25|  40|  54|  32|  40|  25|  15|  78|  14|  15|  22|  36|  49|  15|  10|  9 |  11|  13|  21|  23|  22|
 17|  18|  13|  32|  48|  40|  20|  28|  9 |  16| 109| 125| 180|  26|  22|  19|  18|  22|  24|  20|  16|  13|  24|  31|  29|
 18|  41|  28|  34|  33|  35|  16|  16|  25|  24|  17|  21|  43|  24|  16|  22|  24|  14|  17|  17|  26|  10|  13|  13|  15|
 19|  26|  31|  21|  70|  25|  57|  48|  21|  36|  36|  31|  28|  21|  21|  28|  0 |  0 |  0 |  0 |  0 |  6 |  13|  20|  12|
 20|  24|  41|  31|  26|  25|  39|  30|  24|  27|  14|  27|  51|  48|  20|  27|  40|  28|  21|  22|  16|  23|  13|  23|  51|
 21|  37|  38|  31|  42|  29|  39|  45|  18|  42|  27|  30|  32|  31|  29|  15|  16|  20|  24|  18|  29|  25|  17|  18|  29|
 22|  37|  37|  39|  33|  32|  63|  90|  30|  34|  41|  44|  29|  33|  38|  23|  23|  18|  15|  20|  27|  26|  25|  27|  30|
 23|  19|  47|  34|  43|  46|  39|  19|  21|  29|  32|  28|  47|  21|  20|  26|  20|  26|  14|  13|  25|  24|  23|  14|  18|
 24|  30|  44|  27|  41|  46|  32|  37|  34|  27|  21|  27|  24|  30|  32|  31|  29|  32|  24|  15|  18|  32|  14|  16|  20|
 25|  19|  26|  22|  44|  26|  30|  34|  42|  29|  22|  43|  19|  18|  18|  18|  18|  27|  19|  11|  16|  18|  17|  17|  25|
 26|  22|  24|  19|  18|  32|  48|  34|  26|  19|  13|  24|  15|  58|  28|  22|  14|  21|  23|  16|  21|  19|  11|  21|  22|
 27|  30|  23|  21|  17|  21|  0 |  0 |  0 |  0 |  0 |  0 |  0 |  0 |  0 |  0 |  0 |  0 |  0 |  0 |  0 |  0 |  0 |  0 |??? |
 28|??? |??? |??? |??? |??? |??? |??? |??? |??? |??? |??? |??? |??? |??? |??? |??? |??? |??? |??? |??? |??? |??? |??? |??? |
 29|??? |??? |??? |??? |??? |??? |??? |??? |??? |??? |??? |??? |??? |??? |??? |??? |??? |??? |??? |??? |??? |??? |??? |??? |
 30|??? |??? |??? |??? |??? |??? |??? |??? |??? |??? |??? |??? |??? |??? |??? |??? |??? |??? |??? |??? |??? |??? |??? |??? |
 31|??? |??? |??? |??? |??? |??? |??? |??? |??? |??? |??? |??? |??? |??? |??? |??? |??? |??? |??? |??? |??? |??? |??? |??? |
[Observer]Lockyer_Observatory
[Country]United Kingdom 
[City]Sidmouth
[Longitude]003°1307
[Latitude]050°4116
[Frequencies]
[Antenna]Quad Yagi
[Azimut Antenna]135
[Elevation Antenna]0
[Pre-Amplifier]None
[Receiver]ICOM IC-706 MKIIG
[Observing Method]HROFFT20dB Length Datas
[Remarks]Windows 7
