sep| 00h| 01h| 02h| 03h| 04h| 05h| 06h| 07h| 08h| 09h| 10h| 11h| 12h| 13h| 14h| 15h| 16h| 17h| 18h| 19h| 20h| 21h| 22h| 23h|
 01|??? |??? |??? |??? |??? |??? |??? |??? |??? |??? |??? |??? |??? |??? |??? |??? |??? |??? |??? |??? |??? |??? |??? |??? |
 02|  0 |  0 |  0 |  0 |  0 |  0 |  0 |  0 |  0 |  0 |  0 |  0 |  0 |  0 |  0 |  0 |  0 |  0 |  0 |  2 |  2 |  2 |  2 |  4 |
 03|  8 |  1 |  4 |  5 |  1 |  6 |  3 |  6 |  1 |  1 |  3 |  4 |  7 |  5 |  3 |  7 |  5 |  6 |  4 |  1 |  1 |  2 |  4 |  3 |
 04|  3 |  4 |  4 |  3 |  6 |  5 |  4 |  2 |  4 |  5 |  1 |  3 |  8 |  3 |  0 |  0 |  5 |  3 |  1 |  2 |  1 |  4 |  0 |  0 |
 05|  5 |  5 |  5 |  4 |  5 |  4 |  3 |  1 |  2 |  4 |  0 |  2 |  3 |  3 |  4 |  4 |  3 |  4 |  5 |  4 |  0 |  3 |  0 |  0 |
 06|  2 |  3 |  3 |  0 |  3 |  3 |  6 |  5 |  3 |  2 |  4 |  1 |  1 |  7 |  2 |  2 |  1 |  5 |  0 |  2 |  4 |  4 |  4 |  4 |
 07|  3 |  1 |  2 |  4 |  4 |  1 |  11|  2 |  4 |  4 |  2 |  3 |  4 |  2 |  2 |  3 |  1 |  3 |  3 |  3 |  6 |  1 |  1 |  2 |
 08|  1 |  3 |  5 |  1 |  3 |  7 |  5 |  6 |  3 |  5 |  1 |  6 |  4 |  6 |  2 |  5 |  4 |  2 |  1 |  0 |  2 |  1 |  3 |  4 |
 09|  3 |  2 |  10|  5 |  7 |  4 |  3 |  10|  2 |  3 |  4 |  4 |  2 |  2 |  1 |  2 |  2 |  4 |  2 |  1 |  0 |  0 |  4 |  2 |
 10|  10|  1 |  3 |  2 |  1 |  5 |  2 |  3 |  1 |  2 |  4 |  3 |  2 |  4 |  1 |  1 |  2 |  2 |  1 |  1 |  2 |  4 |  2 |  4 |
 11|  2 |  7 |  5 |  1 |  2 |  5 |  9 |  2 |  4 |  4 |  3 |  7 |  1 |  5 |  2 |  4 |  5 |  1 |  4 |  3 |  1 |  4 |  4 |  3 |
 12|  3 |  0 |  1 |  1 |  5 |  3 |  3 |  2 |  3 |  6 |  4 |  5 |  5 |  0 |  4 |  0 |  4 |  4 |  4 |  4 |  4 |  3 |  6 |  1 |
 13|  3 |  1 |  4 |  2 |  3 |  3 |  1 |  2 |  4 |  1 |  2 |  3 |  4 |  3 |  3 |  5 |  2 |  3 |  0 |  2 |  2 |  0 |  5 |  3 |
 14|  2 |  3 |  1 |  1 |  0 |  4 |  1 |  7 |  3 |  3 |  1 |  8 |  1 |  2 |  1 |  7 |  0 |  3 |  0 |  4 |  3 |  2 |  1 |  4 |
 15|  3 |  3 |  5 |  5 |  2 |  6 |  2 |  2 |  0 |  1 |  5 |  3 |  3 |  7 |  2 |  7 |  3 |  1 |  2 |  0 |  1 |  5 |  1 |  4 |
 16|  0 |  6 |  1 |  0 |  4 |  2 |  4 |  3 |  5 |  2 |  1 |  1 |  3 |  3 |  3 |  6 |  8 |  2 |  1 |  0 |  0 |  0 |  0 |??? |
 17|??? |??? |??? |??? |??? |??? |??? |??? |??? |??? |??? |??? |??? |??? |??? |??? |??? |??? |??? |??? |??? |??? |??? |??? |
 18|??? |??? |??? |??? |??? |??? |??? |??? |??? |??? |??? |??? |??? |??? |??? |??? |??? |??? |??? |??? |??? |??? |??? |??? |
 19|??? |??? |??? |??? |??? |??? |??? |??? |??? |??? |??? |??? |??? |??? |??? |??? |??? |??? |??? |??? |??? |??? |??? |??? |
 20|??? |??? |??? |??? |??? |??? |??? |??? |??? |??? |??? |??? |??? |??? |??? |??? |??? |??? |??? |??? |??? |??? |??? |??? |
 21|??? |??? |??? |??? |??? |??? |??? |??? |??? |??? |??? |??? |??? |??? |??? |??? |??? |??? |??? |??? |??? |??? |??? |??? |
 22|??? |??? |??? |??? |??? |??? |??? |??? |??? |??? |??? |??? |??? |??? |??? |??? |??? |??? |??? |??? |??? |??? |??? |??? |
 23|  0 |  0 |  0 |  0 |  0 |  0 |  0 |  0 |  0 |  0 |  0 |  0 |  0 |  0 |  0 |  0 |  0 |  0 |  0 |  3 |  1 |  2 |  0 |  1 |
 24|  2 |  5 |  6 |  4 |  3 |  4 |  5 |  1 |  8 |  5 |  10|  4 |  3 |  0 |  1 |  2 |  6 |  1 |  1 |  3 |  3 |  1 |  1 |  1 |
 25|  2 |  3 |  3 |  3 |  3 |  8 |  6 |  1 |  1 |  3 |  4 |  4 |  1 |  2 |  2 |  1 |  1 |  6 |  3 |  3 |  4 |  3 |  0 |  5 |
 26|  2 |  1 |  5 |  3 |  8 |  5 |  4 |  4 |  2 |  5 |  2 |  5 |  2 |  2 |  5 |  1 |  3 |  3 |  2 |  3 |  3 |  4 |  1 |  2 |
 27|  2 |  4 |  5 |  0 |  5 |  2 |  4 |  2 |  4 |  4 |  2 |  2 |  3 |  5 |  4 |  2 |  3 |  2 |  4 |  4 |  1 |  2 |  6 |  2 |
 28|  3 |  3 |  8 |  12|  46| 247| 517| 454|  69| 304|  36|  42|  3 |  2 |  4 |  3 |  3 |  2 |  5 |  1 |  4 |  18|  8 |  4 |
 29|  4 |  7 |  3 |  1 |  5 |  3 |  2 |  0 |  3 |  8 |  0 |  3 |  2 |  3 |  7 |  1 |  3 |  4 |  3 |  0 |  1 |  1 |  0 |  4 |
 30|  0 |  3 |  3 |  2 |  2 |  7 |  1 |  2 |  2 |  6 |  4 |  4 |  3 |  2 |  4 |  3 |  0 |  1 |  6 |  4 |  3 |  0 |  1 |  5 |
 31|??? |??? |??? |??? |??? |??? |??? |??? |??? |??? |??? |??? |??? |??? |??? |??? |??? |??? |??? |??? |??? |??? |??? |??? |
[Observer]Lockyer_Observatory
[Country]United Kingdom 
[City]Sidmouth
[Longitude]003°1307
[Latitude]050°4116
[Frequencies]
[Antenna]Quad Yagi
[Azimut Antenna]135
[Elevation Antenna]0
[Pre-Amplifier]None
[Receiver]ICOM IC-706 MKIIG
[Observing Method]HROFFT30dB Count Datas
[Remarks]Windows 7
