jul| 00h| 01h| 02h| 03h| 04h| 05h| 06h| 07h| 08h| 09h| 10h| 11h| 12h| 13h| 14h| 15h| 16h| 17h| 18h| 19h| 20h| 21h| 22h| 23h|
 01|??? |??? |??? |??? |??? |??? |??? |??? |??? |??? |??? |??? |??? |??? |  17| 130|  99|  86|  84| 136| 124|  92| 112| 100|
 02|  93| 133| 111| 125| 151| 206| 162| 135| 144| 107| 144| 142| 132| 104| 119| 107|  91|  85|  91|  77| 103|  88| 128| 131|
 03| 136| 120| 156| 144| 178| 228| 254| 212| 185| 173| 176| 204| 183| 196| 167| 170| 131| 123| 161| 127| 125| 138| 103| 133|
 04| 106| 132| 127| 181| 201| 263| 254| 336| 383| 302| 322| 312| 277| 307| 251| 241| 213| 255| 218| 291| 293| 241| 189| 172|
 05| 184| 196| 219| 257| 251| 307| 266| 363| 284| 259| 306| 220| 265| 227| 217| 223| 189| 196| 149| 228| 237| 276| 222| 174|
 06| 191| 238| 246| 362| 364| 416| 386| 220| 160| 161| 195| 258| 305| 267| 316| 259| 270| 276| 217| 334| 331| 252| 238| 218|
 07| 300| 220| 247| 512| 437| 428| 515| 287| 180| 101| 387| 372| 577| 333| 115| 111|  97| 105| 131| 167| 157| 168| 114| 133|
 08| 138| 131| 144| 153| 186| 269| 273| 342| 451| 289| 226| 303| 259| 204| 204| 236| 238| 158| 173| 221| 274| 167| 222| 215|
 09| 233| 357| 484| 358| 380| 185| 259|  60| 178| 414| 227| 316| 589| 361| 286| 325| 190| 223| 274| 312| 350| 286| 330| 209|
 10| 238| 251| 190| 216| 264| 357| 419| 306| 265| 274| 321| 235| 253| 216| 263| 207| 177| 221| 202| 210| 262| 225| 206| 195|
 11| 232| 203| 230| 256| 305| 289| 217| 246| 217| 227| 236| 214| 169| 220| 164| 249| 160| 139| 118| 159| 142| 201| 157| 137|
 12| 185| 154| 182| 204| 253| 248| 229| 279| 237| 264| 233| 201| 232| 224| 213| 201| 190| 173| 158| 222| 207| 205| 203| 191|
 13| 237| 195| 222| 304| 283| 344| 287| 299| 276| 229| 251| 203| 180| 163| 158| 137| 167| 154| 144| 180| 224| 202| 172| 214|
 14| 226| 205| 209| 218| 237| 323| 306| 290| 231| 203| 239| 217| 225| 198| 162| 167| 174| 174| 115| 211| 210| 216| 188| 194|
 15| 206| 223| 207| 256| 260| 310| 357| 317| 259| 272| 192| 222| 233| 191| 192| 196| 195| 157| 177| 174| 229| 171| 174| 214|
 16| 200| 218| 247| 221| 259| 251| 246| 264| 266| 237| 184| 218| 274| 190| 142| 175| 158| 149| 180| 239| 234| 206| 203| 197|
 17| 213| 223| 224| 193| 267| 287| 232| 283| 259| 213| 194| 166| 154| 164| 163| 143| 128| 120| 134| 231| 166| 221| 214| 162|
 18| 181| 211| 222| 259| 413| 314| 219| 258| 153| 203| 257| 193| 132| 110| 119| 120| 114|  95| 103| 135| 174| 148| 132| 159|
 19| 183| 179| 190| 194| 224| 226| 324| 406| 207| 129| 133| 121| 119|  96| 118| 183| 140|  66|  86| 105| 106| 112| 134| 123|
 20| 136| 139| 146| 197| 242| 190| 196| 220| 175| 188| 124| 169| 141| 126|  92|  98|  81|  92|  95| 127| 158| 123| 121| 139|
 21| 176| 181| 163| 475| 501| 289| 218| 270| 184| 181| 166| 162| 165| 138| 130| 114|  90|  74|  82| 151| 157| 120| 159| 146|
 22| 164| 174| 210| 241| 202| 311| 234| 243| 223| 208| 195| 168| 187| 179| 168| 124| 129| 149| 297| 173| 204| 158| 154| 250|
 23| 191| 202| 546| 203| 226| 237| 181| 197| 196| 152| 170| 157| 177| 163| 117| 163| 174| 119| 158| 189| 558|  84| 144| 156|
 24| 223| 170| 188| 223| 198| 225| 230| 272| 258| 191| 197| 156| 181| 195| 228| 177| 174| 184| 158| 217| 194| 148| 157| 148|
 25| 169| 184| 178| 226| 192| 276| 182| 230| 191| 177| 143| 174| 147| 133| 120| 105| 135| 105| 113| 123| 130| 120| 127| 132|
 26| 197| 206| 230| 213| 238| 228| 184| 201| 220| 306| 227| 269| 305| 240| 295| 211| 307| 244| 223| 248| 290| 199| 208| 194|
 27| 254| 219| 285| 297| 362| 324| 277| 345| 333| 219| 266| 200| 192| 163| 116| 113| 112| 134| 109| 175| 214| 167| 174| 225|
 28| 260| 203| 168| 219| 250| 361| 288| 341| 254| 215| 222| 298| 244| 139| 198| 372| 346| 345| 281| 292| 271| 163| 155| 159|
 29| 200| 188| 221| 246| 263| 235| 327| 347| 213| 379| 327| 182| 261| 156| 195| 156| 129| 145| 168| 200| 187| 185| 220| 125|
 30| 178| 159| 178| 200| 215| 288| 206| 229| 163| 149| 169| 146| 125| 173| 141| 134| 137| 122| 131| 340| 158| 171| 565| 143|
 31| 158| 163| 175| 191| 213| 289| 244| 219| 203| 206| 141| 139| 139| 130| 123|  99| 106| 110| 129| 137| 155| 132| 135| 146|
[Observer]Lockyer_Observatory
[Country]United Kingdom 
[City]Sidmouth
[Longitude]003°1307
[Latitude]050°4116
[Frequencies]
[Antenna]Quad Yagi
[Azimut Antenna]135
[Elevation Antenna]0
[Pre-Amplifier]None
[Receiver]ICOM IC-706 MKIIG
[Observing Method]HROFFT10dB Count Datas
[Remarks]Windows 7
