jul| 00h| 01h| 02h| 03h| 04h| 05h| 06h| 07h| 08h| 09h| 10h| 11h| 12h| 13h| 14h| 15h| 16h| 17h| 18h| 19h| 20h| 21h| 22h| 23h|
 01|  0 |  0 |  0 |  0 |  0 |  0 |  0 |  0 |  0 |  0 |  0 |  0 |  0 |  0 |  2 |  5 |  1 |  1 |  5 |  2 |  1 |  2 |  5 |  4 |
 02|  2 |  4 |  5 |  5 |  5 |  7 |  9 |  6 |  4 |  1 |  5 |  10|  6 |  5 |  13|  4 |  5 |  9 |  1 |  3 |  3 |  0 |  1 |  4 |
 03|  4 |  4 |  6 |  2 |  6 |  10|  11|  4 |  7 |  4 |  1 |  3 |  12|  4 |  10|  6 |  4 |  6 |  2 |  5 |  2 |  5 |  3 |  7 |
 04|  4 |  3 |  6 |  7 |  12|  9 |  12|  10|  12|  11|  12|  4 |  7 |  6 |  2 |  5 |  6 |  4 |  6 |  3 |  5 |  10|  5 |  2 |
 05|  6 |  4 |  10|  7 |  14|  8 |  13|  13|  10|  3 |  7 |  8 |  8 |  6 |  8 |  7 |  9 |  5 |  6 |  9 |  7 |  4 |  1 |  9 |
 06|  4 |  11|  8 |  14|  17|  16|  10|  4 |  2 |  6 |  3 |  9 |  14|  10|  8 |  4 |  8 |  5 |  5 |  3 |  5 |  14|  12|  6 |
 07|  9 |  9 |  10|  7 |  11|  11|  12|  5 |  3 |  0 |  5 |  4 |  4 |  6 |  3 |  7 |  4 |  7 |  2 |  2 |  3 |  4 |  3 |  2 |
 08|  6 |  5 |  10|  3 |  6 |  10|  12|  7 |  10|  11|  10|  7 |  9 |  7 |  6 |  5 |  7 |  6 |  6 |  6 |  3 |  3 |  12|  7 |
 09|  6 |  6 |  9 |  50|  13|  27|  10| 364| 157|  15|  22|  6 |  3 |  6 |  9 |  8 |  4 |  10|  13|  8 |  5 |  6 |  8 |  7 |
 10|  6 |  9 |  4 |  4 |  5 |  15|  10|  4 |  15|  5 |  8 |  10|  7 |  7 |  6 |  2 |  5 |  6 |  3 |  3 |  7 |  4 |  4 |  6 |
 11|  11|  6 |  9 |  15|  13|  6 |  7 |  11|  5 |  4 |  9 |  6 |  2 |  9 |  10|  4 |  4 |  5 |  1 |  3 |  1 |  5 |  4 |  4 |
 12|  3 |  6 |  5 |  6 |  11|  11|  7 |  10|  4 |  9 |  2 |  11|  8 |  7 |  3 |  4 |  11|  12|  5 |  6 |  3 |  9 |  6 |  7 |
 13|  8 |  11|  12|  8 |  13|  9 |  5 |  14|  9 |  8 |  7 |  5 |  1 |  9 |  5 |  8 |  10|  4 |  6 |  2 |  7 |  4 |  5 |  9 |
 14|  13|  9 |  14|  7 |  8 |  9 |  9 |  10|  11|  3 |  3 |  9 |  7 |  10|  3 |  5 |  2 |  3 |  6 |  4 |  7 |  6 |  7 |  5 |
 15|  18|  8 |  8 |  11|  13|  15|  12|  7 |  6 |  7 |  10|  6 |  6 |  6 |  7 |  11|  5 |  3 |  7 |  8 |  1 |  11|  6 |  6 |
 16|  8 |  6 |  10|  4 |  14|  13|  12|  13|  6 |  4 |  2 |  1 |  7 |  7 |  5 |  6 |  8 |  6 |  7 |  6 |  6 |  10|  7 |  7 |
 17|  7 |  10|  15|  9 |  15|  13|  5 |  10|  11|  11|  8 |  5 |  5 |  3 |  4 |  9 |  5 |  3 |  4 |  7 |  3 |  6 |  9 |  8 |
 18|  10|  7 |  8 |  11|  16|  7 |  10|  7 |  8 |  11|  7 |  4 |  7 |  5 |  3 |  4 |  7 |  4 |  1 |  8 |  4 |  3 |  8 |  5 |
 19|  13|  6 |  6 |  13|  7 |  6 |  12|  3 |  11|  4 |  3 |  1 |  7 |  3 |  4 |  2 |  3 |  3 |  3 |  4 |  2 |  4 |  3 |  2 |
 20|  3 |  7 |  4 |  5 |  5 |  4 |  1 |  11|  3 |  3 |  1 |  4 |  4 |  3 |  0 |  4 |  0 |  4 |  3 |  4 |  6 |  10|  3 |  7 |
 21|  7 |  5 |  12|  7 |  6 |  10|  6 |  9 |  4 |  3 |  8 |  4 |  4 |  5 |  5 |  4 |  5 |  2 |  5 |  1 |  3 |  3 |  3 |  7 |
 22|  8 |  7 |  10|  8 |  7 |  13|  10|  3 |  14|  3 |  6 |  8 |  6 |  2 |  3 |  3 |  6 |  6 |  11|  2 |  3 |  3 |  8 |  9 |
 23|  7 |  16|  11|  10|  8 |  9 |  7 |  2 |  10|  4 |  5 |  6 |  7 |  4 |  8 |  4 |  2 |  1 |  5 |  1 |  6 |  6 |  7 |  7 |
 24|  14|  7 |  14|  8 |  1 |  5 |  4 |  9 |  3 |  4 |  7 |  3 |  6 |  5 |  2 |  4 |  4 |  4 |  2 |  6 |  4 |  5 |  6 |  8 |
 25|  11|  8 |  8 |  14|  19|  5 |  3 |  11|  4 |  7 |  2 |  5 |  5 |  4 |  3 |  4 |  5 |  2 |  6 |  1 |  6 |  7 |  7 |  6 |
 26|  7 |  6 |  11|  11|  17|  11|  5 |  6 |  9 |  7 |  7 |  7 |  5 |  3 |  7 |  9 |  9 |  6 |  10|  10|  3 |  11|  13|  8 |
 27|  25|  24|  21|  17|  12|  15|  9 |  8 |  4 |  6 |  5 |  7 |  4 |  9 |  2 |  6 |  7 |  7 |  2 |  3 |  3 |  10|  17|  20|
 28|  17|  11|  15|  18|  5 |  10|  6 |  12|  10|  8 |  1 |  2 |  12|  4 |  1 |  7 |  6 |  7 |  4 |  2 |  9 |  6 |  10|  7 |
 29|  10|  18|  13|  11|  10|  8 |  10|  11|  1 |  5 |  9 |  1 |  6 |  4 |  6 |  2 |  6 |  3 |  0 |  3 |  7 |  6 |  14|  7 |
 30|  13|  14|  13|  15|  9 |  8 |  15|  12|  4 |  3 |  2 |  3 |  5 |  2 |  6 |  5 |  3 |  3 |  0 |  5 |  4 |  7 |  5 |  11|
 31|  6 |  15|  9 |  10|  9 |  9 |  9 |  7 |  6 |  4 |  2 |  2 |  3 |  2 |  4 |  5 |  3 |  6 |  6 |  5 |  10|  7 |  13|  7 |
[Observer]Lockyer_Observatory
[Country]United Kingdom 
[City]Sidmouth
[Longitude]003°1307
[Latitude]050°4116
[Frequencies]
[Antenna]Quad Yagi
[Azimut Antenna]135
[Elevation Antenna]0
[Pre-Amplifier]None
[Receiver]ICOM IC-706 MKIIG
[Observing Method]HROFFT30dB Count Datas
[Remarks]Windows 7
