aug| 00h| 01h| 02h| 03h| 04h| 05h| 06h| 07h| 08h| 09h| 10h| 11h| 12h| 13h| 14h| 15h| 16h| 17h| 18h| 19h| 20h| 21h| 22h| 23h|
 01|  10|  14|  13|  9 |  10|  7 |  15|  24|  9 |  7 |  3 |  3 |  25|  16|  2 |  7 |  5 |  3 |  2 |  7 |  2 |  16|  12|  6 |
 02|  15|  20|  28|  20|  24|  11|  11|  5 |  9 |  6 |  5 |  5 |  8 |  5 |  6 |  2 |  2 |  2 |  1 |  5 |  5 |  4 |  13|  9 |
 03|  3 |  17|  18|  18|  16|  13|  9 |  35|  8 |  7 |  8 |  9 |  11|  2 |  5 |  1 |  1 |  13|  5 |  3 |  2 |  3 |  8 |  5 |
 04|  6 |  13|  16|  8 |  25|  4 |  7 |  8 |  10|  8 |  6 |  7 |  5 |  1 |  18|  5 |  3 |  1 |  7 |  3 |  1 |  3 |  2 |  11|
 05|  10|  8 |  12|  25|  51|  20|  7 |  27|  7 |  11|  13|  5 |  6 |  3 |  4 |  1 |  3 |  3 |  10|  3 |  4 |  25|  19|  15|
 06|  17|  13|  12|  16|  45|  21|  10|  13|  19|  12|  3 |  27|  5 |  6 |  11|  2 |  2 |  3 |  5 |  10|  5 |  10|  14|  10|
 07|  16|  3 |  17|  7 |  13|  12|  8 |  31|  8 |  36|  3 |  37|  4 |  5 |  3 |  5 |  1 |  6 |  9 |  4 |  5 |  15|  9 |  29|
 08|  12|  0 |  9 |  29|  7 |  42|  10|  12|  17|  28|  19|  4 |  23|  5 |  1 |  6 |  1 |  4 |  7 |  4 |  1 |  6 |  10|  10|
 09|  11|  9 |  24|  16|  49|  81|  12|  24|  27|  6 |  19|  8 |  3 |  17|  30|  12|  6 |  1 |  6 |  8 |  12|  7 |  28|  13|
 10|  21|  23|  29|  24|  25|  39|  26|  23|  18|  23|  28|  10|  10|  35|  2 |  5 |  3 |  2 |  6 |  4 |  12|  11|  11|  18|
 11|  16|  35|  57|  42|  53|  41|  44|  36|  35|  11|  32| 114|  43|  33|  11|  7 |  23|  9 |  12|  5 |  20|  6 |  28| 108|
 12|  66|  31| 142| 176| 153| 144| 130| 126| 159|  55| 101|  87|  39|  47|  11|  18|  11|  12|  9 |  2 |  3 |  25|  32|  40|
 13|  51|  65|  28|  64|  48|  38|  9 |  27|  75|  12|  33|  30|  28|  11|  15|  6 |  2 |  2 |  8 |  24|  10|  3 |  4 |  7 |
 14|  23|  9 |  10|  41|  25|  37|  19|  13|  9 |  20|  17|  13|  6 |  7 |  4 |  2 |  2 |  8 |  4 |  4 |  2 |  4 |  8 |  5 |
 15|  10|  4 |  7 |  6 |  8 |  10|  12|  19|  17|  4 |  21|  7 |  5 |  9 |  2 |  8 |  1 |  4 |  0 |  5 |  2 |  2 |  4 |  10|
 16|  45|  6 |  3 |  6 |  14|  29|  10|  8 |  2 |  1 |  31|  0 |  3 |  4 |  25|  20|  5 |  4 |  2 |  0 |  5 |  5 |  11|  5 |
 17|  2 |  0 |  17|  20|  8 |  3 |  5 |  1 |  4 |  2 |  9 |  2 |  3 |  3 |  5 |  4 |  10|  6 |  3 |  5 |  1 |  6 |  11|  9 |
 18|  16|  7 |  20|  18|  12|  3 |  3 |  1 |  4 |  5 |  7 |  17|  10|  6 |  9 |  4 |  3 |  4 |  4 |  7 |  2 |  1 |  3 |  5 |
 19|  8 |  15|  5 |  31|  3 |  22|  20|  5 |  4 |  9 |  13|  5 |  5 |  6 |  6 |  0 |  0 |  0 |  0 |  0 |  1 |  3 |  4 |  3 |
 20|  6 |  13|  6 |  5 |  5 |  14|  7 |  4 |  7 |  1 |  4 |  31|  19|  5 |  11|  13|  7 |  5 |  7 |  3 |  5 |  1 |  7 |  22|
 21|  11|  16|  8 |  8 |  5 |  14|  18|  4 |  19|  8 |  7 |  4 |  10|  3 |  2 |  5 |  1 |  7 |  6 |  3 |  5 |  2 |  5 |  6 |
 22|  20|  5 |  10|  8 |  5 |  21|  29|  7 |  3 |  12|  8 |  7 |  7 |  6 |  4 |  1 |  1 |  6 |  5 |  4 |  4 |  5 |  7 |  11|
 23|  2 |  15|  13|  9 |  20|  13|  7 |  4 |  7 |  7 |  6 |  10|  4 |  6 |  4 |  4 |  6 |  2 |  3 |  2 |  3 |  10|  4 |  7 |
 24|  8 |  15|  10|  11|  13|  11|  9 |  4 |  3 |  9 |  5 |  6 |  5 |  3 |  5 |  7 |  8 |  3 |  6 |  4 |  7 |  3 |  0 |  6 |
 25|  7 |  2 |  4 |  14|  3 |  5 |  2 |  6 |  5 |  5 |  14|  3 |  3 |  3 |  3 |  5 |  8 |  1 |  4 |  6 |  3 |  3 |  4 |  5 |
 26|  6 |  9 |  6 |  2 |  6 |  14|  5 |  6 |  4 |  0 |  7 |  1 |  32|  5 |  5 |  1 |  8 |  5 |  3 |  1 |  4 |  2 |  2 |  3 |
 27|  9 |  4 |  3 |  1 |  6 |  0 |  0 |  0 |  0 |  0 |  0 |  0 |  0 |  0 |  0 |  0 |  0 |  0 |  0 |  0 |  0 |  0 |  0 |??? |
 28|??? |??? |??? |??? |??? |??? |??? |??? |??? |??? |??? |??? |??? |??? |??? |??? |??? |??? |??? |??? |??? |??? |??? |??? |
 29|??? |??? |??? |??? |??? |??? |??? |??? |??? |??? |??? |??? |??? |??? |??? |??? |??? |??? |??? |??? |??? |??? |??? |??? |
 30|??? |??? |??? |??? |??? |??? |??? |??? |??? |??? |??? |??? |??? |??? |??? |??? |??? |??? |??? |??? |??? |??? |??? |??? |
 31|??? |??? |??? |??? |??? |??? |??? |??? |??? |??? |??? |??? |??? |??? |??? |??? |??? |??? |??? |??? |??? |??? |??? |??? |
[Observer]Lockyer_Observatory
[Country]United Kingdom 
[City]Sidmouth
[Longitude]003°1307
[Latitude]050°4116
[Frequencies]
[Antenna]Quad Yagi
[Azimut Antenna]135
[Elevation Antenna]0
[Pre-Amplifier]None
[Receiver]ICOM IC-706 MKIIG
[Observing Method]HROFFT30dB Length Datas
[Remarks]Windows 7
