jul| 00h| 01h| 02h| 03h| 04h| 05h| 06h| 07h| 08h| 09h| 10h| 11h| 12h| 13h| 14h| 15h| 16h| 17h| 18h| 19h| 20h| 21h| 22h| 23h|
 01|  0 |  0 |  0 |  0 |  0 |  0 |  0 |  0 |  0 |  0 |  0 |  0 |  0 |  0 |  2 |  5 |  1 |  1 |  5 |  2 |  2 |  2 |  6 |  5 |
 02|  3 |  5 |  5 |  5 |  7 |  9 |  11|  6 |  6 |  2 |  5 |  27|  7 |  12|  20|  10|  5 |  9 |  1 |  3 |  4 |  0 |  1 |  4 |
 03|  4 |  11|  9 |  2 |  6 |  12|  13|  4 |  8 |  8 |  2 |  3 |  18|  5 |  14|  7 |  5 |  8 |  2 |  6 |  3 |  5 |  3 |  9 |
 04|  4 |  3 |  6 |  8 |  16|  10|  21|  13|  16|  22|  13|  5 |  7 |  7 |  2 |  5 |  8 |  4 |  7 |  3 |  5 |  12|  6 |  2 |
 05|  6 |  5 |  14|  9 |  16|  10|  15|  18|  13|  3 |  8 |  23|  10|  6 |  8 |  7 |  14|  5 |  6 |  10|  7 |  4 |  1 |  10|
 06|  4 |  15|  8 |  15|  21|  17|  13|  5 |  2 |  6 |  3 |  14|  43|  13|  10|  5 |  9 |  5 |  5 |  4 |  5 |  14|  14|  6 |
 07|  11|  10|  13|  10|  28|  16|  15|  7 |  3 |  0 |  7 |  5 |  6 |  7 |  3 |  8 |  4 |  7 |  3 |  2 |  3 |  5 |  3 |  3 |
 08|  6 |  5 |  11|  4 |  7 |  16|  18|  9 |  13|  16|  12|  10|  11|  10|  6 |  6 |  8 |  6 |  10|  10|  3 |  3 |  12|  8 |
 09|  6 |  7 |  9 |  57|  14|  29|  11| 739| 187|  17|  26|  6 |  3 |  6 |  12|  8 |  4 |  10|  16|  9 |  5 |  6 |  8 |  7 |
 10|  8 |  10|  4 |  4 |  5 |  21|  13|  4 |  21|  5 |  10|  13|  8 |  7 |  7 |  2 |  8 |  8 |  6 |  3 |  7 |  5 |  4 |  6 |
 11|  12|  6 |  11|  18|  15|  6 |  9 |  14|  6 |  5 |  9 |  6 |  2 |  18|  13|  4 |  8 |  5 |  1 |  3 |  1 |  6 |  5 |  5 |
 12|  3 |  9 |  10|  6 |  13|  14|  11|  23|  4 |  12|  4 |  13|  9 |  9 |  3 |  4 |  14|  15|  7 |  6 |  4 |  9 |  7 |  7 |
 13|  8 |  12|  18|  11|  21|  15|  5 |  17|  17|  12|  9 |  5 |  1 |  11|  6 |  8 |  13|  7 |  6 |  2 |  9 |  4 |  11|  12|
 14|  16|  12|  14|  7 |  11|  20|  16|  13|  26|  4 |  4 |  10|  12|  13|  3 |  8 |  3 |  3 |  6 |  4 |  8 |  6 |  9 |  5 |
 15|  62|  9 |  9 |  13|  17|  20|  14|  8 |  8 |  9 |  14|  9 |  6 |  6 |  7 |  12|  6 |  3 |  7 |  9 |  1 |  13|  6 |  6 |
 16|  9 |  9 |  12|  4 |  16|  15|  12|  17|  7 |  7 |  2 |  1 |  13|  9 |  5 |  7 |  10|  7 |  8 |  6 |  7 |  10|  7 |  7 |
 17|  12|  20|  19|  18|  19|  15|  5 |  12|  14|  13|  17|  5 |  5 |  4 |  17|  10|  6 |  3 |  4 |  8 |  4 |  6 |  12|  10|
 18|  12|  7 |  10|  14|  17|  7 |  11|  8 |  9 |  11|  58|  5 |  7 |  5 |  3 |  5 |  8 |  4 |  1 |  10|  5 |  5 |  8 |  11|
 19|  15|  6 |  9 |  19|  8 |  8 |  15|  4 |  13|  5 |  5 |  1 |  10|  3 |  5 |  2 |  3 |  3 |  3 |  7 |  2 |  5 |  3 |  7 |
 20|  4 |  9 |  4 |  5 |  5 |  4 |  1 |  11|  5 |  3 |  1 |  5 |  4 |  4 |  0 |  4 |  0 |  5 |  4 |  5 |  12|  12|  4 |  8 |
 21|  7 |  5 |  13|  10|  7 |  12|  6 |  10|  4 |  3 |  9 |  8 |  6 |  8 |  7 |  5 |  6 |  2 |  6 |  1 |  3 |  3 |  3 |  8 |
 22|  9 |  7 |  11|  8 |  8 |  39|  16|  3 |  27|  3 |  9 |  8 |  7 |  3 |  3 |  6 |  6 |  8 |  22|  4 |  3 |  6 |  8 |  11|
 23|  8 |  18|  11|  11|  11|  11|  8 |  2 |  13|  4 |  5 |  6 |  8 |  4 |  13|  6 |  2 |  1 |  5 |  2 |  9 |  6 |  9 |  8 |
 24|  16|  9 |  32|  8 |  1 |  5 |  4 |  15|  3 |  4 |  7 |  4 |  7 |  7 |  2 |  5 |  5 |  4 |  2 |  6 |  4 |  6 |  6 |  9 |
 25|  13|  9 |  8 |  27|  19|  13|  8 |  11|  4 |  10|  2 |  6 |  5 |  4 |  3 |  4 |  5 |  2 |  7 |  1 |  8 |  8 |  8 |  8 |
 26|  7 |  6 |  14|  12|  25|  15|  5 |  9 |  9 |  13|  9 |  15|  8 |  3 |  8 |  11|  10|  6 |  10|  12|  4 |  12|  33|  10|
 27|  34|  27|  75|  19|  13|  19|  52|  8 |  5 |  6 |  8 |  9 |  4 |  11|  2 |  7 |  7 |  8 |  3 |  4 |  3 |  11|  18|  30|
 28|  17|  13|  22|  28|  5 |  14|  6 |  14|  14|  20|  1 |  2 |  20|  6 |  1 |  7 |  9 |  7 |  6 |  2 |  12|  7 |  13|  8 |
 29|  16|  57|  18|  16|  13|  11|  19|  17|  1 |  6 |  28|  1 |  8 |  5 |  6 |  2 |  6 |  3 |  0 |  3 |  9 |  11|  26|  12|
 30|  25|  24|  18|  22|  11|  9 |  19|  14|  10|  4 |  6 |  4 |  5 |  3 |  6 |  5 |  3 |  5 |  0 |  6 |  4 |  11|  6 |  21|
 31|  7 |  19|  11|  12|  21|  9 |  11|  9 |  13|  5 |  2 |  3 |  3 |  2 |  4 |  6 |  3 |  9 |  6 |  5 |  12|  10|  30|  7 |
[Observer]Lockyer_Observatory
[Country]United Kingdom 
[City]Sidmouth
[Longitude]003°1307
[Latitude]050°4116
[Frequencies]
[Antenna]Quad Yagi
[Azimut Antenna]135
[Elevation Antenna]0
[Pre-Amplifier]None
[Receiver]ICOM IC-706 MKIIG
[Observing Method]HROFFT30dB Length Datas
[Remarks]Windows 7
