aug| 00h| 01h| 02h| 03h| 04h| 05h| 06h| 07h| 08h| 09h| 10h| 11h| 12h| 13h| 14h| 15h| 16h| 17h| 18h| 19h| 20h| 21h| 22h| 23h|
 01|  7 |  9 |  9 |  8 |  9 |  5 |  11|  5 |  8 |  5 |  3 |  3 |  8 |  10|  2 |  6 |  5 |  3 |  2 |  5 |  2 |  11|  10|  6 |
 02|  9 |  15|  20|  15|  15|  6 |  11|  5 |  7 |  4 |  5 |  3 |  3 |  3 |  6 |  2 |  2 |  1 |  1 |  4 |  3 |  3 |  7 |  8 |
 03|  2 |  11|  14|  13|  11|  9 |  7 |  16|  4 |  4 |  4 |  5 |  5 |  2 |  3 |  1 |  1 |  3 |  4 |  2 |  2 |  2 |  5 |  5 |
 04|  5 |  10|  8 |  7 |  13|  3 |  5 |  5 |  5 |  6 |  4 |  3 |  5 |  1 |  4 |  5 |  3 |  1 |  5 |  3 |  1 |  2 |  2 |  11|
 05|  7 |  7 |  5 |  15|  24|  12|  5 |  13|  5 |  4 |  9 |  5 |  6 |  3 |  3 |  1 |  3 |  3 |  9 |  3 |  4 |  12|  11|  11|
 06|  12|  11|  10|  10|  17|  16|  7 |  8 |  12|  5 |  3 |  13|  5 |  6 |  6 |  2 |  2 |  2 |  3 |  5 |  3 |  6 |  5 |  6 |
 07|  12|  3 |  11|  6 |  11|  10|  6 |  17|  7 |  15|  3 |  13|  4 |  5 |  2 |  5 |  1 |  4 |  8 |  3 |  5 |  8 |  9 |  9 |
 08|  8 |  0 |  7 |  13|  4 |  18|  7 |  9 |  7 |  13|  5 |  3 |  7 |  5 |  1 |  3 |  1 |  4 |  5 |  2 |  1 |  4 |  7 |  5 |
 09|  4 |  8 |  13|  8 |  17|  18|  7 |  10|  14|  5 |  7 |  6 |  3 |  6 |  10|  7 |  6 |  1 |  5 |  3 |  9 |  4 |  10|  7 |
 10|  5 |  13|  12|  12|  18|  18|  14|  14|  10|  10|  18|  10|  6 |  10|  2 |  4 |  3 |  2 |  5 |  4 |  7 |  6 |  6 |  11|
 11|  9 |  13|  15|  22|  31|  20|  23|  18|  17|  6 |  13|  27|  10|  18|  8 |  4 |  7 |  7 |  5 |  3 |  7 |  5 |  10|  31|
 12|  29|  18|  45|  65|  72|  68|  50|  50|  57|  17|  33|  35|  11|  11|  5 |  6 |  8 |  6 |  5 |  1 |  3 |  13|  11|  16|
 13|  15|  17|  16|  25|  23|  19|  4 |  17|  29|  7 |  14|  11|  13|  3 |  12|  4 |  2 |  2 |  5 |  12|  5 |  3 |  4 |  6 |
 14|  13|  4 |  8 |  16|  13|  18|  12|  5 |  6 |  10|  8 |  8 |  5 |  6 |  4 |  2 |  2 |  5 |  3 |  3 |  2 |  4 |  3 |  4 |
 15|  8 |  3 |  4 |  5 |  7 |  9 |  7 |  11|  3 |  4 |  5 |  4 |  3 |  7 |  2 |  4 |  1 |  4 |  0 |  3 |  2 |  1 |  4 |  6 |
 16|  7 |  5 |  2 |  6 |  11|  12|  6 |  5 |  2 |  1 |  13|  0 |  3 |  2 |  4 |  13|  4 |  4 |  2 |  0 |  4 |  4 |  3 |  3 |
 17|  2 |  0 |  4 |  8 |  5 |  3 |  3 |  1 |  3 |  2 |  6 |  2 |  2 |  3 |  3 |  4 |  6 |  5 |  3 |  3 |  1 |  6 |  7 |  8 |
 18|  8 |  5 |  7 |  10|  6 |  3 |  3 |  1 |  3 |  5 |  4 |  8 |  3 |  5 |  8 |  4 |  3 |  3 |  4 |  5 |  2 |  1 |  3 |  4 |
 19|  6 |  7 |  5 |  8 |  3 |  11|  10|  3 |  4 |  6 |  9 |  4 |  4 |  6 |  4 |  0 |  0 |  0 |  0 |  0 |  1 |  3 |  3 |  3 |
 20|  6 |  8 |  6 |  5 |  5 |  8 |  5 |  4 |  7 |  1 |  4 |  17|  9 |  5 |  7 |  5 |  4 |  5 |  6 |  3 |  4 |  1 |  6 |  10|
 21|  6 |  7 |  5 |  7 |  5 |  6 |  10|  3 |  10|  7 |  7 |  4 |  8 |  3 |  1 |  5 |  1 |  6 |  6 |  3 |  4 |  2 |  5 |  5 |
 22|  6 |  4 |  7 |  6 |  5 |  13|  13|  6 |  3 |  8 |  6 |  6 |  5 |  3 |  4 |  1 |  1 |  6 |  5 |  4 |  4 |  5 |  5 |  8 |
 23|  2 |  13|  11|  6 |  9 |  6 |  7 |  3 |  6 |  6 |  6 |  9 |  4 |  6 |  3 |  4 |  6 |  2 |  3 |  2 |  3 |  7 |  3 |  7 |
 24|  6 |  8 |  7 |  8 |  6 |  9 |  8 |  4 |  3 |  5 |  5 |  6 |  3 |  2 |  5 |  6 |  6 |  3 |  5 |  4 |  7 |  3 |  0 |  6 |
 25|  5 |  2 |  4 |  5 |  3 |  4 |  2 |  4 |  3 |  4 |  7 |  3 |  2 |  3 |  2 |  5 |  4 |  1 |  3 |  6 |  3 |  2 |  3 |  5 |
 26|  4 |  4 |  4 |  2 |  5 |  11|  5 |  6 |  3 |  0 |  6 |  1 |  12|  3 |  5 |  1 |  7 |  3 |  2 |  1 |  4 |  2 |  2 |  3 |
 27|  8 |  3 |  3 |  1 |  5 |  0 |  0 |  0 |  0 |  0 |  0 |  0 |  0 |  0 |  0 |  0 |  0 |  0 |  0 |  0 |  0 |  0 |  0 |??? |
 28|??? |??? |??? |??? |??? |??? |??? |??? |??? |??? |??? |??? |??? |??? |??? |??? |??? |??? |??? |??? |??? |??? |??? |??? |
 29|??? |??? |??? |??? |??? |??? |??? |??? |??? |??? |??? |??? |??? |??? |??? |??? |??? |??? |??? |??? |??? |??? |??? |??? |
 30|??? |??? |??? |??? |??? |??? |??? |??? |??? |??? |??? |??? |??? |??? |??? |??? |??? |??? |??? |??? |??? |??? |??? |??? |
 31|??? |??? |??? |??? |??? |??? |??? |??? |??? |??? |??? |??? |??? |??? |??? |??? |??? |??? |??? |??? |??? |??? |??? |??? |
[Observer]Lockyer_Observatory
[Country]United Kingdom 
[City]Sidmouth
[Longitude]003°1307
[Latitude]050°4116
[Frequencies]
[Antenna]Quad Yagi
[Azimut Antenna]135
[Elevation Antenna]0
[Pre-Amplifier]None
[Receiver]ICOM IC-706 MKIIG
[Observing Method]HROFFT30dB Count Datas
[Remarks]Windows 7
