19
3
11
4
11
1
33
222
127
173
212
211
121
85
111
91
58
49
16
1
2
4
51
17
3
2
5
34
87
48
39
71
114
107
40
2
78
4
11
9
10
18
28
33
27
3
10
1
32
156
180
185
161
175
155
136
139
103
108
59
73
20
1
1
32
113
150
141
131
133
123
99
104
69
34
9
11
7
1
2
25
51
41
100
130
121
102
99
101
93
40
36
21
21
7
4
4
29
81
4
35
38
20
84
48
42
51
46
65
55
21
42
13
9
2
3
7
4
2
1
3
1
16
108
60
91
71
45
31
14
5
14
28
1
6
8
36
54
38
31
41
39
18
12
10
15
16
12
15
8
3
1
2
5
4
1
7
4
4
6
9
13
7
13
11
16
21
23
23
12
27
8
7
6
6
3
7
15
1
5
8
2
5
6
2
1
13
20
15
7
11
7
3
2
5
9
6
8
7
10
8
14
18
31
18
25
32
19
18
20
16
13
16
14
10
6
6
10
9
13
11
5
4
10
9
29
24
41
32
36
34
45
26
11
18
23
23
13
10
7
7
13
7
14
7
7
8
10
5
30
22
37
36
34
34
33
30
16
26
25
22
7
12
1
86
42
19
9
10
56
8
9
17
22
28
26
33
36
18
44
26
30
38
26
19
18
6
7
4
6
14
25
16
13
14
13
26
31
38
72
58
39
38
41
54
42
67
26
30
10
18
17
33
52
36
32
46
37
68
51
45
75
52
54
31
27
52
18
1
32
58
44
3
22
61
4
4
2
5
5
16
8
43
29
44
42
35
14
6
62
112
10
2
5
1
5
19
16
94
17
29
13
25
67
55
43
73
40
28
39
24
14
12
4
12
25
2
19
26
1
12
7
10
39
18
10
22
17
9
8
13
9
31
21
31
5
14
110
7
2
1
7
12
11
15
19
28
41
25
15
10
57
22
20
21
13
12
2
13
8
5
53
4
68
12
21
17
16
15
25
41
50
109
254
245
123
31
28
32
27
12
11
6
5
5
7
1
8
9
16
26
40
15
34
40
31
31
32
30
23
32
26
25
11
4
5
3
9
9
8
9
21
12
4
5
6
12
102
97
19
22
20
14
69
2
8
9
9
30
3
1
11
12
32
27
22
23
25
26
39
17
11
10
80
78
7
4
2
4
1
1
1
10
8
12
5
9
1
7
10
6
4
1
1
1
2
3
1
30
26
8
14
17
2
6
7
5
7
5
8
2
2
3
3
5
1
16
10
5
7
12
24
8
10
3
4
12
1
7
2
7
21
16
13
18
15
13
9
12
9
7
6
14
3
1
9
7
12
12
5
4
7
9
2
6
7
5
4
7
8
1
11
1
3
1
8
12
6
2
7
4
6
2
11
8
2
18
9
5
15
2
3
3
2
1
1
2
9
2
1
8
40
28
28
23
27
11
8
12
23
9
15
7
7
7
3
3
7
5
6
30
24
13
4
1
3
14
23
20
5
4
3
6
3
3
7
1
25
23
21
17
25
1
12
5
8
7
7
6
4
5
1
8
2
9
6
11
21
9
7
8
12
12
4
1
1
1
1
1
3
10
6
20
5
32
12
12
8
1
5
3
5
2
6
5
7
6
6
21
24
28
15
24
14
9
15
7
1
5
4
1
1
3
2
12
43
20
34
24
24
3
19
14
7
21
19
13
23
19
12
1
11
16
10
10
9
11
5
2
3
5
3
1
2
4
15
41
11
9
16
19
11
13
16
6
1
13
11
5
4
3
15
5
1
17
38
37
43
28
23
31
24
7
7
11
13
7
6
4
6
6
16
4
64
79
46
45
34
23
19
8
7
6
5
7
5
3
6
1
4
4
4
34
81
87
43
13
29
19
9
6
10
7
9
11
1
6
2
7
3
17
46
20
28
18
7
13
14
10
4
1
5
2
1
1
2
2
9
50
44
31
19
6
6
7
3
6
7
3
2
1
5
10
18
47
12
4
6
7
11
13
12
7
4
2
7
12
3
8
59
60
22
39
4
30
10
18
4
20
10
6
2
2
10
6
34
4
6
3
9
3
7
11
3
2
4
1
1
50
40
7
15
21
22
13
8
9
4
3
5
2
14
2
3
7
6
1
49
52
37
11
5
7
6
7
4
18
3
6
3
1
2
2
3
19
58
49
49
82
64
76
63
62
41
39
31
27
19
19
20
12
15
6
9
30
29
33
48
49
102
84
125
192
165
190
167
116
118
158
181
40
19
6
12
5
2
22
17
28
46
87
106
109
119
127
164
164
182
143
115
75
54
4
9
6
3
13
15
18
34
32
40
27
28
64
42
18
65
70
18
30
31
23
10
9
5
8
22
2
23
2
26
15
36
55
54
72
67
74
65
6
9
5
18
27
2
66
1
3
2
3
1
3
2
1
2
4
2
9
3
7
2
5
4
1
1
2
1
2
2
2
27
84
1
3
26
7
57
39
55
38
15
33
54
29
14
25
17
26
13
14
18
16
15
18
16
27
28
15
25
22
27
53
43
82
45
38
44
28
22
15
10
19
22
19
30
15
8
16
27
36
14
15
31
50
16
38
58
54
34
28
15
28
33
15
23
15
15
26
17
47
65
92
47
13
27
20
9
17
17
17
11
24
18
28
42
31
26
23
50
35
64
46
57
46
25
33
27
17
17
17
16
14
12
13
16
26
24
23
26
30
33
42
88
60
63
51
45
52
30
15
7
19
18
20
14
9
11
9
8
11
17
17
16
14
43
54
62
62
42
15
37
15
16
16
18
12
21
22
14
7
14
19
22
11
19
18
10
24
60
93
70
56
46
50
47
20
16
18
4
19
23
8
16
6
14
13
4
7
8
11
9
10
34
61
67
51
40
29
31
24
25
14
1
37
18
16
16
19
30
16
13
13
13
17
15
5
17
18
26
20
20
46
42
26
32
44
10
13
17
29
17
17
10
16
8
9
16
23
17
13
14
17
16
37
40
54
63
42
34
25
12
11
19
7
13
14
5
5
2
5
7
10
8
13
9
12
13
14
16
17
16
30
15
10
18
8
10
12
9
11
8
5
8
12
20
27
12
24
37
20
20
28
36
37
37
36
29
31
18
23
24
16
21
16
15
13
21
12
15
16
14
19
22
25
33
31
38
47
42
61
33
34
23
16
12
10
18
10
21
17
5
10
22
18
15
26
40
26
24
31
44
47
42
36
22
20
24
25
13
11
12
20
15
13
17
29
14
8
2
7
24
29
33
32
41
28
30
22
27
12
25
21
27
24
26
22
15
12
10
13
29
13
35
26
30
30
29
55
8
4
11
22
14
24
20
7
12
15
20
15
18
17
20
31
29
56
55
58
36
30
27
32
21
16
20
14
12
14
9
5
9
23
7
22
17
28
16
19
32
42
49
35
51
46
31
26
30
19
9
17
20
12
9
5
7
14
12
18
19
7
15
19
9
34
44
52
30
38
24
25
18
17
13
17
15
15
16
14
5
7
13
17
11
8
18
12
18
42
53
49
38
30
34
28
19
24
16
7
14
12
13
9
7
6
5
8
7
8
18
16
21
41
51
39
42
48
17
31
16
11
12
17
27
10
11
11
10
5
4
3
1
1
6
2
1
16
12
23
10
15
9
5
18
18
12
14
21
20
22
34
39
39
65
53
68
48
54
19
19
17
1
3
26
25
31
33
45
60
83
70
58
35
53
16
24
30
14
24
5
10
11
8
23
12
12
17
12
10
30
42
35
31
42
29
24
20
5
22
23
16
21
15
5
20
13
12
15
16
20
22
14
4
42
48
61
50
40
44
29
14
17
12
23
18
11
14
16
9
7
16
10
21
20
6
11
13
28
47
67
16
17
29
28
18
12
15
19
15
23
20
16
15
14
17
29
33
41
76
86
78
62
70
67
42
28
21
18
24
11
19
27
16
19
26
29
18
22
38
33
52
90
97
107
88
67
64
41
34
37
21
28
28
16
13
11
22
25
19
30
22
23
34
18
54
26
26
28
26
34
43
32
16
18
24
20
16
14
46
12
16
11
6
11
7
9
11
27
29
25
24
38
18
20
32
29
21
19
12
16
9
7
14
27
20
11
12
14
7
17
11
30
23
28
17
22
39
35
32
17
19
20
17
13
9
14
24
20
18
16
14
16
15
9
29
43
51
73
37
29
5
27
31
24
32
14
15
20
9
17
16
25
14
13
5
16
19
15
35
34
39
54
47
56
43
46
24
21
17
10
8
8
13
25
21
18
16
10
11
14
17
17
59
56
70
46
42
50
35
33
49
43
30
26
15
13
23
13
30
18
14
8
17
18
13
22
94
78
98
88
60
73
59
59
41
31
41
25
35
19
10
45
70
19
18
7
28
27
9
42
54
92
86
73
83
68
83
72
66
44
29
36
13
15
25
49
27
23
29
17
37
41
44
74
69
83
50
51
45
47
37
36
25
41
24
23
11
45
54
72
52
22
33
39
54
61
72
73
69
58
61
56
48
44
49
71
37
14
21
23
49
37
39
40
22
25
23
40
17
51
89
89
93
67
76
62
44
58
49
46
27
28
14
14
22
28
25
31
13
22
29
18
31
36
80
98
44
98
78
72
49
46
52
42
40
36
33
18
19
29
28
33
18
24
23
33
24
35
89
88
94
73
69
67
74
64
52
52
44
31
11
17
41
35
40
39
33
48
55
27
30
53
96
91
99
97
60
74
68
73
44
34
19
22
13
15
7
22
26
15
13
19
19
17
15
42
86
109
110
82
71
78
63
69
43
45
32
30
24
24
9
31
20
14
24
16
19
23
30
37
81
102
111
103
44
68
68
50
55
33
36
24
24
9
20
19
15
11
9
22
16
25
37
46
98
109
93
76
90
72
50
44
54
39
24
41
13
21
16
21
17
19
15
22
11
22
36
47
108
99
66
102
74
82
69
43
36
30
42
23
20
8
16
12
16
15
14
24
38
38
64
62
69
82
67
93
82
77
73
55
59
37
33
38
40
17
17
42
52
38
40
35
21
56
33
40
77
112
94
53
29
47
11
