2
3
2
7
2
2
5
8
10
14
8
1
7
5
10
1
4
1
5
2
1
3
1
1
4
1
1
2
2
10
9
1
14
1
1
2
5
5
2
2
2
3
2
1
2
1
3
1
1
6
2
3
1
2
1
1
1
2
1
1
1
1
2
4
4
1
1
1
2
1
1
4
1
1
1
1
1
1
2
1
14
1
1
1
3
1
16
1
1
1
2
2
6
2
2
3
1
1
2
1
8
1
10
8
1
4
8
13
19
4
4
2
4
6
10
6
13
15
4
22
16
20
2
3
4
7
7
3
3
3
1
16
1
1
6
1
2
2
3
1
1
3
3
1
2
8
3
1
2
6
3
9
1
2
1
3
4
3
2
1
4
3
1
3
23
9
15
4
6
2
1
1
2
5
3
14
3
5
10
1
1
11
3
17
10
4
27
1
1
1
1
2
2
1
1
2
4
4
1
2
1
4
1
1
1
4
4
8
19
1
1
1
6
1
3
7
4
2
15
12
11
39
18
10
4
2
5
7
1
3
1
2
8
16
7
4
16
16
4
14
7
1
2
2
1
11
1
5
4
8
3
1
2
1
3
2
1
1
2
1
4
7
1
1
4
2
2
2
5
1
2
1
1
1
1
1
4
4
1
1
1
1
1
1
2
1
1
2
1
1
1
1
1
1
3
2
4
1
1
4
1
1
1
2
3
1
1
1
3
6
4
1
1
2
2
3
1
2
5
5
1
5
1
4
1
1
1
1
1
1
1
1
1
3
4
1
3
4
1
1
4
5
5
1
2
2
2
1
2
1
1
1
3
1
2
1
1
2
4
6
1
4
3
2
1
1
2
1
5
12
1
1
1
1
1
1
2
3
8
1
3
4
6
1
1
1
1
1
3
8
5
2
1
1
3
1
1
2
2
3
1
7
1
1
2
2
1
2
1
1
1
1
1
2
1
14
4
5
2
3
1
3
5
11
11
8
27
12
20
3
2
4
3
2
1
2
1
1
1
6
3
1
1
1
1
3
5
1
3
4
1
3
1
1
1
1
1
1
1
3
3
1
1
1
1
1
2
1
1
1
1
1
1
1
9
3
2
1
1
1
1
1
4
1
1
1
2
1
1
1
10
5
4
14
26
12
25
3
9
25
1
2
5
8
2
2
5
2
2
1
2
1
4
1
5
2
1
3
1
2
1
1
2
1
2
1
3
2
2
1
3
1
2
1
1
1
1
2
8
3
29
7
11
1
1
1
1
2
6
2
1
1
1
9
1
1
1
1
2
1
2
4
4
1
2
2
1
4
2
1
1
1
1
1
1
1
2
2
2
6
8
10
9
2
6
1
2
1
29
18
29
8
4
1
1
3
5
3
2
1
3
1
1
2
1
1
3
1
1
2
1
1
1
2
2
2
2
2
1
1
1
1
1
17
2
7
2
1
1
2
4
1
4
1
1
1
1
1
1
1
2
1
4
2
2
2
1
1
2
1
1
4
2
1
4
8
1
1
5
1
7
32
24
7
1
15
18
5
4
5
9
1
1
2
1
3
1
4
3
19
1
1
3
2
3
2
1
2
3
1
1
1
2
1
1
3
2
4
1
1
1
2
2
1
3
4
4
1
1
1
1
1
1
1
6
7
14
9
8
19
34
14
10
4
17
3
7
11
4
2
2
1
1
3
9
12
6
14
1
5
3
5
1
1
6
1
3
1
2
7
4
3
1
2
1
1
1
2
2
2
8
7
1
3
3
4
1
1
1
12
5
2
2
9
2
3
2
4
1
3
6
5
5
4
4
5
2
2
2
8
18
8
8
17
25
1
4
3
5
1
6
2
6
5
3
2
2
8
4
1
3
3
1
2
4
1
1
1
2
1
2
1
2
1
1
1
1
1
1
6
1
1
1
5
1
1
15
2
1
2
1
4
1
1
5
8
4
19
10
11
22
12
8
2
2
3
1
1
4
1
1
2
9
17
20
3
14
5
9
2
1
1
3
3
5
10
6
7
2
2
1
1
6
2
3
3
3
1
2
2
2
1
7
3
3
8
2
1
1
2
1
1
10
1
1
3
1
1
1
1
4
1
1
1
1
1
1
1
8
2
1
3
2
3
11
14
1
2
3
3
11
2
11
1
2
1
5
12
2
5
13
13
2
25
16
1
8
1
10
1
2
4
6
10
12
3
2
7
5
2
4
1
1
5
1
9
9
12
2
6
1
1
2
1
2
2
4
1
3
2
1
1
1
1
3
3
1
1
1
2
1
1
1
2
2
5
4
3
6
2
1
1
6
3
1
1
1
1
18
7
4
3
1
2
22
11
2
3
1
1
1
1
12
14
15
17
1
4
5
10
1
14
3
1
32
12
12
12
16
7
4
1
3
9
2
7
1
10
2
1
1
1
4
1
1
1
3
2
1
1
3
1
18
4
1
1
11
4
3
3
1
11
3
2
4
3
6
3
1
17
7
6
11
12
6
2
8
1
1
6
12
4
2
2
6
1
5
1
2
1
1
2
2
1
1
3
11
1
1
1
4
2
1
1
1
3
14
1
3
8
6
8
2
4
1
1
5
8
2
7
5
27
2
10
8
5
13
17
13
11
10
11
4
8
8
2
9
46
36
35
32
24
19
27
15
11
9
18
11
5
1
1
1
1
4
2
2
1
1
6
5
9
5
5
1
11
7
8
8
1
1
4
1
2
3
2
2
4
4
11
2
5
1
4
2
3
1
2
3
2
5
1
1
1
4
4
3
8
2
6
1
2
6
11
2
1
2
5
1
14
13
40
55
4
6
37
4
3
11
2
1
1
3
2
5
19
25
33
20
1
1
1
2
1
4
3
2
2
2
6
20
18
24
24
19
21
13
9
2
3
2
1
4
3
2
4
2
4
8
6
3
1
3
1
2
1
1
1
1
2
2
1
2
1
1
3
3
3
3
6
5
1
1
2
1
1
4
2
2
2
3
1
2
1
4
1
1
3
6
2
8
2
4
5
2
1
8
3
3
2
1
3
3
2
3
3
3
4
3
3
7
3
7
9
11
4
5
12
4
1
1
2
1
2
3
1
2
4
4
4
4
2
6
4
8
5
7
4
3
5
1
2
1
4
2
2
1
3
3
2
1
1
1
1
1
5
1
4
3
2
8
1
7
1
2
1
3
2
3
1
2
2
3
2
1
2
5
7
2
2
3
4
3
2
2
3
1
1
1
4
2
2
1
2
4
8
3
5
5
3
3
6
3
2
1
3
2
3
2
4
2
5
3
3
5
4
12
7
7
1
2
1
3
3
1
1
2
8
7
6
6
10
11
9
4
10
6
7
11
6
7
4
5
8
11
14
10
15
14
5
10
6
4
10
12
4
5
5
7
5
2
5
2
3
8
10
16
13
20
13
2
5
1
3
2
4
5
8
9
13
11
10
11
12
13
7
3
3
6
6
3
4
1
8
5
5
4
3
3
6
10
1
5
4
7
3
4
4
8
7
6
2
8
10
3
2,2
1,1
2,2
1,1
2,2
1,1
1,1
1,1
1,1
1,1
6,6
1,1
5,5
2,2
2,2
3,3
11,11
3,3
1,1
3,3
1,1
4,4
1,1
2,2
1,1
4,4
2,2
3,3
4,4
6,6
5,5
4,4
2,2
1,1
1,1
3,3
2,2
3,3
2,2
2,2
4,4
2,2
3,3
1,1
2,2
3,3
2,2
5,5
1,1
11,11
5,5
4,4
1,1
3,3
3,3
7,7
3,3
2,2
4,4
4,4
6,6
3,3
6,6
5,5
2,2
1,1
1,1
1,1
1,1
1,1
3,3
1,1
2,2
1,1
3,3
2,2
3,3
3,3
8,8
11,11
9,9
5,5
1,1
1,1
1,1
1,1
1,1
1,1
2,2
5,5
2,2
2,2
1,1
2,2
4,4
3,3
5,5
9,9
12,12
9,9
10,10
5,5
3,3
1,1
1,1
2,2
3,3
2,2
3,3
3,3
3,3
7,7
3,3
5,5
4,4
5,5
4,4
9,9
5,5
2,2
2,2
2,2
1,1
1,1
2,2
2,2
3,3
1,1
4,4
1,1
4,4
6,6
7,7
2,2
2,2
1,1
2,2
3,3
1,1
1,1
1,1
1,1
1,1
1,1
1,1
1,1
1,1
1,1
1,1
1,1
1,1
1,1
2,2
1,1
2,2
2,2
1,1
1,1
1,1
3,3
1,1
4,4
1,1
1,1
1,1
1,1
1,1
1,1
3,3
1,1
2,2
2,2
3,3
1,1
1,1
3,3
1,1
10,10
5,5
7,7
4,4
3,3
3,3
2,2
3,3
1,1
1,1
1,1
1,1
3,3
6,6
2,2
1,1
2,2
3,3
1,1
2,2
2,2
8,8
12,12
6,6
3,3
3,3
2,2
3,3
3,3
3,3
4,4
2,2
3,3
2,2
1,1
3,3
3,3
5,5
7,7
2,2
3,3
1,1
1,1
2,2
1,1
3,3
2,2
4,4
2,2
1,1
2,2
2,2
1,1
1,1
2,2
1,1
8,8
2,2
6,6
9,9
3,3
3,3
2,2
1,1
2,2
1,1
3,3
1,1
11,11
3,3
1,1
1,1
1,1
1,1
1,1
4,4
6,6
5,5
1,1
3,3
1,1
1,1
1,1
1,1
1,1
2,2
1,1
2,2
1,1
3,3
3,3
4,4
3,3
1,1
8,8
8,8
3,3
2,2
2,2
2
3
1
1
1
1
4
13
7
1
6
4
9
16
16
6
2
3
1
1
4
4
5
5
3
3
4
4
3
5
5
4
7
5
1
1
1
1
3
2
2
3
1
2
1
3
9
6
11
11
5
9
1
2
1
1
1
1
2
1
2
2
1
3
1
4
4
8
5
3
1
1
1
2
1
2
2
2
1
1
4
2
4
4
5
3
3
2
4
1
2
1
1
3
1
3
7
8
4
3
1
2
2
1
2
1
4
1
4
2
5
1
1
5
5
6
5
12
4
4
3
1
1
1
1
1
4
3
3
2
3
6
1
2
4
5
1
3
1
1
1
2
1
1
1
7
1
6
1
4
1
8
6
10
3
6
7
3
1
1
2
2
2
1
5
2
1
1
4
10
11
7
3
1
4
2
1
1
4
1
2
2
2
4
6
1
6
8
4
2
2
1
1
2
1
1
3
1
1
1
1
3
1
6
5
4
4
1
1
3
1
1
1
1
2
1
2
2
1
2
3
3
1
3
6
3
1
9
1
2
1
2
3
2
1
2
7
12
9
7
2
1
2
2
1
2
1
1
1
1
2
1
4
7
8
4
1
2
1
1
4
3
1
2
4
3
1
1
1
1
4
7
2
2
1
1
1
1
1
3
2
1
1
1
2
2
3
5
10
5
2
1
1
2
1
1
2
3
8
26
3
1
1
3
8
1
2
2
1
1
1
1
4
2
1
6
1
1
2
1
1
4
3
4
1
6
3
8
4
7
3
1
2
1
1
1
1
2
1
2
2
3
1
1
4
1
2
1
3
6
4
4
2
1
1
1
1
1
4
4
2
1
2
3
2
1
1
1
1
2
1
1
1
1
3
1
1
5
1
2
3
2
2
1
2
2
4
1
1
1
1
2
1
3
1
2
2
2
3
3
5
4
6
3
3
2
1
1
1
2
1
1
2
3
6
3
5
17
15
10
22
2
1
2
2
1
5
7
3
8
1
6
3
1
2
1
2
6
6
4
4
2
2
3
1
1
1
3
3
2
8
3
2
4
4
4
1
1
4
3
5
2
2
4
1
2
1
4
4
2
4
4
3
3
3
1
2
2
3
4
4
1
3
1
1
1
2
2
2
1
6
7
3
1
4
4
4
1
1
2
2
1
5
2
3
6
1
1
4
1
2
5
4
5
6
8
5
3
7
4
5
2
1
2
6
4
9
1
5
1
3
2
1
7
7
5
4
7
4
13
3
3
1
1
2
1
3
11
5
1
1
3
2
4
4
6
4
1
2
3
1
2
3
2
6
1
9
8
10
5
3
5
2
2
2
3
5
5
7
4
1
3
2
5
2
1
3
3
6
6
6
7
2
2
3
1
3
1
2
2
3
4
5
1
1
4
4
3
3
8
5
9
9
7
2
1
1
3
2
1
5
8
3
2
1
2
2
1
3
2
1
3
1
5
3
4
1
4
1
1
5
1
2
3
3
11
5
6
6
3
6
2
2
3
4
5
3
3
1
1
3
3
1
2
8
3
3
5
14
3
2,16
1,12
1,17
22
21
25
2,32
1,25
4,34
5,56
2,59
7,41
3,68
2,75
7,57
1,40
2,41
1,40
2,26
3,2
4,2
12
4
2
2
5
2,1
9
2,26
3,38
49
8,46
2,40
7,58
6,48
5,61
6,65
2,69
3,44
3,27
2,6
1
4
8
7
3
3
1
1
5
1,9
17
1,25
2,52
2,46
11,56
3,58
3,64
3,73
4,86
5,59
1,61
2,50
2,25
4,5
8,1
4
7
9
5
2
1
1
2,2
1,6
1,18
3,29
5,22
2,35
2,44
6,35
10,43
7,45
4,43
8,42
5,42
5,40
2,14
5,3
8,76
5,218
2,88
3,68
252
4,77
17
1,21
1,19
1,18
1,24
27
1,32
3,20
8,51
4,48
8,29
1,46
3,53
3,42
1,31
1,30
5,34
4,34
5,18
9,17
7,9
4,3
1,2
2,4
2,15
1,22
1,22
1,25
1,15
15
3,28
9,30
10,39
3,42
3,47
4,41
4,53
6,52
3,34
1,34
1,25
5,20
7,17
6,5
8,2
5
1
2
1,4
2,10
3,21
1,20
24
2,15
1,40
7,30
6,37
5,54
9,51
8,63
3,70
4,60
7,38
1,29
3,49
4,42
2,10
8,9
8,26
4,14
11
13
2,17
2,15
4,15
5,15
2,16
4,31
1,28
5,22
3,43
10,76
7,69
9,61
8,52
5,49
4,43
4,30
5,36
6,42
12,42
8,40
8,18
5,13
3,17
4,16
4,7
3,11
2,19
2,10
24
2,23
3,21
5,45
3,57
7,46
6,66
5,82
10,60
4,58
5,49
2,33
2,42
1,34
8,30
7,31
7,24
10,26
5,16
1,13
18
19
11
19
26
30
30
57
50
62
76
72
72
64
56
57
49
32
56
18
1
20
24
1,24
25
1,25
29
34
44
47
52
1,57
70
1,68
50
43
27
17
24
10
2
4
10
24
18
33
36
28
55
59
48
50
74
86
2,55
4,53
1,42
1,31
3,31
3,46
6,9
6
4
3
4
2
4
1,10
2,16
5,25
23
32
2,35
4,48
5,55
4,70
3,55
5,100
7,68
6,60
2,50
5,45
3,32
6,60
8,45
6,14
6,1
1
2
1,2
4,12
6,27
3,19
3,21
3,23
3,33
5,51
3,45
5,45
3,61
2,76
4,78
4,50
3,45
4,30
2,41
26
4,44
8,25
11,12
5,3
1,1
3,2
4
1,9
2,9
3,28
5,19
1,23
1,23
1,38
1,38
2,35
4,66
6,45
5,59
2,41
5,50
5,38
1,54
1,40
4,52
4,45
9,38
7,23
2,9
3,10
3,21
2,24
1,17
2,24
3,20
1,24
2,27
3,40
8,44
7,104
8,99
6,103
6,86
7,90
2,79
5,76
1,58
4,60
1,116
17,89
15,67
6,24
9,49
7,34
5,38
2,32
4,25
5,39
1,32
1,37
3,52
1,57
4,64
12,67
8,54
6,69
15,72
7,82
4,63
6,68
1,51
3
4
10
4
7
2
3
6
3
4
2
6
1
4
5
7
8
10
9
7
9
5
4
2,54
1,34
6,41
5,25
5,2
4
3
2
1
4,5
2,9
7,3
4,27
4,31
3,32
3,42
6,46
9,42
11,44
9,61
59
57
2,81
5,43
5,40
1,53
2,16
5,1
10
7
5
10
2,1
1,1
9,5
3,11
1,24
2,20
30
2,47
2,48
6,78
12,65
8,28
15,37
8,68
8,54
3,38
12
3,37
8,49
3,8
12
12
2
2
5
1
3,26
5,15
1,24
3,39
2,18
7,29
6,36
5,59
3,42
9,21
13,70
11,56
5,41
1,45
6,52
3,21
7,6
6,2
7,1
10,10
1,2
4
3
2,17
4,30
35
2,38
23
23
2,26
3,54
3,57
3,64
4,87
92
2,67
11,75
2,44
3,53
4,21
2,3
8,1
9
5
2
4
2
1
2,18
3,31
2,14
2,20
2,24
1,30
5,40
2,47
4,34
1,54
7,43
2,45
6,19
1,32
35
2,15
1,133
7,103
7,1
2
3
5
18
15
2,26
3,22
29
2,27
4,31
6,36
6,55
15,42
13,68
6,42
2,35
3,37
15
2
9
9
3,42
5,22
29
22
2,20
2,27
24
1,24
1,37
4,51
2,37
4,34
2,57
2,33
8,81
8,77
7,78
1,44
37
41
41
47
35
37
29
15
21
6
6
9
5
16
13
8
9
31
46
56
56
52
72
137
145
81
84
41
52
44
15
6
13
28
20
19
6
11
3
15
7
48
17
61
33
39
8
29
34
56
12
42
43
63
71
49
16
42
56
44
29
48
31
42
29
22
15
21
21
18
14
23
27
28
34
37
51
78
47
25
7,12
38
53
11,49
4,48
14
43
12
4,13
4,24
5,17
2,15
2,33
27
2,20
3,22
2,29
8,39
5,58
8,83
13,80
13,96
13,110
63
1,75
8,84
7,78
7,89
11,75
12,57
13,27
9,51
5,30
5,22
5,16
4,23
7,29
6,19
6,11
23
5,24
5,29
3,53
9,44
12,28
18,34
11,28
11,96
2,90
2,86
1,90
8,94
8,63
14,71
14,57
9,32
9,29
5,19
2,18
3,25
5,24
1,21
6,16
3,27
1,28
7,46
10,68
9,76
10,119
7,111
10,97
5,112
4,110
6,96
9,122
12,104
13,75
11,44
12,87
10,44
7,20
3,26
3,29
8,29
3,35
7,38
6,46
4,33
4,45
7,52
8,55
3,80
10,117
18,129
5,117
10,122
1,131
2,123
5,149
12,116
17,101
21,27
13,25
17,27
11,19
4,21
6,16
5,28
2,40
4,48
3,39
2,30
1,45
6,61
8,79
12,105
17,105
12,96
13,97
9,96
6,60
3,66
10,111
14,91
16,44
7,77
11,68
10,37
6,18
2,28
6,33
6,38
10,40
4,33
3,25
3,34
3,47
1,67
6,68
9,82
16,92
14,88
9,70
8,75
2,100
6,118
9,110
8,88
14,55
13,53
12,36
13,23
5,27
14
5,17
8,21
3,28
4,3
3,15
2,25
4,32
4,43
7,90
9,62
5,37
13,66
10,64
4,81
4,78
2,140
6,84
10,142
23,35
16,72
18,33
13,52
6,26
7,24
5,26
9,7
2,13
1,19
33
2,6
2,1
7,11
5,14
8,27
9,16
11,24
8,24
30
8,45
1,29
34
176
116
111
72
59
47
33
17
31
44
47
32
36
47
53
102
114
106
129
110
155
195
217
187
159
134
99
209
104
51
21
21
32
44
64
35
39
30
55
89
92
113
122
167
166
197
233
152
121
118
108
85
222
106
21
20
33
38
122
174
195
41
53
82
136
137
165
193
204
240
200
232
223
182
145
85
11
19
3
2
2
21
52
54
51
31
36
51
151
179
152
242
280
297
260
196
120
65
154
109
73
55
27
26
38
31
16
63
20
25
28
22
25
33
67
102
88
138
123
177
97
153
136
99
74
53
31
45
29
50
40
35
14
15
40
51
35
33
28
33
44
50
40
57
55
56
28
5
32
25
20
17
23
15
15
10
6
3
8
5
3
1
6
5
8
4
3
5
8
4
6
6
7
21
41
7
4
