39
56
55
43
24
47
57
36
26
59
44
27
36
29
31
33
26
35
36
44
64
78
65
61
62
71
83
60
72
70
86
85
76
72
39
10
27
40
43
46
36
55
87
88
48
49
36
55
65
46
44
53
50
45
61
43
60
79
101
105
115
91
65
63
49
47
30
67
62
36
68
47
66
72
52
63
64
76
93
101
82
46
54
54
24
29
23
28
24
30
18
35
29
46
37
50
72
63
54
55
60
62
67
97
64
34
43
26
18
23
20
24
20
22
29
33
40
39
31
52
61
64
67
51
65
64
72
61
59
60
38
19
18
17
27
17
10
24
26
31
27
48
43
25
51
46
57
39
40
52
57
44
41
28
23
10
11
9
15
16
14
16
16
9
13
32
30
32
24
34
38
49
55
43
60
57
32
35
37
21
17
22
23
19
16
27
44
34
59
55
55
41
48
48
29
32
39
14
17
9
13
16
12
12
10
16
17
43
38
36
49
48
60
69
58
71
65
46
40
30
40
21
17
14
15
9
6
14
7
12
22
23
18
29
44
43
34
39
31
56
59
59
51
46
29
10
5
9
8
15
8
10
5
10
7
13
15
25
42
29
39
40
51
37
36
19
42
14
19
12
9
6
3
8
4
3
10
12
10
6
15
14
22
31
25
30
33
28
31
41
38
31
23
17
13
9
4
7
6
4
3
1
2
4
10
13
13
11
15
8
14
27
32
19
19
9
8
8
7
10
6
5
7
8
12
18
12
10
20
22
28
36
34
28
33
37
39
31
18
16
11
4
6
9
5
10
16
10
6
11
27
24
32
23
32
42
38
46
42
39
23
25
20
12
7
11
14
9
9
18
10
17
12
8
23
31
25
32
24
49
40
24
53
44
37
20
18
13
11
8
14
8
3
15
12
19
27
46
52
42
80
72
97
81
84
73
74
84
80
47
36
37
19
18
21
28
26
30
44
57
16
19
9
16
25
36
31
89
68
90
58
115
95
58
48
33
19
20
32
22
25
23
31
68
52
50
78
110
92
120
118
121
111
107
71
96
77
55
31
37
28
13
25
22
16
27
25
14
35
18
37
54
33
40
34
32
34
42
29
15
9
15
12
10
12
3
4
15
6
6
11
5
11
9
24
29
31
29
43
30
33
38
27
16
13
12
8
6
19
17
3
6
6
32
8
20
15
20
36
43
22
39
67
50
28
27
15
33
16
8
10
5
13
10
10
14
14
15
11
14
11
18
38
30
34
13
24
20
26
36
24
33
16
14
11
7
6
3
17
3
7
10
11
9
9
19
17
13
21
29
25
22
23
26
27
35
25
8
10
9
9
8
11
13
11
16
12
18
21
22
32
54
36
39
31
48
35
47
16
31
14
16
12
12
5
13
11
8
15
22
14
7
12
13
35
51
26
42
45
49
48
46
32
36
27
30
19
16
12
5
13
12
13
11
19
20
22
27
40
41
47
40
45
35
34
44
45
46
18
16
18
10
13
10
11
8
17
8
10
15
20
21
32
47
33
36
32
36
31
21
28
24
14
17
19
9
10
14
11
6
15
10
2
7
12
8
24
36
53
47
39
51
47
51
47
27
18
18
12
14
14
11
9
13
18
13
14
23
29
35
39
48
32
45
70
71
70
43
47
31
30
29
20
16
13
19
18
23
32
17
36
50
39
38
44
64
79
92
78
79
66
66
52
54
40
27
25
18
17
14
15
14
19
21
39
29
42
53
89
95
91
76
81
59
61
40
41
40
29
22
22
13
19
9
15
30
29
23
35
27
30
32
97
74
68
50
55
32
57
43
29
28
24
20
29
30
14
7
16
26
36
30
50
61
62
93
84
91
81
70
68
67
58
66
47
50
36
27
14
14
9
7
14
2
14
11
13
21
19
34
51
34
35
42
33
32
32
26
31
31
19
21
10
9
6
9
13
4
18
11
13
27
22
24
44
49
40
43
36
34
35
29
33
27
24
22
13
12
9
5
7
10
10
15
15
10
19
26
27
33
27
39
22
36
24
28
21
25
9
6
4
5
8
7
6
5
2
2
9
18
23
12
21
21
24
34
22
24
36
17
25
8
21
9
6
7
4
3
11
11
9
18
14
23
19
22
37
31
31
19
35
26
29
33
29
19
12
14
13
10
7
1
5
12
7
7
7
5
10
12
16
23
22
19
30
17
29
25
24
27
20
14
13
11
8
2
8
5
8
11
6
21
13
14
37
30
35
30
20
27
33
28
30
28
18
7
9
4
7
3
2
4
7
7
8
8
16
29
23
19
34
23
37
21
21
32
42
30
31
26
12
11
9
3
7
9
5
15
10
17
13
19
29
27
30
34
46
42
21
23
15
25
17
11
16
6
12
4
8
13
6
6
10
14
22
16
18
20
29
35
21
24
15
31
23
34
29
12
7
3
4
12
5
4
15
9
15
16
17
14
22
41
53
53
36
48
45
30
25
20
18
14
8
5
9
9
12
10
15
10
13
20
30
22
25
35
21
19
26
33
24
14
52
37
21
14
7
9
8
8
7
5
13
15
10
17
17
21
38
43
50
54
63
39
38
43
54
54
31
16
11
18
8
6
11
13
10
22
20
33
46
52
87
87
79
85
60
39
56
55
51
45
46
38
30
17
11
13
24
29
23
28
21
24
35
47
79
54
70
60
68
82
75
65
79
68
54
35
29
13
17
23
22
22
26
24
10
5
11
17
46
76
42
27
58
59
76
65
39
40
18
4
14
9
14
5
15
19
32
40
49
45
59
39
52
75
89
103
82
96
81
72
54
56
46
32
22
18
14
15
31
20
28
29
25
40
48
59
73
68
62
69
67
85
93
66
71
70
48
43
25
4
6
15
23
33
16
11
18
14
24
29
23
52
38
41
24
47
21
42
44
17
14
11
10
7
10
14
2
2
13
6
4
9
11
28
71
71
33
25
50
53
31
27
30
24
10
14
10
8
7
6
13
6
18
1
3
13
21
22
15
3
38
36
41
23
44
23
11
12
1
6
2
1
10
11
2
4
6
15
17
26
40
48
37
59
49
49
27
20
27
19
14
7
15
9
3
3
6
10
12
10
13
21
20
29
30
45
19
32
37
28
42
25
16
7
9
10
9
7
10
12
12
9
7
3
14
22
16
13
24
46
27
47
41
32
21
18
7
8
9
8
7
7
5
7
10
7
8
4
10
14
23
43
27
25
28
49
17
18
29
19
25
14
8
4
15
5
8
18
9
26
20
19
28
36
45
54
71
72
54
49
43
47
41
40
38
31
21
9
10
12
7
12
15
8
20
30
26
14
9
28
89
61
43
50
31
42
48
48
48
39
26
22
8
12
10
14
23
17
14
14
29
47
61
80
93
75
52
58
65
53
47
50
47
44
27
17
32
28
25
17
19
10
18
29
21
46
47
53
64
82
87
40
90
71
61
30
40
43
33
24
14
11
22
14
11
18
21
26
61
27
22
39
52
49
40
64
120
86
74
44
45
34
37
23
11
18
15
26
12
21
25
29
23
13
21
16
46
25
44
58
33
35
45
39
27
47
16
16
7
8
7
14
17
21
12
5
16
24
30
26
32
30
34
55
44
52
36
32
56
36
30
25
10
8
7
6
10
6
14
8
13
22
16
5
31
24
21
39
35
34
44
36
60
40
31
24
11
12
23
11
10
17
11
11
18
26
21
36
45
45
43
48
46
45
56
46
43
45
35
12
18
11
12
15
14
22
14
19
20
13
22
37
47
51
41
39
35
46
66
58
59
56
17
23
18
5
4
10
16
15
23
38
34
37
43
59
62
86
76
54
45
59
79
89
79
62
48
22
14
14
22
14
12
28
14
23
25
31
33
47
57
57
64
47
52
50
60
66
51
55
31
17
15
4
11
4
4
13
10
9
11
31
12
12
18
18
18
20
38
40
37
53
43
18
23
13
3
2
15
9
8
6
5
3
6
15
12
5
19
14
30
42
33
26
65
43
37
30
9
11
11
4
11
4
3
10
3
3
9
33
15
30
34
69
50
81
64
56
75
104
125
47
14
5
3
5
12
18
11
8
9
7
14
30
48
48
48
63
59
49
64
61
64
64
77
43
25
26
9
7
12
10
18
10
8
16
13
14
13
26
40
34
44
48
48
57
87
63
90
48
40
26
10
7
14
13
11
14
13
15
19
28
28
57
45
63
41
23
48
43
69
65
76
43
15
3
7
4
9
9
13
12
8
9
13
17
42
38
40
20
36
44
64
26
17
27
30
16
7
12
6
13
7
9
5
8
17
25
18
9
20
27
23
22
12
13
10
27
28
16
20
10
16
9
3
9
7
7
8
7
11
8
17
21
22
10
14
30
29
23
35
50
28
33
43
15
12
7
10
7
7
13
17
6
19
10
11
25
26
33
28
37
24
30
25
72
54
69
36
20
12
13
14
10
5
12
14
6
21
12
12
14
25
35
27
48
24
42
50
66
70
65
29
24
19
13
12
9
6
11
8
11
12
25
11
24
23
23
32
24
32
42
41
46
28
30
21
10
13
4
7
2
11
4
2
6
6
10
10
19
22
23
30
42
34
23
30
54
36
44
28
40
11
15
12
7
5
4
6
7
7
12
14
11
18
20
20
20
26
39
33
27
36
41
25
16
14
11
8
7
8
6
15
14
17
21
27
36
22
21
16
24
39
31
27
37
26
16
15
8
10
8
5
6
6
8
10
1
13
12
17
16
11
8
20
15
24
15
18
41
34
30
15
9
5
8
9
3
3
7
10
8
6
7
14
29
22
23
16
16
30
12
29
22
32
20
17
11
20
4
7
3
6
10
19
5
7
4
26
16
29
23
23
20
23
36
32
31
54
36
21
16
8
7
4
3
3
6
4
11
14
20
14
14
30
25
13
19
28
30
25
26
26
16
15
13
6
5
4
6
3
3
5
12
27
8
28
27
22
34
36
36
38
47
31
50
50
24
24
12
16
6
7
9
17
11
11
10
25
25
36
33
41
30
45
49
35
50
34
44
51
23
12
11
8
10
10
3
4
16
6
8
4
3
21
16
13
15
21
22
26
28
25
31
35
34
11
13
5
4
7
4
6
3
3
7
4
12
14
16
27
25
28
15
35
24
26
32
50
32
21
14
10
8
9
4
8
8
10
11
11
13
37
23
36
47
39
23
46
65
49
59
64
51
22
17
9
10
3
10
14
12
7
11
9
7
21
25
17
9
16
27
41
34
32
52
48
33
18
9
13
3
4
7
12
9
8
17
19
10
19
13
22
27
29
38
35
44
35
45
55
44
34
19
12
9
5
12
5
8
7
7
8
28
39
28
41
41
19
39
23
33
37
63
41
45
40
19
15
13
8
6
14
20
9
22
29
23
42
63
37
41
27
40
26
33
41
53
54
51
47
20
9
2
8
9
10
8
15
21
39
32
43
52
66
53
33
29
50
52
49
42
41
31
13
18
8
8
10
18
18
19
26
30
21
32
48
60
38
44
41
24
38
49
36
58
75
29
29
10
12
13
12
17
19
8
6
13
25
27
43
68
97
41
58
48
59
54
70
87
75
44
34
17
8
5
8
6
9
11
15
6
9
10
27
45
65
38
35
43
41
55
42
62
52
47
26
16
8
4
11
8
6
9
16
13
15
25
37
36
56
30
31
67
78
58
56
69
53
56
27
27
13
5
10
12
13
13
19
12
28
30
23
39
32
27
21
48
34
66
60
69
69
37
30
19
13
6
7
13
9
10
17
17
15
27
30
43
32
28
38
30
53
35
32
40
31
20
18
15
7
6
9
12
6
8
8
8
11
9
6
26
9
29
24
16
30
38
35
21
37
17
18
12
5
3
2
5
3
10
1
13
17
14
10
13
15
15
33
26
21
38
48
36
55
40
12
14
12
6
6
6
14
4
9
4
1
3
3
9
8
6
17
21
20
36
64
62
45
17
19
6
6
3
3
5
8
7
14
9
19
28
23
27
31
32
52
49
59
64
59
46
39
22
17
14
6
9
7
15
6
6
16
26
25
33
37
40
52
44
49
62
50
26
40
37
19
11
14
4
6
4
6
15
13
15
30
24
19
38
42
42
27
36
54
29
36
60
79
43
45
19
9
11
7
6
5
7
10
7
13
12
11
22
32
43
18
35
45
40
42
50
76
52
34
28
15
8
13
10
7
10
13
3
3
6
7
11
14
14
22
25
22
38
29
42
36
54
21
26
11
8
3
5
4
3
4
3
6
5
1
9
11
18
24
18
20
44
34
45
44
29
22
18
8
2
2
2
6
1
2
9
5
5
6
16
12
14
16
18
36
28
37
50
46
43
32
27
15
3
1
1
4
7
11
7
5
6
4
17
28
18
22
32
38
37
35
43
57
35
42
21
9
7
3
4
1
7
10
3
6
8
13
10
20
34
29
40
35
48
46
46
49
52
40
32
12
4
6
1
3
8
11
1
11
10
11
16
17
22
29
39
39
39
43
35
50
45
35
25
14
11
2
2
6
1
3
4
5
4
1
11
11
13
10
15
25
22
24
35
33
20
13
2
6
1
3
2
3
1
4
4
9
11
15
14
32
28
39
30
46
45
27
6
6
9
6
6
6
7
4
6
8
10
3
5
6
21
16
23
22
31
31
28
24
41
21
14
15
8
6
5
8
7
2
2
4
6
13
9
17
14
32
32
28
50
54
42
43
30
29
14
9
5
5
6
7
2
13
1
4
7
27
28
41
37
40
41
54
40
39
44
43
26
16
11
9
5
5
3
6
4
1
2
3
6
19
19
16
26
20
31
42
39
50
37
22
11
4
4
2
1
1
2
2
2
3
4
5
5
15
23
18
8
16
25
14
9
2
7
2
1
1
2
1
2
6
8
5
5
7
18
18
5
17
22
24
11
6
3
1
1
1
1
1
3
3
3
4
4
13
12
8
6
5
8
5
4
8
3
1
3
1
1
3
2
2
3
11
8
6
8
3
3
5
11
10
2
1
1
1
1
2
2
3
4
4
8
2
6
6
11
10
9
10
9
2
10
5
4
4
2
2
3
3
1
2
1
5
8
3
3
9
4
15
26
17
18
3
5
2
4
1
6
5
1
7
18
22
22
20
8
3
9
33
28
31
45
60
31
17
8
11
8
10
4
4
4
6
7
13
14
10
20
18
26
41
40
59
46
72
75
58
63
20
11
8
7
4
7
5
11
10
8
20
22
28
24
26
38
36
54
5
8
22
50
41
20
8
10
3
2
8
4
3
4
9
9
7
9
22
17
23
41
30
43
22
22
2
26
29
24
19
9
8
3
6
3
4
2
17
15
11
11
21
30
39
42
31
41
27
40
58
44
48
21
9
9
12
4
2
3
2
4
3
3
3
10
8
5
16
10
5
9
29
12
8
22
42
24
13
1
2
3
1
6
5
2
3
6
6
25
17
18
17
8
20
18
38
43
36
12
2
4
3
3
3
1
3
2
6
17
18
17
17
22
32
38
8
10
20
38
39
15
15
10
8
6
3
3
3
3
9
6
7
18
30
41
27
34
49
45
33
33
74
67
61
40
26
9
15
7
2
8
6
10
10
14
21
17
22
33
20
38
24
55
45
39
26
40
40
43
18
20
17
9
4
6
3
8
6
6
6
14
16
12
27
23
42
35
29
24
17
46
18
29
11
5
7
4
6
2
2
1
4
10
10
5
17
10
4
14
3
15
6
2
17
15
19
9
6
10
6
7
4
7
6
5
14
20
34
37
34
13
1
2
12
39
14
13
7
7
6
2
2
4
19
24
25
13
13
3
3
2
10
13
2
5
3
2
6
1
3
9
20
15
15
34
20
38
24
51
37
28
47
35
47
32
9
23
8
10
4
6
8
2
5
5
14
19
20
26
30
34
46
47
19
28
23
38
45
34
19
9
4
12
10
4
9
6
7
12
20
22
23
19
18
32
23
33
12
8
18
2
2
9
1
2
1
1
9
8
12
24
12
3
9
10
5
2
2
3
6
12
7
5
9
4
9
14
12
22
27
18
16
2
16
15
7
15
7
7
3
2
3
3
1
1
14
12
12
1
5
9
30
61
46
49
48
19
20
7
2
2
8
2
3
2
13
27
25
23
4
1
48
35
62
48
22
9
3
5
2
6
2
6
6
3
19
35
46
51
31
54
46
34
6
3
11
82
119
49
29
19
11
6
2
11
14
6
5
7
14
28
35
24
17
17
1
21
57
65
55
15
12
8
5
5
9
6
5
2
5
4
16
24
17
16
26
25
7
29
34
64
70
77
37
29
20
10
8
13
16
16
8
14
12
14
7
23
27
37
36
44
42
81
68
105
66
65
44
22
14
6
13
5
6
9
7
7
12
13
16
21
25
19
7
3
1
24
15
2
1
7
35
4
3
6
6
6
2
1
5
15
16
12
6
5
8
10
24
14
14
25
9
1
8
23
6
2
4
7
48
47
42
32
34
27
13
10
16
85
75
90
46
19
15
17
8
7
6
6
9
7
18
21
34
60
47
43
20
7
17
7
1
17
22
71
51
27
15
6
6
6
1
3
6
12
15
47
57
19
7
6
6
3
16
6
15
3
4
2
4
3
14
8
11
12
13
1
53
95
36
28
25
2
2
1
6
10
9
8
12
19
11
19
13
17
1
1
14
36
6
35
50
19
14
7
2
8
7
5
14
5
14
6
13
15
25
20
9
10
18
14
10
9
24
20
32
12
7
5
8
8
7
10
27
34
41
9
7
12
11
21
5
7
6
1
1
16
45
56
26
2
3
1
2
3
4
5
10
6
11
10
13
16
12
8
23
34
48
21
17
25
10
4
2
21
54
68
35
24
12
4
2
9
6
5
8
7
12
18
18
27
19
52
65
69
126
91
41
25
5
1
3
8
10
4
12
8
8
12
15
18
25
38
44
28
24
40
23
75
84
104
102
113
99
42
44
16
8
9
6
11
11
11
13
8
13
24
10
32
27
66
23
23
34
54
95
36
60
29
18
6
6
1
9
4
10
12
8
12
14
39
12
32
37
30
24
41
1
10
10
45
26
44
31
18
23
9
9
6
7
9
9
21
32
32
30
10
16
9
40
74
108
59
51
29
14
7
10
21
23
22
16
23
32
65
46
51
46
34
11
4
47
87
67
51
9
4
12
5
12
8
15
4
16
9
16
13
20
30
40
16
8
1
45
28
19
35
35
51
38
35
23
18
13
8
10
26
10
29
13
21
36
32
28
7
7
17
105
86
67
124
100
98
85
64
39
16
7
19
17
17
15
9
8
7
12
8
17
14
23
68
79
30
5
4
49
77
59
33
17
17
10
8
17
17
16
16
26
22
47
63
85
70
96
82
82
77
72
40
85
68
53
37
33
12
13
13
23
14
10
9
32
15
21
18
17
13
60
75
85
101
46
15
46
26
35
29
25
12
10
9
27
15
12
24
21
30
38
73
59
70
29
73
37
9
69
70
89
61
31
10
7
9
13
23
16
14
4
6
4
23
30
41
31
16
44
53
104
80
63
90
119
112
61
39
22
15
13
11
10
16
11
6
7
22
27
37
43
8
3
13
48
80
97
100
104
81
74
34
5
8
13
21
19
18
16
22
13
22
21
24
25
22
5
3
4
24
35
30
57
49
16
39
29
18
21
26
31
18
14
17
20
23
38
37
2
1
1
9
20
35
45
48
41
32
24
11
12
15
29
17
26
26
15
18
25
29
32
61
27
2
31
56
57
48
21
25
19
13
1
14
4
13
17
28
18
21
51
46
60
29
55
53
5
7
21
6
31
21
23
11
9
10
19
13
5
4
13
14
12
18
25
26
43
55
76
86
50
6
23
50
60
42
29
15
6
11
18
21
26
10
4
3
26
33
31
48
64
29
46
28
37
54
56
55
36
25
24
13
13
10
16
16
13
16
15
31
25
43
44
50
75
96
78
74
54
74
69
61
59
27
32
18
29
15
16
24
18
21
22
15
36
51
66
61
74
93
73
70
50
3
12
37
47
19
17
6
5
10
13
11
13
8
19
5
21
23
31
50
51
68
50
5
67
88
44
50
19
16
24
17
16
31
7
17
27
17
12
15
38
35
68
70
111
107
108
76
87
95
87
58
43
14
12
15
11
16
9
11
14
17
5
10
34
30
60
84
78
16
13
51
69
50
89
72
51
42
21
19
26
38
24
32
26
28
22
41
52
57
27
51
16
77
116
103
105
101
105
90
55
32
13
2
4
16
20
23
16
10
8
25
30
42
56
63
85
96
67
94
85
37
25
12
12
13
10
11
7
6
9
10
8
5
21
29
19
17
11
9
8
61
58
82
43
81
105
71
51
14
15
7
18
29
28
19
14
10
15
32
26
28
17
14
5
21
65
70
90
76
47
51
17
16
15
17
16
17
15
11
16
25
29
28
2
10
3
2
1
21
55
33
16
10
23
38
31
23
9
14
40
42
61
67
59
72
43
40
55
30
18
28
50
39
3
5
15
14
15
31
23
19
19
34
37
48
51
52
68
47
43
104
96
114
120
84
72
75
53
29
40
34
43
27
33
29
2
3
1
30
34
19
2
14
49
53
39
12
42
35
43
22
11
9
9
11
12
10
11
11
16
17
39
28
35
63
51
50
64
66
75
63
62
64
48
31
20
15
13
18
18
17
15
18
17
27
49
43
36
59
78
91
73
32
67
60
61
41
46
34
28
21
19
22
29
16
17
27
23
50
49
42
41
78
88
112
76
86
92
61
56
43
40
43
29
16
10
28
25
21
18
26
33
45
42
32
58
64
70
83
57
74
29
18
23
16
9
15
8
10
7
13
8
7
6
6
5
13
37
19
14
41
59
76
60
33
15
53
60
26
23
14
14
20
10
13
23
23
18
17
11
20
36
44
17
19
35
55
68
67
53
60
52
45
41
21
22
23
11
29
21
27
24
15
25
88
62
53
50
97
141
129
105
91
72
55
51
49
35
20
14
15
23
22
39
46
29
36
48
110
100
64
15
86
97
64
52
17
53
13
15
43
22
8
4
12
10
30
30
31
17
33
63
86
74
64
65
83
74
47
6
44
51
18
17
20
16
16
5
12
4
10
12
8
14
19
30
37
26
37
22
25
36
50
34
21
36
39
32
9
17
11
13
5
8
5
15
11
14
16
48
75
49
49
42
72
93
108
70
58
43
36
30
17
16
13
12
8
14
9
13
13
23
50
35
26
32
31
52
89
55
27
32
20
9
1
2
17
7
5
16
18
15
20
26
9
12
23
29
29
33
26
14
21
14
24
25
9
11
9
8
11
8
41
37
44
26
22
53
35
43
22
30
43
28
12
15
20
12
11
2
4
9
19
11
10
1
14
43
39
29
7
7
3
21
16
22
19
33
9
9
12
4
12
15
21
30
15
9
33
58
29
17
1
1
28
16
24
33
17
27
11
11
8
10
2
9
21
16
13
16
23
30
38
35
25
45
38
43
47
24
43
49
31
14
10
7
6
10
8
17
12
8
2
15
10
15
31
33
18
9
2
38
49
42
42
22
3
6
1
2
4
7
7
3
11
12
28
61
31
25
27
4
1
3
12
17
25
16
13
14
3
7
10
6
6
2
6
17
11
29
41
23
42
32
38
35
63
54
30
30
35
36
11
14
9
14
19
13
8
11
12
18
29
35
41
40
39
60
41
62
22
29
24
31
40
16
11
18
8
6
17
9
8
3
5
4
11
39
32
45
30
40
32
15
3
30
9
1
6
11
1
7
4
8
6
11
10
15
29
15
20
25
42
24
20
36
32
41
38
29
33
29
23
23
27
13
11
5
15
7
3
34
39
35
25
18
21
42
11
3
4
43
20
26
16
17
23
11
16
12
12
8
11
13
17
36
20
25
28
43
41
56
35
25
26
15
10
17
13
12
4
9
6
8
11
12
8
7
16
13
13
15
16
30
34
27
23
3
2
10
11
22
14
15
11
7
6
10
2
3
5
5
3
9
14
13
31
21
13
32
39
40
40
37
26
20
14
20
18
17
15
7
9
10
10
6
2
16
8
8
21
5
9
16
17
23
41
4
14
18
13
13
8
6
10
7
7
12
11
8
11
24
31
42
24
39
33
41
39
35
37
23
18
18
24
13
12
8
9
11
8
3
8
13
14
29
30
20
37
54
70
48
19
25
44
33
19
31
25
23
17
9
12
6
7
4
10
7
6
27
26
25
22
33
39
59
63
45
40
8
9
16
17
13
9
7
6
11
11
3
4
9
15
33
39
39
33
39
41
34
26
30
55
35
12
31
12
17
10
9
16
3
6
6
15
6
13
23
20
9
25
30
40
40
24
14
20
12
9
4
4
1
2
4
7
2
3
3
4
4
5
5
10
7
7
12
4
15
18
14
16
22
19
13
6
9
5
6
4
7
4
7
2
2
5
20
19
12
24
30
41
34
25
28
34
20
1
10
9
8
10
7
6
6
3
2
1
4
2
17
22
17
19
33
32
35
42
31
17
7
11
17
17
15
12
10
12
17
8
6
18
7
6
27
27
14
18
33
22
43
32
22
37
31
22
27
19
16
6
12
10
1
3
5
10
10
18
38
31
16
22
18
11
4
7
22
30
27
20
43
19
11
10
13
9
10
10
10
11
6
11
31
26
18
20
40
29
39
31
16
58
36
17
6
9
15
7
7
4
6
5
7
5
7
7
16
19
16
23
28
28
35
39
23
21
13
11
8
12
10
5
4
5
6
3
6
6
12
15
13
32
18
17
11
28
20
13
15
16
29
20
14
6
6
11
6
7
8
6
7
7
16
33
27
28
27
27
44
43
31
36
46
38
30
26
13
11
16
5
3
8
7
2
4
4
23
26
8
15
11
23
13
24
18
18
20
20
16
13
7
4
4
1
2
4
6
13
5
38
48
9
2
20
24
47
9
7
17
24
51
24
17
34
54
30
26
20
18
14
14
15
5
9
12
6
25
18
21
49
13
8
6
6
10
8
14
13
8
7
11
12
7
11
9
12
7
11
15
27
25
40
9
18
10
31
22
31
48
43
21
46
21
16
20
22
21
34
31
46
13
11
23
21
41
35
1
13
25
36
25
14
37
15
14
9
3
1
7
7
14
34
25
32
42
35
32
54
42
4
15
3
6
23
11
4
3
2
9
8
2
11
15
10
26
15
59
12
30
13
39
41
59
25
25
45
17
26
18
18
12
45
29
33
9
21
44
36
44
42
44
70
6
33
37
43
52
49
63
34
31
46
25
33
17
8
23
6
18
21
35
36
72
76
88
46
24
31
24
33
23
34
35
42
19
2
8
25
16
19
23
57
44
43
58
67
83
103
77
53
6
33
39
55
79
68
65
90
50
56
39
31
41
55
5
6
29
90
85
65
78
191
168
69
68
64
102
148
70
65
16
29
29
30
8
11
27
116
40
35
21
53
92
144
206
150
209
130
35
26
76
98
97
175
112
41
45
75
60
17
93
31
3
12
17
53
129
182
216
230
235
195
219
170
213
198
179
146
59
81
116
87
20
30
33
60
5
27
12
48
53
83
149
216
234
212
235
232
203
208
162
115
23
42
33
9
26
51
44
138
14
91
58
73
114
185
222
225
216
183
142
212
182
171
105
92
142
34
31
26
80
14
28
7
62
112
155
185
176
207
8
6
12
116
127
51
82
56
29
30
24
34
9
11
24
54
58
44
30
41
87
76
78
148
117
67
85
115
95
81
36
30
41
28
26
14
19
64
53
96
37
29
37
40
76
92
106
79
120
102
105
80
71
45
44
41
22
40
22
32
28
20
11
65
17
46
84
53
99
88
104
80
176
170
87
73
86
124
74
67
54
43
26
29
24
33
43
34
2
46
8
2
2
2
1
2
2
5
5
47
56
10
31
11
49
27
32
11
37
16
19
42
35
42
57
49
84
85
57
81
68
16
55
26
7
10
41
31
24
21
35
115
29
43
43
43
86
45
65
66
82
109
129
103
91
81
51
119
107
20
18
31
9
60
43
21
49
24
101
66
50
51
62
53
54
63
104
86
151
93
39
118
28
18
31
62
6
10
5
38
44
25
32
68
77
77
84
92
77
48
52
33
54
67
58
72
65
31
12
9
61
44
46
33
41
66
51
62
49
46
53
80
121
85
25
80
2
18
23
68
44
27
47
49
72
78
88
128
24
31
49
51
67
78
75
47
37
37
14
28
19
17
24
44
46
41
75
76
91
82
61
54
59
49
8
41
26
49
22
39
18
20
14
18
36
26
97
56
53
136
44
67
87
102
109
91
135
123
136
9
120
60
49
59
49
38
31
91
42
183
86
53
91
55
60
65
62
57
93
48
51
57
46
39
56
138
68
36
55
106
124
190
65
16
27
30
36
58
59
65
74
101
166
6
9
6
15
7
51
53
48
27
31
42
99
36
7
39
38
134
57
85
79
89
102
155
159
8
90
175
77
46
106
84
55
37
37
34
124
173
85
53
27
47
57
53
62
74
67
74
121
138
70
72
74
93
67
18
43
29
31
27
76
26
116
29
51
48
53
85
126
88
106
96
93
86
49
45
42
56
78
70
50
51
51
70
51
32
35
42
43
39
55
80
92
96
145
108
73
89
43
69
30
132
92
65
58
68
21
26
48
66
104
74
99
85
57
103
85
148
115
103
105
58
110
181
78
57
67
78
70
75
24
16
6
2
1
94
62
75
94
105
130
133
108
117
143
94
70
76
62
72
84
66
49
33
47
51
55
19
40
46
61
61
54
83
85
87
83
88
129
131
94
66
113
76
86
84
75
109
157
100
167
170
92
160
41
26
142
67
78
76
87
72
66
163
219
177
167
75
48
275
53
36
29
48
33
154
103
96
140
112
111
107
142
141
89
57
39
49
101
32
19
100
66
21
16
26
9
28
11
6
12
38
51
56
79
130
145
158
152
152
148
148
104
90
100
84
44
78
82
49
30
40
56
26
26
44
37
63
78
112
184
174
191
192
172
130
105
99
119
122
81
78
63
67
77
43
56
27
56
68
71
73
123
158
203
221
183
207
244
147
172
247
87
62
58
249
130
115
98
81
60
57
61
72
91
121
182
185
230
249
237
257
207
156
170
164
103
1
50
119
152
176
138
150
119
68
81
93
43
110
76
65
75
35
31
58
44
20
19
52
116
180
119
89
83
130
127
96
103
64
54
61
60
57
47
58
11
20
18
27
20
18
22
70
59
46
43
39
57
122
98
100
90
74
69
69
38
56
68
112
99
88
79
60
45
39
31
26
20
71
70
120
111
99
61
59
44
9
38
26
21
14
69
106
98
120
119
102
77
2
46
30
78
149
124
94
68
69
47
34
41
37
8
51
65
89
86
112
130
152
159
131
45
10
2
64
58
35
39
34
41
29
39
78
106
91
84
63
63
58
9
14
31
64
61
53
59
57
13
74
58
197
157
178
137
122
106
88
89
133
125
77
96
73
77
68
51
50
29
18
111
46
101
22
117
53
35
22
31
54
36
41
12
21
31
26
31
28
27
31
17
31
26
34
36
29
20
16
17
16
13
18
26
20
15
26
18
15
36
49
41
27
34
33
19
15
38
39
41
24
13
9
16
70
21
18
26
31
28
34
71
88
79
77
74
62
56
58
66
72
55
90
81
31
15
14
40
26
31
5
12
7
2
7
12
13
24
22
21
12
14
7
5
15
4
50
29
7
13
33
39
49
36
49
32
28
27
22
20
6
4
9
17
21
10
1
16
1
11
10
30
5
17
15
18
10
46
11
15
25
21
9
17
10
29
18
7
2
22
18
21
21
38
15
8
49
31
24
13
18
42
123
57
49
28
29
51
111
70
18
27
18
7
3
24
52
71
36
19
72
73
73
61
119
66
88
54
52
41
46
72
64
41
74
62
43
86
39
12
34
7
21
32
18
8
24
52
10
14
7
8
6
37
49
48
54
74
67
34
35
25
37
25
29
18
19
14
15
9
28
24
16
6
27
28
37
68
90
111
86
120
153
47
42
27
39
31
31
45
38
16
25
20
27
27
19
9
38
44
147
69
74
33
35
52
23
15
20
9
1
7
30
45
25
16
85
102
145
104
60
62
30
23
6
18
24
48
37
34
11
5
15
19
20
46
98,36
102,67
88,59
79,50
71,44
68,8
46
60
54
48
33
78
66
31
5
16
17
19
23
11
24
18
58
114
32
51
78
59
101
33
36
82
25
32
15
25
10
21
11
17
7
12
27
12
53
36
102
28
40
15
77
6
24
26
27
50
68
69
61
111
130
84
69
106
90
59
139
81
134
66
79
116
71
25
23
32
42
48
55
52
55
61
72
59
92
61
47
48
44
76
32
29
34
35
31
28
20
19
31
12
22
27
31
39
32
38
56
65
44
63
55
33
64
65
51
41
31
16
23
19
29
19
30
46
38
64
69
78
74
53
51
69
27
32
28
22
31
14
47
20
29
18
34
20
42
84
135
111
130
70
35
68
57
69
44
61
65
32
81
39
53
37
25
4
19
37
33
47
68
91
56
50
76
94
59
69
58
37
56
32
23
23
18
24
15
27
38
35
38
44
42
69
29
52
53
85
50
44
39
76
41
9
15
28
23
40
16
19
26
23
34
47
53
45
52
54
54
75
48
41
42
57
85
65
88
65
45
57
43
39
22
32
25
60
33
22
70
87
56
63
38
48
62
59
43
43
35
38
52
32
48
19
23
59
28
26
30
51
14
47
47
53
59
67
47
69
78
63
84
74
58
70
59
58
61
35
23
40
23
32
46
40
39
51
75
65
69
74
72
76
65
70
97
56
74
53
94
40
47
45
23
41
24
31
56
28
47
49
53
48
70
60
69
59
53
48
56
41
67
62
79
39
21
35
16
52
21
61
26
21
13
31
48
40
44
30
28
51
52
35
36
62
77
53
40
61
20
13
29
49
32
16
21
21
33
26
44
75
40
45
43
59
40
93
102
82
99
15
58
88
60
68
44
34
27
39
45
49
39
68
38
55
66
67
74
87
75
76
70
80
54
79
67
49
52
43
25
53
43
45
26
31
28
43
66,71
108,72
91,80
79,89
79,89
81,89
65,89
53,89
49,70
44,93
41,71
37,81
40,73
37,56
32,43
30,27
31
34
42
31
37
55
36
25
41
61
71
64
60
64
64
41
44
35
47
66
48
37
32
27
10
21
27
11
24
69
16
29
47
71
60
59
75
85
60
34
27
66
66
23
63
30
34
22
17
17
27
29
19
18
14
25
37
53
46
42
47
69
48
37
44
56
39
33
32
7
34
16
23
39
29
16
15
14
19
26
41
39
34
44
51
58
50
30
38
52
35
47
33
28
25
16
14
9
23
18
23
27
13
14
14
49
51
30
41
61
48
34
51
33
31
36
25
16
22
23
12
24
12
11
16
1
7
22
41
42
75
43
44
53
36
41
43
30
24
47
53
36
30
18
23
4
32
34
25
32
25
60
78
88
75
87
91
110
69
36
72
40
35
36
5
58
32
25
12
24
25
19
22
55
27
43
72
55
62
63
81
103
116
57
42
36
60
70
62
46
46
28
16
24
14
19
24
19
29
54
71
75
98
52
66
91
75
75
57
38
56
71
47
39
28
37
23
24
17
36
32
38
36
28
33
69
92
88
71
63
88
65
64
55
67
72
76
58
41
19
19
52
19
29
86
23
44
43
65
60
71
57
95
92
72
77
45
62
43
42
49
29
24
20
46
26
22
28
30
30
43
40
45
43
81
84
70
78
65
53
82
45
65
37
44
29
45
30
41
17
25
18
25
35
60
58
46
88
81
87
85
72
69
72
98
39
28
52
48
33
35
13
28
54
37
30
32
69
26
43
57
62
70
86
71
88
57
64
67
54
50
48
49
53
30
22
37
39
40
29
44
69
14
54
49
121
114
92
113
107
118
98
106
64
35
42
71
62
35
37
30
48
18
23
30
31
43
52
50
56
72
56
82
83
66
71
58
52
69
50
43
31
36
25
46
29
39
13
59
6
3
8
45
93
79
78
70
69
56
18
10
10
12
4
14
43
84
78
129
152
78
24
60
61
59
65
81
123
123
241
125
193
100
42
44
35
41
33
25
78
84
103
96
145
153
28
135
141
124
105
153
132
51
334
184
22
25
19
36
56
57
23
34
66
56
56
50
49
67
95
177
66
31
38
65
84
60
57
35
21
19
14
5
20
43
19
30
47
63
77
47
71
76
154
100
71
32
53
70
72
81
22
357
77
34
83
233
89
29
159
18
20
5
8
7
6
21
18
13
26
52
70
59
32
47
23
57
44
54
61
35
66
58
63
45
32
41
44
36
11
20
44
83
77
61
69
69
53
54
52
60
51
58
66
52
7
5
12
9
33
27
12
22
26
17
30
19
23
29
14
16
10
14
19
30
8
7
54
66
38
9
3
14
19
15
14
9
7
11
14
10
12
7
6
15
12
25
17
24
21
24
37
29
24
29
35
40
22
31
27
92
91
45
30
11
16
15
28
40
32
61
89
87
88
105
92
76
88
61
93
9
19
87
80
78
114
53
59
112
61
40
82
70
64
68
64
75
54
127
108
111
85
49
65
97
61
38
55
59
43
51
42
25
24
33
26
28
29
28
40
38
54
36
32
27
36
38
35
47
41
36
23
14
16
19
14
8
8
10
17
24
30
34
42
34
61
71
55
74
47
34
5
26
67
45
31
32
20
34
10
11
34
29
14
28
45
40
33
36
46
44
82
53
35
45
40
42
43
34
22
22
15
2
13
8
13
14
31
25
46
39
53
48
71
150
59
92
33
38
67
57
45
50
29
35
18
28
11
23
19
32
111
218
68,281
99,218
102,182
86,181
74,112
75,115
66,151
51,66
50,59
39,207
44,290
36,119
32,99
26,95
74
37
15
26
66
3
21
22
23
33
50
44
90
72
84
56
97
15
5
28
16
19
4
29
39
67
35
44
49
21
10
25
1
34
32
116
20
19
35
48
84
55
34
41
67
71
89
137
84
63
27
26
25
41
44
53
52
44
62
52
61
50
40
32
26
21
31
71
71
99
90
80
54
59
60
63
42
12
54
47
25
25
16
21
16
16
13
36
21
22
24
42
58
64
77
70
97
68
68
71
37
49
57
59
27
20
7
21
12
10
54
25
24
22
23
21
40
37
60
44
91
61
58
91
56
44
34
44
26
37
35
24
17
28
21
24
20
14
24
26
69
75
109
94
83
94
113
114
107
52
32
43
29
20
13
6
11
24
14
19
29
26
34
31
36
52
78
47
47
20
6
8
1
29
34
31
9
4
21
18
23
25
60
52
63
81
73
85
61
96
68
54
45
47
44
20
21
6
18
12
71
19
21
25
37
18
30
47
65
61
66
113
56
79
62
63
56
53
55
51
28
73
60
39
12
41
29
30
28
29
36
37
58
83
42
56
41
75
33
29
32
44
44
2
2
16
15
12
13
6
12
12
21
18
13
34
38
52
39
53
43
23
70
73
69
91
13
4
27
26
27
18
25
16
17
23
27
22
31
33
9
36
48
67
37
48
21
27
24
13
14
15
3
8
28
19
4
7
23
48
53
61
63
49
57
43
34
10
99
39
55
71
29
15
11
38
22
23
15
60
24
19
34
45
57
37
40
38
55
57
73
45
29
33
47
68
29
29
34
43
31
19
59
25
59
94
6
31
32
94
48
35
65
36
40
29
34
62
38
22
71
33
46
25
42
69
54
73
60
91
72
66
104
39
25
36
53
33
68
21
36
12
33
42
23
16
33
23
53
77
84
61
89
75
43
26
84
102
93
42
48
67
69
81
59
56
33
24
6
25
6
2
5
7
17
21
11
8
13
35
44
17
24
7
14
19
23
16
18
50
49
54
16
89
38
28
15
22
7
3
3
14
36
61
7
15
16
34
18
26
33
38
18
16
23
19
31
38
46
66
50
33
13
1
5
15
20
24
58
43
47
36
50
53
83
85
47
54
16
57
27
85
34
40
36
18
24
29
20
26
28
34
25
33
34
18
48
55
65
56
41
36
20
48
47
27
34
24
26
18
10
4
8
21
46
43
17
9
13
20
20
27
25
30
48
31
19
45
45
29
37
14
15
23
7
15
4
19
17
14
19
21
33
28
36
28
39
50
33
31
38
34
70
26
42
24
78
70
110
75
5
33
114
35
14
42
69
56
68
69
76
102
114
93
114
129
35
67
93
139
134
38
35
73
36
33
38
24
12
39
50
64
68
61
40
74
65
79
31
40
58
15
29
111
93
37
11
13
17
30
12
54
97
104
24
47
70
64
59
52
70
86
6
16
39
24
15
22
13
50
56
67
72
53
45
24
28
23
25
47
47
49
70
25
9
6
6
32
29
6
21
44
46
53
81
75
31
24
43
4
90
36
45
77
45
72
45
54
44
27
36
25
69
23
43
47
39
42
19
12
11
18
7
18
13
26
24
34
42
46
48
81
50
65
37
39
21
38
47
71
33
15
15
23
49
18
43
22
21
18
29
24
42
75
169
143
159
138
153
57
22
33
58
35
36
62
61
131
58
65
177
80
4
27
33
34
59
86
70
71
73
44
44
46
67
107
112
138
82
52
31
17
8
12
6
111
52
68
26
26
108
50
58
48
55
52
52
58
76
108
136
106
98
49
24
20
9
8
6
25
26
33
18
20
34
43
37
47
40
39
23
25
7
57
166
144
78
47
27
15
30
8
11
21
9
16
28
53
62
43
50
39
72
124
24
44
72
11
3
18
16
14
18
21
30
44
48
29
50
29
64
79
96
68
90
103
122
36
15
17
3
9
6
9
9
18
20
24
37
22
50
33
41
28
49
40
40
106
145
139
96
44
49
23
24
30
46
99
118
13
15
16
2
85
153
89
145
160
9
7
6
6
11
10
29
30
48
51
64
62
46
83
56
72
101
90
107
105
155
103
70
36
12
139
8
12
20
18
22
28
23
10
14
30
65
96
88
94
168
151
57
113
24
6
16
130
147
60
8
9
21
29
54
47
65
55
97
138
157
99
8
51
82
132
97
116
22
9
5
5
7
4
10
18
22
32
67
85
49
35
48
36
31
30
52
119
90
76
70
33
7
24
14
7
11
20
36
36
63
60
72
148
111
144
62
56,61
29,70
66,66
88,57
40,63
19,119
13
74
21
18
58
14
11
4
15
33
69,26
100,28
122,94
99,67
90,58
93,39
87,44
64,35
59,69
45,69
45,18
49,6
34,6
27,6
8
72
28
18
13
14
26
29
19
19
51,41
98,41
149,57
111,58
98,63
93,59
71,65
63,51
58,65
40,8
14
16
46
32
26
18
11
7
4
14
34
4
12
11
91,23
116,15
208,32
197,39
143,53
119,93
100,44
94,81
97,136
87,62
78,104
53,58
49,50
40,51
101
78
44
15
69
39
37
33
35
12
87,25
138,28
210,45
184,50
132,60
101,29
100,31
82,41
80,38
69,27
70,82
64,63
51,100
6
6
102
33
13
32
65
128
2
6
10
42
95,101
128,21
130,21
101,31
83,42
94,28
79,53
60,49
44,70
37,83
76
93
43
50
25
16
11
90
22
5
64,9
127,15
100,23
103,27
97,24
79,23
67,14
61,36
58,15
49,36
41,16
23
24
35
29
60
43
30
8
45
39
4
21
24
11
14
5
4
16
11
18
39
64
84
91
62
36
24
13
19
21
16
17
29
25
26
17
8
14
7
9
8
24
17
13
26
40
52
54
63
18
11
22
27
16
33
45
16
24
18
7
3
1
2
6
5
9
47,6
96,4
88,5
70
64,1
59,7
41,1
44,1
38,15
40,32
31,11
29
26
51
99,70
101,84
84,91
78,86
70,53
69,24
61,14
57,14
48,10
45,10
39,8
31,11
8
8
10
13
17
8
25
7
23
12
47,24
60,57
102,103
100,119
94,136
94,109
88,94
71,63
63,90
49,76
36,99
30,111
24,118
14,41
20,46
16,19
22,26
38
32
57
18
14
16
28
40
71
120
96,148
71,154
69,111
45,71
40,37
34,36
30,38
27,46
22,45
20,33
16,33
31
25
25
17
20
23
13
24
17
24
54
94,57
116,93
92,128
74,142
88,123
69,56
43,77
35,96
57
58
16
31
38
38
38
22
16
12
4
6
14
20
21
64
71,53
96,19
100
96
74
69
51
49
40,1
39,38
29,24
23,37
20,10
14,115
10,34
30
23
15
22
5
1
45
52
21
43
126,61
101,84
89,103
71,70
70,41
66,30
48,38
34,43
30,40
32,18
28,26
20,39
16,25
16
23
34
16
5
11
13
9
14
21
86,35
116,31
102,74
91,71
80,55
75,45
75,39
58,35
47,43
40,39
40,22
31,37
29,35
22,31
21
17
28
19
9
23
19
23
25
29
29
58
62
104
67
27
21
39
34
28
39
33
82
43
26
25
33
16
11
14
10
14
12
27
34
69
100
63
91
68
57
105
36
6
43
92
34
26
18
20
8
15
11
13
23
15
22
9
22
38
58
85
76
43
51
54
34
43
41
60
40
44
55
42
21
26
24
10
24
14
40
54
94
105
73
80
72
39
30
43
29
47
20
77
66
36
40
37
22
39
22
34
51
24
16
32
43
73
86
82
60
49
87
48
98
53
36
63
27
47
54
39
24
15
18
22
24
15
24
34
139
140
154
146
139
117
104
96
76
159
87
116
115
72
77
31
24
15
9
20
22
34
37
87
107
96
117
133
113
126
114
46
76
130
92
105
79
102
97
35
24
14
23
32
56
74
77
150
104
111
143
156
151
86
109
133
127
100
98
86
81
78
60
52
39
17
23
21
22
43
35
51
73
73
105
96
66
69
69
99
38
85
70
39
70
69
38
21
25
24
27
9
23
28
25
53
53
52
57
65
57
52
44
48
31
51
69
49
50
47
39
38
14
26
41
12
15
26
8
7
40
54
98
78
61
37
47
49
75
31
43
91
47
43
46
20
28
25
25
9
12
13
21
17
30
75
92
82
66
54
34
61
101
54
35
26
26
48
34
21
12
26
16
31
21
19
14
35
41
41
62
54
43
37
41
35
42
22
42
38
53
32
44
36
45
29
29
18
14
14
15
33
43
41
85
56
25
20
3
28
32
45
41
42
44
51
30
16
26
14
9
7
6
5
13
6
22
29
78
46
41
35
54
37
17
35
46
26
35
36
45
27
27
8
7
11
20
12
10
19
19
24
41
37
29
20
21
30
17
14
6
17
22
25
8
40
11
12
27
31
27
21
16
22
26
43
46
43
46
34
32
47
40
21
11
20
14
38
21
31
17
13
11
11
17
6
10
21
26
23
33
26
27
22
22
33
39
27
21
32
26
30
33
22
14
9
7
8
7
11
6
14
29
26
43
42
21
29
25
15
19
15
20
14
29
11
31
12
12
9
8
4
8
10
13
19
23
36
30
28
26
14
22
22
21
33
39
37
31
51
39
37
21
16
19
12
10
17
12
12
27
48
40
38
33
29
33
21
33
22
3
33
11
16
23
11
9
8
19
31
29
37
7
19
11
15
19
13
27
18
22
23
25
47
2
2
2
2
2
2
2
17
2
4
12
11
10
3
11
16
25
22
19
13
21
18
9
20
17
7
10
6
14
25
17
9
1
11
6
14
11
21
20
20
38
8
26
23
24
16
30
23
15
26
29
30
24
19
18
8
8
17
10
14
17
25
18
29
46
58
45
21
19
29
12
24
37
35
19
32
35
23
21
2
16
22
9
9
8
14
33
31
42
60
51
39
25
33
30
30
17
27
29
42
32
26
22
17
14
8
6
1
9
16
33
48
68
51
58
41
31
42
34
37
36
57
49
40
32
24
23
13
16
11
16
9
9
24
16
39
50
45
28
35
23
42
43
41
31
34
27
30
23
15
4
9
8
11
8
18
10
18
15
19
34
28
15
21
26
18
22
18
21
25
25
10
13
9
7
7
6
4
7
8
1
3
12
25
31
26
26
19
19
12
15
9
11
9
23
25
14
20
3
1
5
3
13
6
3
8
11
37
24
29
32
28
26
23
17
18
18
14
23
24
26
14
7
12
6
6
6
2
8
16
4
9
9
4
3
10
5
11
11
18
11
18
12
8
14
11
19
16
8
13
3
5
8
5
5
4
3
6
10
7
14
20
15
20
16
12
13
14
19
12
8
7
17
5
5
9
5
2
3
3
6
9
16
12
13
21
20
11
12
20
17
10
15
10
11
12
13
11
8
9
8
3
4
1
3
6
9
17
20
23
8
15
14
15
19
26
17
14
17
28
23
23
20
12
7
6
7
6
3
5
13
14
21
28
35
32
39
23
28
23
24
16
15
23
27
21
11
8
4
5
17
10
8
13
9
27
32
46
35
40
31
36
26
23
31
29
29
33
28
41
26
9
8
8
8
4
7
8
16
13
30
27
23
28
29
25
19
23
30
21
25
26
26
20
13
10
6
9
8
6
10
12
15
16
30
39
40
32
28
37
23
26
25
23
24
18
33
24
17
22
7
8
9
12
5
9
10
25
26
20
36
25
23
18
24
17
20
18
21
34
27
25
16
11
9
6
5
6
10
15
8
11
18
34
20
29
21
31
31
23
22
13
18
26
28
22
9
13
7
6
10
10
4
9
13
15
26
31
39
19
20
20
22
13
20
9
17
15
10
10
19
8
3
13
7
26
12
11
9
14
25
31
40
25
16
33
24
28
34
25
20
47
27
28
15
21
35
4
2
5
16
13
17
21
13
6
10
7
6
11
8
12
3
6
3
8
11
22
27
32
20
17
14
13
11
20
23
26
14
25
17
12
5
6
11
9
6
5
6
10
10
22
36
24
32
28
15
24
15
19
17
20
44
26
24
10
21
2
4
1
3
8
13
15
12
20
21
11
21
16
16
7
9
8
17
17
16
15
11
7
4
6
5
2
1
5
13
3
11
24
12
11
11
9
13
19
20
18
14
34
15
20
9
4
5
4
5
1
3
5
2
4
14
12
21
20
18
12
12
19
14
7
31
15
26
11
10
9
12
4
3
10
1
3
4
7
18
23
19
17
8
9
16
16
28
22
23
23
24
13
16
6
8
2
4
2
3
3
6
8
20
20
9
9
15
6
16
16
16
16
24
23
15
8
3
28
27
35
11
22
8
3
10
9
3
3
7
8
17
14
13
13
11
36
27
51
47
58
66
63
45
76
22
1
3
18
12
8
13
23
58
73
84
56
68
59
66
36
24
39
37
61
51
48
31
21
21
15
8
22
14
4
15
20
53,21
101,52
110,78
95,62
74,69
78,50
61,38
49,29
49,28
40,31
35,119
29,78
23,176
45
23
17
19
15
40
99
90
84
91
72
69
56
44
32
30
28
22
20
51
88
99
88
80
63
41
38
30
31
26
42
91
108
99
84
70
35
31
28
21
18
64
121
100
91
80
64
41
39
30
26
20
52
94
94
88
79
51
40
35
26
27
21
15
69
104
99
91
80
70
59
40
38
30
46
44
78
61
69
51
50
45
45
38
30
25
24
20
22
17
12
34
48
100
87
69
55
45
40
44
40
36
31
31
28
24
51
66
98
104
88
71
60
44
49
74
100
96
90
80
54
41
32
49
61
102
99
81
79
67
56
46
48
35
30
24
19
14
54
78
111
102
90
88
74
66
59
40
39
30
28
21
41
96
89
74
70
68
50
49
41
36
28
25
19
16
51
51
100
88
76
66
54
46
40
35
32
31
25
21
18
49
74
102
99
88
79
44
37
35
30
27
22
22
5
9
12
12
14
10
3
6
10
9
22
19
24
19
16
8
11
4
6
2
2
2
4
3
3
2
1
3
2
2
4
14
18
23
33
23
20
20
8
7
9
2
3
8
1
4
8
7
16
19
21
16
17
5
23
29
24
20
29
27
34
18
19
9
5
4
1
1
4
3
5
7
16
21
18
26
24
21
22
31
31
38
31
44
35
27
20
8
2
7
5
3
6
3
5
15
15
17
26
13
10
14
15
9
10
17
38
34
27
18
17
2
5
3
3
2
3
9
17
12
16
10
5
7
8
17
12
18
37
37
51
42
55
51
52
45
29
27
21
33
40
22
68
17
25
17
15
28
21
21
28
78
52
54
57
42
68
21
18
9
7
6
7
24
11
1
6
11
5
10
11
11
7
9
14
15
11
17
20
24
22
19
8
12
10
6
6
15
9
5
5
5
5
14
19
13
18
25
42
42
41
28
10
10
8
20
22
25
19
10
24
28
39
20
14
8
7
3
5
4
20
41
45
73
69
69
50
49
38
32
28
29
21
18
62
78
101
90
78
66
40
37
28
23
22
23
23
16
11
6
6
40
88
141
128
102
86
74
59
38
32
31
27
25
25
15
10
36
88
112
108
100
87
73
69
51
44
31
28
29
20
16
11
8
39
65
111
98
74
70
69
60
55
49
40
30
33
19
15
32
65
99
91
80
79
84
58
44
36
29
29
21
16
11
9
7
40
74
124
97
78
64
57
41
40
36
30
26
19
42
50
66
108
89
71
71
66
59
45
33
29
29
21
16
12
39
62
88
119
90
76
64
50
43
47
42
35
31
25
20
14
11
59
78
102
99
91
70
68
42
34
30
30
26
25
25
12
10
51
61
90
111
100
95
88
71
59
40
40
41
32
25
22
14
48
59
88
100
99
88
69
64
50
55
46
39
31
29
19
15
10
6
40
83
96
147
213
38,200
42,182
79,79
98,30
80,35
83,171
71,94
60,97
59,115
49,87
38,69
33,128
26,12
25,18
20,26
19,19
11,6
8,1
1
47
45
22
33
40
44
56
99
90
70
40
32
29
29
25
19
14
7
10
17
10
28
38
44
89
80
81
74
51
39
40
35
29
28
20
21
20
19
19
14
20
48
68
49
41
30
24
17
19
21
17
27
20
14
25
19
11
19
26
51
74
70
39
26
23
15
14
21
20
21
22
22
20
16
22
32
44
68
64
51
20
19
16
19
16
15
15
17
20
22
20
29
39
26
23
51
76
97
60
50
38
30
28
29
26
20
19
21
18
24
14
39
40
60
33
28
22
30
20
20
25
21
17
14
22
12
29
33
52
100
89
68
46
37
30
29
29
24
26
20
20
24
26
23
32
78
92
87
79
60
68
42
39
29
28
22
17
23
14
31
48
55
102
96
88
79
59
44
40
37
26
26
24
20
15
43
55
73
99
92
80
64
49
40
36
38
23
22
17
17
12
39
41
68
100
89
74
69
54
48
39
37
31
28
22
15
11
42
34
71
112
99
79
71
66
38
14
18
20
20
25
29
21
20
34
61
68
101
74
40
33
27
26
21
19
26
28
24
20
20
41
51
86
134
100
99
76
52
41
40
37
21
30
28
20
18
