295
284
268
282
288
319
330
284
286
313
160
173
151
155
116
96
116
80,94
136,116
138,129
161,122
208,169
207,183
243,211
234,212
251,226
391,307
367,314
361,295
403,311
514,353
451,333
424,308
384,277
288,238
267,190
240,171
169,145
212,164
205,147
133,127
187,170
238,225
232,201
316,283
361,308
519,409
647,444
730,476
715,470
558,371
493,431
657,408
1035,329
1114,427
1069,383
995,391
917,337
916,357
953,316
861,363
746,390
579,402
417,323
317,275
249,223
245,213
357,246
412,286
387,307
345,277
466,394
537,420
434,362
431,350
343,313
381,327
620,444
762,481
615,429
401,331
232,208
160,161
139,140
184,173
159,153
145,152
132,127
129,134
142,152
154,138
167,155
169,154
325,254
323,279
505,354
349,304
302,256
319,255
184,183
242,202
352,259
438,319
314,241
206,174
205,177
216,174
190,137
190,147
75,117
78,77
95,98
102,93
111,109
146,111
148,146
161,181
255,220
265,244
330,307
369,323
356,298
324,311
336,302
335,307
389,316
426,334
240,211
213,202
194,159
147,144
154,134
126,137
142
121
159
143
133
151
167
168
207
299
317
333
342
341
303
348
361
333
244
158
166
163
117
129
124
105
98
107
123
130
118
164
173
4,4
2,2
5,5
5,5
79,79
2,2
197,197
323,323
140,140
169,169
161,161
213,213
203,203
299,299
389,389
959,959
409,409
545,545
815,815
138,138
759,759
844,844
465,465
373,373
367,367
83,83
80,80
86,86
44,44
407,407
611,611
787,787
640,640
726,726
865,865
835,835
750,750
765,765
784,784
829,829
826,826
743,743
775,775
312,312
126,126
130,130
1
21
7
5
6
6,6
4,4
10,10
10,10
35,35
30,30
97,97
122,122
152,152
202,202
55,55
8,8
8,8
72,72
22,22
57,57
171,171
359,359
320,320
341,341
339,339
313,313
268,268
90,90
34,34
1,1
1,1
2,2
1,1
1,1
1,1
1,1
9,9
147,147
160,160
180,180
120,120
110,110
13,13
12,12
6,6
51,51
209,209
258,258
8,1
30
3
19
30
8
29
336
1033
1086
1047
987
545
587
243
27
32
37
49
33
42
42
42
29
28
30
30
30
20
26
18
26
26
20
25
22
23
17
26
24
16
52
34
36
36
27
37
25
41
23
41
28
45
29
27
25
19
23
18
14
26
12
27
19
1
9
42
29
31
29
33
31
25
20
17
24
23
18
21
18
16
19
25
28
41
32
46
46
39
38
39
31
31
25
21
18
21
25
28
28
29
30
31
18
21
17
17
21
44
30
29
37
46
28
50
38
39
41
39
27
11
23
52
46
39
41
39,4
37,6
30,26
52,19
49,31
48,22
57,31
60,34
59,31
87,22
62,26
89,16
78,16
66,14
62,16
74,6
58,10
51,11
35,10
54,8
65,10
48,12
35,5
33,15
45,16
35,19
34,27
43,29
55,34
54,27
59,20
73,26
70,15
73,21
80,23
73,20
79,17
47,13
62,11
80,12
40,13
47,13
41,10
56,6
52,14
61,9
37,12
32,14
27,17
40,20
46,13
38,18
40,21
44,35
50,25
47,16
56,29
88,24
90,21
71,19
72,24
63,20
47,21
49,20
56,16
42,9
42,7
42,12
47,13
43,20
70,9
34,17
53,24
35,18
36,17
45,24
45,24
62,24
59,27
63
71,81
97,25
96,31
81,44
71,24
72,21
82,15
68,23
60,25
46,22
50,15
37,15
44,17
63,12
46,18
53,22
36,20
31
51,50
43,26
54,25
68,33
76,43
77,53
93,52
92,60
120,23
115,29
108,25
74,25
73,21
70
76,52
56,25
67,13
49,16
45,23
45
35,56
45,20
41,29
37,42
38,52
41
110
72
74
80
86
125
61
31
37
31
56
23
21
18
17
30
29
24
19
38
77
52
54
54
43
78
33
33
35
34
34
13
19
13
13
27
11
24
24
25
60
28
28
27
28
51
17
30
25
15
35
13
12
13
8
30
15
20
23
25
45
25
24
29
18
53
22
27
17
17
36
6
11
11
11
32
25
17
16
25
36
28
23
21
25
28
19
25
17
24
25
13
14
11
13
17
18
17
21
18
36
19
14
26
25
28
18
18
16
15
18
11
10
9
7
31
19
20
31
21
38
26
20
21
23
56
20
22
21
12
33
11
16
22
16
28
20
14
13
22
46
9
24
26
19
39
31
27
14
15
32
10
12
11
6
20
12
19
19
16
25
20
19
18
18
31
13
13
18
20
24
10
13
11
5
22
18
20
22
17
30
21
18
11
22
36
23
17
9
13
29
16
12
16
15
18
13
16
17
25
18
48
19
28
11
16
44
22
24
12
21
18
12
13
16
16
29
7
9
15
20
38
18
21
14
8
41
11
21
7
11
10
11
10
4
9
11
12
15
10
8
18
12
16
18
14
26
11
10
24
19
14
18
27
13
8
12
7
9
21
14
8
28
20
19
10
13
12
24
14
15
13
15
22
13
14
15
17
13
16
7
11
13
7
11
13
6
22
12
13
16
15
12
22
20
13
21
14
18
18
14
13
11
10
16
12
14
6
10
20
11
15
11
15
18
17
15
17
8
19
12
15
16
14
8
13
10
14
5
5
9
10
10
8
17
17
15
15
15
22
18
18
10
26
19
12
17
19
22
17
20
9
9
11
9
11
10
10
26
18
13
17
16
15
19
27
18
24
28
23
18
32
20
17
11
12
13
7
12
13
17
17
18
10
11
16
14
21
25
19
10
22
17
16
8
14
17
12
13
17
9
3
6
8
6
12
23
13
12
16
28
18
24
6
10
15
14
10
11
14
15
19
14
13
13
12
21
11
25
21
22
18
21
18
24
22
18
22
14
23
13
13
10
8
9
15
17
14
7
20
20
19
15
22
14
28
28
22
18
17
11
18
12
6
8
13
20
10
14
9
12
20
16
17
13
8
18
20
12
13
17
15
15
23
15
12
12
13
12
11
8
14
10
15
9
14
20
13
15
13
11
13
21
22
22
22
20
9
15
16
15
3
14
9
12
7
13
10
27
10
11
11
15
15
15
13
10
23
24
12
13
8
1
12
10
12
10
15
21
8
15
17
15
10
11
12
18
11
30
23
12
24
14
18
16
17
10
10
11
11
4
6
10
16
23
24
20
18
7
14
8
15
13
9
19
17
18
21
9
14
12
11
8
10
7
10
13
24
13
11
18
20
14
14
20
13
17
16
24
28
17
21
15
11
18
8
6
14
14
12
7
14
10
15
20
9
11
17
20
18
14
20
22
12
10
20
17
8
12
11
10
14
16
11
8
15
13
12
14
12
15
12
17
17
13
19
14
16
9
19
9
12
14
19
8
14
10
12
12
11
19
13
9
21
14
12
20
13
17
16
13
21
12
17
24
13
9
10
13
13
6
7
12
9
19
19
12
15
20
22
16
17
19
25
13
22
22
15
20
16
10
14
7
15
10
15
11
15
19
17
12
15
15
16
20
20
17
21
19
21
18
20
13
8
20
13
14
13
14
8
11
17
9
16
21
17
13
23
17
20
16
12
16
16
29
10
17
19
10
6
9
12
12
19
15
20
18
12
16
10
6
18
22
17
10
14
15
19
9
20
10
11
9
7
13
7
10
6
18
13
12
10
14
17
16
20
12
11
18
22
12
24
15
13
10
18
5
5
5
4
10
12
9
17
10
13
9
10
22
10
18
20
17
13
25
19
10
14
9
8
10
5
7
13
9
14
13
17
11
11
15
16
13
18
20
21
20
19
17
21
10
9
17
12
13
10
10
9
12
29
19
16
16
15
12
14
20
18
21
18
16
12
16
7
20
12
12
11
8
11
12
14
9
19
12
13
12
13
8
10
14
11
21
13
15
5
13
11
18
10
16
8
10
11
9
8
12
7
12
13
17
14
12
12
15
24
25
18
16
16
14
15
15
12
13
11
10
14
15
14
10
12
12
12
22
21
9
19
14
17
21
19
16
18
14
15
20
11
16
14
10
10
6
20
12
16
18
20
19
23
18
24
25
24
23
18
17
21
9
9
14
18
10
15
15
10
9
10
9
13
15
14
16
18
17
10
11
15
13
16
14
25
16
12
16
16
14
11
8
8
13
10
15
7
13
19
18
15
12
10
17
19
10
18
17
29
14
18
20
16
14
11
7
10
9
7
4
8
8
17
19
13
15
19
16
22
16
26
21
17
18
11
22
16
12
9
8
13
9
7
13
13
13
18
10
19
22
19
19
13
18
8
9
15
21
10
14
7
12
7
12
13
3
10
13
9
13
19
16
17
17
22
11
21
20
13
16
23
13
15
12
5
16
9
10
6
14
12
13
15
23
14
21
20
12
11
17
19
11
13
22
25
22
21
19
12
15
12
4
8
9
7
3
6
14
25
32
13
18
18
12
12
22
10
17
14
17
10
7
5
11
11
7
33
15
12
24
19
16
18
8
12
17
15
15
10
18
14
13
11
11
13
10
10
10
6
7
8
9
9
10
16
17
21
12
16
12
12
16
22
13
19
17
18
14
16
13
16
8
10
9
6
8
6
10
20
15
18
13
15
15
10
8
21
13
8
18
14
10
4
16
15
10
9
8
8
11
13
19
19
19
21
15
13
22
12
14
17
27
14
6
5
19
11
13
8
13
8
6
15
12
11
15
16
19
29
23
15
21
24
18
19
16
29
18
15
14
12
15
9
12
10
4
16
14
20
21
44
21
21
24
19
9
17
20
11
18
13
12
8
10
7
20
5
11
10
10
7
19
13
20
15
23
19
9
15
21
17
20
20
23
20
11
21
16
16
20
10
11
14
9
11
7
9
11
20
23
15
18
10
19
9
16
21
8
11
16
14
18
12
17
6
10
13
2
12
18
19
11
22
20
14
19
15
21
20
19
20
10
18
19
17
10
18
13
14
4
17
12
7
12
13
23
25
17
23
16
18
14
12
14
15
16
11
13
13
9
10
9
14
13
6
7
14
7
15
16
20
21
15
23
10
10
9
18
18
24
10
18
14
21
9
11
6
12
14
8
5
13
20
21
17
18
17
16
13
12
16
13
14
15
15
15
14
10
15
13
9
10
9
8
7
12
10
15
8
20
17
17
16
19
11
15
10
17
8
20
17
13
7
7
8
10
8
10
20
12
13
15
16
20
21
18
14
13
21
18
15
15
8
20
10
13
13
10
6
6
8
7
10
9
15
13
17
16
11
17
17
14
16
11
23
15
11
5
14
13
13
8
5
10
12
5
7
11
11
18
9
19
23
18
17
13
11
14
12
17
17
14
12
22
9
10
16
8
10
6
13
13
16
16
15
22
20
15
15
15
12
19
13
17
22
12
17
13
12
6
9
18
9
9
13
15
9
12
20
7
17
14
10
5
19
14
21
16
13
19
14
13
11
11
8
4
5
12
9
9
11
14
16
18
11
15
15
16
20
23
20
19
24
12
18
18
13
16
8
10
10
8
8
5
11
13
17
17
10
11
16
13
19
13
15
15
14
13
16
21
13
19
5
10
7
7
9
11
11
9
9
8
18
9
8
9
16
8
13
15
16
22
13
7
12
12
12
5
8
7
11
8
15
11
8
21
6
15
9
8
13
11
10
12
17
13
14
25
10
7
6
5
4
7
5
8
13
11
14
11
11
8
12
11
23
13
16
16
19
17
14
11
15
6
9
6
5
5
6
5
11
14
11
12
14
11
9
8
11
21
17
14
15
12
16
11
13
10
10
12
11
12
4
7
5
11
9
13
9
13
8
9
16
12
13
12
9
8
11
9
10
6
13
6
14
6
15
5
4
15
11
1
13
16
12
9
10
17
10
12
17
8
9
7
9
4
9
6
7
8
11
11
6
14
16
12
15
11
14
10
16
13
13
16
10
16
9
14
11
14
12
7
4
1
11
7
9
15
8
11
13
10
14
12
13
15
15
11
12
19
8
13
7
6
9
12
7
11
7
14
4
9
10
15
13
7
11
15
17
18
16
11
7
14
10
9
13
11
4
10
13
10
2
10
17
13
14
20
13
17
16
18
22
15
13
16
16
16
7
4
12
9
11
3
8
16
13
15
17
21
18
10
11
15
21
19
25
9
18
26
15
15
11
9
6
7
8
11
8
5
12
13
16
9
10
7
8
10
14
14
10
14
16
12
15
13
22
6
10
10
10
6
8
8
7
15
14
7
16
16
13
13
21
12
19
9
21
12
19
9
11
7
9
6
8
10
6
4
12
15
10
17
22
17
9
22
4
16
14
18
10
17
15
8
14
12
11
10
5
5
10
6
10
17
11
16
25
5
13
10
12
16
10
18
18
17
20
10
14
15
9
10
7
5
8
4
8
11
13
16
13
21
9
17
17
10
11
14
18
14
13
14
6
11
8
8
11
9
5
7
13
14
12
13
12
15
22
13
17
9
15
17
13
14
13
16
16
8
8
6
5
6
7
11
13
15
16
19
16
12
10
10
20
12
17
20
14
15
7
7
7
11
6
7
3
7
8
4
11
8
14
9
23
19
16
10
18
11
13
14
19
8
14
8
14
13
11
15
4
7
6
7
9
14
16
20
19
18
10
9
16
23
20
11
18
13
11
7
6
13
10
11
7
8
4
5
9
16
25
19
21
17
18
16
21
29
19
13
21
17
19
9
7
11
5
14
10
6
4
8
18
24
25
30
31
38
33
13
20
37
32
28
24
19
21
14
11
9
7
8
8
4
4
15
17
39
61
53
76
75
55
25
40
41
41
30
34
35
48
23
10
8
8
5
5
10
6
20
27
34
52
73
111
121
87
54
39
49
39
38
26
25
23
16
9
11
7
3
6
7
8
7
12
17
25
11
8
18
21
16
22
9
12
16
23
11
15
13
14
9
19
6
5
4
8
6
4
13
15
16
17
9
7
19
13
13
16
13
13
11
11
14
16
10
7
10
7
7
4
6
10
8
7
5
10
12
14
8
11
15
11
17
12
12
8
22
8
9
14
10
7
11
3
8
9
6
10
14
10
9
18
21
10
12
8
9
8
8
11
7
8
20
11
7
9
2
8
6
10
7
11
12
11
14
9
11
11
13
12
11
10
14
8
12
15
7
10
7
6
5
11
3
4
12
6
12
9
14
8
12
8
15
17
18
13
9
13
11
11
10
12
9
4
5
6
10
14
10
11
13
11
14
8
11
8
8
9
16
9
8
13
15
12
13
13
5
5
11
5
7
5
12
16
9
9
10
7
5
11
17
15
15
21
17
12
15
7
9
8
6
5
6
2
10
12
8
8
10
8
11
11
9
10
11
11
8
9
12
7
5
14
12
9
10
5
7
8
3
14
9
13
10
13
7
11
11
16
20
12
15
8
10
14
4
7
8
7
10
7
5
8
2
5
5
10
5
12
6
7
9
8
12
8
14
10
13
20
11
10
10
8
7
5
6
8
5
8
6
7
10
10
15
8
13
15
3
15
7
19
8
10
12
7
10
11
6
5
10
6
3
4
4
10
7
12
12
9
12
5
10
16
17
11
12
13
15
6
7
5
6
9
4
8
8
11
6
11
14
12
18
8
11
8
9
16
10
15
12
8
9
10
4
10
10
11
6
5
7
8
14
15
7
12
9
11
11
13
13
14
7
12
11
10
11
12
8
4
11
7
9
5
6
5
8
14
14
8
19
15
13
14
11
16
10
14
14
8
11
11
10
13
10
9
8
10
6
8
6
9
15
14
13
13
9
12
13
10
13
8
8
12
11
6
5
8
7
9
5
7
10
9
12
9
22
10
12
17
15
18
12
15
13
14
12
13
9
10
11
10
4
9
3
8
11
11
22
16
13
16
17
22
16
18
25
14
15
18
11
12
12
11
11
16
20
11
18
7
14
15
21
16
26
39
41
77
93
124
120
142
128
56
53
55
51
39
41
41
33
17
13
9
15
14
17
19
10
14
18
15
22
19
16
14
11
11
14
9
5
7
8
7
10
5
12
8
14
19
11
13
18
12
24
17
26
17
15
15
14
17
8
13
7
10
6
4
8
12
14
8
10
17
12
8
14
16
21
20
20
21
12
12
13
11
8
4
6
7
3
5
6
9
4
11
12
11
9
15
5
14
11
9
14
17
21
18
17
9
7
13
13
9
6
6
9
2
9
7
9
6
12
9
11
14
11
11
17
16
14
17
16
16
15
13
13
11
12
4
3
2
3
9
6
9
9
9
12
9
14
6
13
23
14
8
12
7
10
6
5
7
4
7
3
4
8
3
6
4
4
5
11
9
4
6
14
7
15
9
11
4
6
6
8
4
6
8
6
6
3
5
8
5
11
11
9
8
10
15
8
12
13
10
13
14
5
9
5
3
8
2
2
4
5
8
8
6
8
10
7
6
5
10
10
7
8
14
9
5
9
5
9
4
6
5
3
1
3
7
3
8
7
8
7
14
6
6
12
17
7
9
8
5
12
10
13
9
10
9
2
9
8
6
8
3
5
13
11
6
15
13
17
12
7
12
12
8
7
6
6
9
7
5
7
2
3
10
9
7
10
6
8
14
13
12
11
10
16
16
14
19
2
10
4
12
3
5
5
3
4
2
9
5
12
6
9
12
9
8
17
14
7
7
20
7
15
14
5
3
5
1
3
6
1
8
8
9
10
4
5
9
13
14
12
18
14
11
11
8
15
11
5
9
9
9
5
11
5
5
7
11
9
4
12
9
11
18
15
10
10
11
8
8
6
7
7
4
4
2
6
3
8
11
8
11
6
7
7
14
14
19
12
9
2
6
11
6
10
6
9
1
5
3
4
4
7
4
16
11
12
14
11
9
15
16
6
11
5
10
13
8
3
7
5
5
4
9
8
8
6
14
9
10
7
17
14
9
10
14
1
11
13
12
8
8
7
9
4
9
5
8
3
5
5
4
5
3
5
9
14
8
15
13
13
10
11
8
14
6
5
7
7
7
7
3
6
8
5
5
5
9
13
6
12
11
20
10
4
8
2
8
12
9
8
5
6
3
4
8
5
3
7
12
15
11
12
16
16
14
19
5
10
6
7
10
13
12
11
5
4
6
4
8
5
5
9
12
9
12
6
11
13
8
6
7
7
7
9
5
10
10
7
5
5
6
6
3
3
8
5
5
7
6
11
15
13
14
9
8
13
8
10
13
5
11
8
8
2
4
6
7
4
12
8
9
9
14
16
10
17
16
8
13
9
11
8
10
12
8
5
8
6
3
8
5
5
6
9
13
10
9
10
5
13
14
7
13
3
12
11
11
8
8
7
2
3
4
3
5
1
9
4
10
7
10
8
7
16
11
11
8
8
6
8
9
7
10
7
4
4
8
8
4
8
12
3
8
13
9
11
6
9
5
10
10
14
12
8
13
6
8
9
8
4
5
5
1
7
7
6
16
17
7
14
7
11
7
9
13
5
13
11
3
4
5
5
7
2
7
5
8
6
10
7
10
16
12
13
8
7
5
5
11
12
6
8
6
8
10
5
5
4
4
4
6
9
14
8
6
7
7
11
18
7
16
15
9
11
7
5
7
5
11
3
8
2
6
5
12
7
6
9
10
14
9
9
13
9
10
10
6
7
7
12
6
3
3
5
3
3
7
6
8
7
4
14
12
10
9
12
6
7
11
4
8
5
12
4
3
2
1
3
1
4
7
4
4
8
11
9
11
7
11
13
5
5
7
11
12
6
4
6
3
5
6
4
5
6
1
10
9
8
10
9
11
7
6
8
10
6
7
8
6
9
5
7
11
2
7
2
6
3
9
7
14
8
7
7
7
10
8
10
7
10
5
11
3
7
6
10
5
3
2
6
3
3
3
9
7
13
11
12
9
4
8
9
11
14
9
8
11
7
7
8
8
2
6
4
3
3
2
3
3
7
8
4
8
5
2
7
8
18
14
4
5
15
6
3
6
4
2
3
1
5
3
8
6
9
12
6
7
6
5
6
11
13
4
5
12
8
6
9
7
3
4
5
2
4
3
6
5
6
12
8
5
10
12
12
10
11
5
8
4
9
7
5
8
4
5
3
3
9
6
8
2
5
7
15
9
8
14
7
9
11
9
10
13
5
13
7
1
5
3
3
3
3
6
7
12
7
3
4
4
2
5
1
11
11
12
12
14
17
6
7
16
12
9
13
13
8
5
6
6
3
2
3
5
4
4
10
6
15
11
8
9
8
16
5
7
6
12
5
11
12
9
7
6
4
2
4
10
5
9
7
6
14
12
18
16
12
4
17
9
12
9
7
19
11
9
4
2
4
5
2
8
8
2
8
7
12
7
9
18
12
18
12
8
8
6
15
6
12
6
7
9
5
3
6
9
3
7
6
4
9
19
8
14
11
11
12
11
12
21
3
7
9
3
4
5
7
5
1
3
9
4
10
15
7
14
9
19
11
12
12
14
10
4
8
4
8
11
8
1
4
4
3
4
1
3
7
7
13
8
10
14
10
8
12
7
10
9
9
10
5
8
1
5
2
3
8
4
4
9
8
17
16
35
25
12
9
14
6
14
10
10
22
24
20
21
27
21
21
26
11
17
15
26
29
28
21
19
17
12
11
8
7
10
18
17
13
24
24
28
29
31
21
32
31
31
23
18
21
25
28
30
18
15
10
7
8
8
32
23
26
28
37
23
31
17
28
24
22
27
18
28
37
27
25
14
14
12
13
13
8
3
20
15
23
28
26
27
32
23
26
21
48
21
21
21
28
22
23
11
3
5
4
9
12
9
12
20
37
37
24
26
35
21
22
28
18
19
18
28
19
17
19
15
16
10
13
8
16
17
14
19
20
31
24
35
17
25
19
17
33
31
30
29
32
25
26
23
15
8
5
10
19
14
16
22
26
41
32
28
30
28
27
36
19
24
28
34
60
26
6
9
9
10
10
11
8
20
25
27
32
31
29
25
19
23
3
28
18
57
15
26
16
7
9
8
5
11
21
18
22
26
24
34
20
26
37
18
34
21
30
26
25
19
24
26
13
13
15
11
8
14
12
21
17
34
32
31
33
32
32
33
29
25
22
35
22
30
14
24
8
12
9
11
17
13
15
19
23
32
28
37
38
42
40
31
44
25
27
25
32
34
24
18
16
16
13
11
13
13
14
20
22
37
31
21
39
28
31
38
34
34
27
28
30
29
23
29
16
11
13
8
8
10
11
22
34
29
30
32
32
27
39
29
30
22
31
31
25
25
34
24
15
15
4
12
7
4
10
18
27
23
30
28
29
26
26
30
30
19
24
30
30
24
36
23
21
13
10
13
7
9
14
21
19
18
29
20
24
34
28
23
25
38
28
26
35
36
30
15
31
11
13
8
11
7
13
21
24
25
24
22
31
25
22
28
33
26
26
22
33
28
23
16
13
17
12
9
7
9
22
27
20
22
32
33
20
18
32
28
29
30
32
30
36
24
23
31
15
11
6
9
16
17
17
19
20
27
24
32
30
31
35
36
28
38
107
25
37
27
25
23
22
13
11
7
11
11
21
16
20
27
18
23
32
37
21
31
29
25
26
31
36
32
21
26
20
13
10
7
14
15
21
30
24
32
28
32
35
40
30
35
23
23
25
31
25
16
10
8
10
7
16
14
20
24
27
25
26
27
29
40
44
46
36
37
42
23
29
25
19
19
20
8
9
10
18
14
17
21
22
24
26
29
22
41
34
39
44
29
34
37
37
23
18
14
10
9
10
11
11
20
12
25
31
26
37
32
32
54
47
41
46
32
43
30
24
26
23
36
13
12
10
11
18
21
30
32
26
24
34
40
48
43
46
47
44
52
41
27
30
23
21
15
17
16
13
17
21
22
20
22
26
28
29
36
45
43
37
41
34
28
31
21
26
26
20
11
11
8
8
13
17
18
20
34
19
29
28
48
27
33
48
44
47
37
39
31
26
26
24
14
13
13
12
17
22
20
25
40
22
23
34
31
42
35
54
45
53
43
34
30
43
30
17
23
9
19
13
18
12
20
25
33
27
31
41
42
49
48
44
39
38
39
44
11
12
18
16
24
29
32
36
31
26
29
40
41
47
33
36
34
37
40
41
24
20
24
17
18
12
13
18
19
25
16
10
16
29
24
16
6
16
17
23
27
31
22
33
35
29
37
34
37
35
40
35
36
34
31
13
10
8
15
6
7
12
12
19
19
21
24
22
22
21
24
23
17
18
16
20
30
18
19
9
9
7
13
9
15
5
17
31
25
23
25
21
24
11
14
10
8
9
15
12
21
22
31
31
37
31
16
25
27
30
19
25
31
23
24
19
16
19
17
6
14
17
11
18
18
16
21
21
22
22
21
15
23
30
20
23
20
16
24
26
24
15
13
17
8
15
16
14
18
21
19
22
24
33
37
38
28
38
29
23
30
26
25
31
18
21
16
11
8
4
10
15
13
24
33
27
24
15
25
36
35
33
30
34
20
26
25
23
25
20
15
18
13
15
11
12
14
23
20
18
28
31
32
34
33
37
27
33
25
27
32
21
17
18
9
10
13
7
10
13
22
18
25
23
25
23
28
25
42
33
32
13
32
19
19
16
21
39
24
27
18
24
18
7
11
13
12
9
14
17
22
25
23
35
44
38
39
47
28
30
20
23
23
14
22
18
12
7
6
6
18
8
17
12
12
19
18
37
47
35
60
27
21
28
30
46
41
29
27
22
11
8
14
12
22
22
29
23
26
35
57
49
43
51
50
33
32
21
37
32
30
32
24
23
19
5
13
17
24
25
28
38
29
39
55
54
58
62
50
17
21
24
27
30
26
29
23
10
17
11
8
13
22
27
14
30
41
36
40
65
59
51
35
28
33
33
34
15
27
40
18
19
15
13
12
14
12
20
23
30
25
20
39
42
30
46
35
36
35
23
21
24
12
18
11
11
9
5
4
8
14
25
16
21
20
21
18
25
23
28
28
21
18
15
19
11
14
14
10
10
7
6
8
14
12
11
14
18
18
17
20
38
23
27
23
11
20
11
16
21
16
18
13
8
6
2
7
9
11
6
14
12
23
22
29
28
33
27
25
28
30
22
26
30
25
18
15
7
10
4
14
13
15
19
26
26
25
26
28
25
30
30
36
18
25
12
14
16
21
21
11
7
12
9
9
8
15
10
26
21
13
26
29
31
42
25
32
31
22
18
18
25
17
12
15
12
10
13
10
12
11
11
16
16
25
22
22
38
45
33
28
27
22
22
12
16
24
16
13
14
17
7
12
14
19
20
24
26
31
31
23
30
33
34
23
18
21
27
12
19
13
17
14
17
12
8
11
10
11
19
12
16
15
38
20
33
34
22
25
24
17
19
14
19
22
15
11
13
12
5
14
12
13
16
22
19
34
27
34
31
31
33
20
28
24
20
24
12
11
16
19
12
11
12
7
13
10
16
24
12
19
24
22
24
26
29
28
15
14
19
13
13
21
13
19
12
10
12
10
17
15
17
24
18
27
32
36
29
26
17
24
17
11
12
15
19
10
13
12
7
2
6
3
12
11
11
14
10
14
13
17
28
18
20
21
21
18
17
16
9
14
13
10
10
6
10
6
10
9
9
15
11
21
15
17
15
26
20
15
18
24
21
13
15
18
9
8
5
8
8
9
8
21
20
20
19
18
17
23
32
19
18
24
18
18
10
10
16
8
9
7
4
2
9
6
9
24
15
16
24
21
29
24
18
19
17
13
11
15
16
11
6
3
8
8
7
9
7
18
12
13
16
24
21
25
24
16
21
13
20
8
13
15
12
8
6
6
5
8
3
8
17
11
15
22
20
22
26
22
12
19
17
24
12
14
12
9
10
13
14
10
6
14
4
12
8
20
22
14
17
11
16
20
21
15
15
12
11
7
13
12
13
13
7
9
11
12
9
9
13
18
18
12
16
12
12
23
21
13
19
11
11
12
6
10
10
3
10
6
8
8
11
7
9
12
20
16
11
30
19
20
17
14
13
15
8
11
6
11
11
15
9
7
8
12
4
10
13
11
17
13
20
25
26
27
19
16
16
14
13
12
16
13
8
11
14
11
7
7
8
17
21
22
17
14
21
30
14
26
16
25
17
14
7
12
13
16
8
15
3
8
8
8
5
10
20
20
18
40
20
25
13
17
17
18
21
13
17
7
9
2
8
14
10
6
3
15
14
13
19
10
21
23
19
24
18
16
19
12
13
8
9
11
15
15
16
14
8
7
6
9
11
5
9
21
23
10
13
18
23
12
12
18
16
21
9
11
12
10
7
6
11
13
6
9
16
6
16
25
17
24
24
22
17
21
21
29
17
10
13
13
7
11
8
9
10
10
10
7
11
22
18
22
20
19
18
14
24
21
36
11
19
8
12
15
10
11
6
14
9
5
6
7
8
13
15
24
19
15
20
16
19
13
14
15
12
11
13
10
8
10
8
11
11
8
11
14
11
19
15
30
35
26
26
21
35
19
25
22
19
23
23
15
20
17
15
10
13
15
6
20
19
20
29
29
27
27
32
29
25
25
28
16
19
21
13
18
14
14
24
10
12
14
22
15
23
24
26
38
31
32
31
29
26
18
26
26
20
18
9
10
17
16
15
13
10
12
14
24
16
27
18
29
36
33
31
30
25
27
17
22
28
19
8
23
25
19
16
14
12
8
24
18
31
30
34
34
39
35
28
34
28
26
25
12
19
11
14
19
11
13
17
12
15
13
16
21
24
30
24
36
33
26
32
33
19
22
30
21
19
16
19
13
12
15
13
18
9
22
25
16
24
25
31
38
39
28
28
47
25
25
21
14
13
12
11
20
12
10
18
15
22
15
20
24
24
22
28
38
28
37
53
35
28
59
30
20
17
18
18
29
24
13
17
17
17
19
22
24
34
44
35
45
31
41
28
28
48
26
28
17
18
21
20
22
19
10
21
11
7
20
19
37
41
46
39
37
41
29
22
31
25
20
17
24
14
11
13
13
19
21
14
15
13
23
24
37
42
37
42
44
39
32
22
21
32
21
22
23
17
16
23
13
15
13
13
12
12
19
26
32
32
47
43
49
39
37
25
24
26
29
25
17
15
18
19
12
5
8
10
17
19
17
22
45
33
42
57
49
44
46
31
26
29
25
26
19
11
17
9
17
16
16
20
11
17
23
30
45
51
60
67
48
47
32
29
20
28
30
14
29
20
20
16
10
20
13
21
35
23
53
53
49
77
60
53
59
37
34
28
43
32
28
20
26
17
25
21
12
26
14
22
21
35
42
55
61
68
54
56
44
43
42
29
20
31
25
15
17
18
22
16
19
15
25
25
23
24
30
44
44
53
42
41
43
34
28
21
26
28
23
19
13
23
13
9
13
9
48
48
69
50
33
38
34
34
31
31
27
15
11
14
17
17
13
17
18
18
28
26
37
34
49
51
53
45
47
45
29
23
36
25
25
20
17
25
16
27
20
15
23
18
25
20
33
43
42
31
42
37
46
45
26
32
34
29
19
21
24
18
17
12
20
16
19
9
24
24
33
46
54
35
47
46
48
41
26
22
22
22
38
17
10
20
20
14
19
19
22
22
22
32
27
30
43
30
48
53
61
42
39
26
39
26
30
18
14
28
22
20
17
22
21
19
18
30
43
36
47
46
31
39
56
33
33
24
19
19
29
19
14
15
26
15
19
17
21
17
20
24
34
38
45
45
51
46
51
31
32
42
23
24
30
30
19
23
21
20
22
18
13
16
24
20
30
33
42
34
34
40
43
49
32
27
34
28
21
16
24
22
9
16
19
15
16
16
22
18
16
33
36
44
42
38
42
47
29
37
26
29
36
25
17
22
16
20
24
25
16
20
18
36
30
29
29
42
44
49
62
52
50
57
30
35
17
26
25
24
14
16
22
19
10
19
25
28
38
41
38
49
52
53
75
67
39
44
44
17
28
31
26
22
18
19
19
20
19
20
29
35
45
67
60
75
64
83
129
122
135
102
104
75
58
62
52
44
37
19
20
32
32
27
30
29
44
40
64
60
50
57
61
72
61
58
43
51
43
30
27
23
30
19
14
26
25
13
26
31
27
38
35
46
40
58
49
50
46
43
34
34
31
30
23
23
17
31
18
22
13
25
17
17
26
27
39
24
29
30
33
28
22
39
22
23
25
16
16
35
20
25
19
13
14
14
11
21
22
23
29
27
31
33
35
32
21
26
29
19
22
29
17
18
16
15
15
10
13
17
24
18
23
18
29
28
27
30
43
32
20
32
27
23
27
16
17
16
22
17
16
16
14
12
15
24
21
28
38
31
31
27
25
19
24
13
27
25
17
23
23
18
18
19
26
15
22
18
16
24
36
32
22
27
33
37
30
31
28
22
12
19
21
16
36
16
12
17
16
12
14
18
17
24
30
35
26
25
17
29
22
24
20
60
24
17
16
21
17
20
20
20
9
19
23
24
24
13
29
28
29
19
29
31
23
33
21
21
15
19
17
15
20
20
17
19
17
19
14
18
17
25
15
28
31
27
25
31
22
15
25
29
22
25
19
20
15
14
25
19
15
16
19
16
20
21
18
14
26
26
29
21
25
24
19
19
15
32
21
12
15
17
19
12
18
12
14
21
18
18
25
26
31
30
21
27
33
25
29
21
19
14
13
15
11
19
32
10
16
18
15
15
18
21
34
24
26
24
24
21
24
11
22
20
15
20
16
19
15
14
17
16
9
7
16
17
20
16
18
24
32
21
23
29
42
26
28
22
21
21
29
20
19
16
15
15
27
16
12
14
18
27
26
20
21
19
26
33
37
25
27
20
23
19
24
19
10
10
10
16
18
12
21
17
26
17
19
17
25
24
30
34
24
24
19
31
11
26
23
9
16
21
23
14
15
13
15
17
16
18
22
27
32
27
24
17
28
32
12
17
15
19
16
26
17
18
21
19
26
24
21
19
21
23
28
22
30
32
22
17
20
20
30
14
15
14
15
18
20
17
19
25
26
26
23
16
27
21
27
16
24
24
15
11
21
12
17
19
13
16
13
15
14
12
29
23
25
30
24
20
22
18
20
22
15
13
12
15
12
20
11
9
13
22
27
17
24
20
24
25
40
22
35
34
16
13
24
13
13
21
12
16
21
13
17
20
21
20
24
24
21
22
27
34
21
24
23
26
13
26
12
13
19
20
15
14
15
14
18
21
23
16
17
18
29
22
19
28
23
22
21
19
21
13
16
18
13
22
15
9
20
17
19
14
16
20
18
20
15
23
17
27
14
26
30
17
18
24
14
19
10
22
18
17
11
9
16
22
10
13
16
16
24
19
25
24
26
25
33
24
21
14
19
18
20
14
18
10
21
12
7
13
18
25
24
16
16
29
21
19
19
26
29
20
21
18
29
21
14
21
19
17
25
13
15
15
23
23
17
16
14
36
22
29
17
17
36
20
20
24
23
14
20
23
24
21
12
18
12
17
13
18
16
21
21
27
26
20
22
25
26
17
25
24
16
20
22
15
20
18
16
11
21
12
22
21
13
18
25
25
24
28
23
33
22
23
23
20
22
24
25
18
18
15
13
16
16
9
4
16
20
23
20
23
22
23
24
29
30
23
17
21
15
29
24
22
22
19
17
20
10
12
15
18
17
16
21
19
23
28
24
29
20
26
20
18
21
15
15
16
16
20
20
17
20
8
13
18
14
24
28
23
19
18
23
22
27
26
23
20
22
36
28
15
16
14
11
22
18
13
17
20
19
27
21
25
50
31
28
23
28
21
30
20
13
21
23
17
19
18
11
15
15
23
19
18
10
19
20
23
26
30
27
23
29
27
11
23
25
28
16
16
16
21
11
11
13
19
18
24
26
18
18
21
17
30
33
31
22
12
23
25
17
27
27
18
21
15
12
18
22
15
25
24
34
25
25
24
23
16
30
24
26
21
18
27
31
13
27
15
17
15
18
5
15
22
15
17
16
29
24
14
21
21
26
17
18
26
24
20
28
20
23
23
25
16
13
8
18
17
15
20
14
24
15
21
30
24
19
23
25
20
15
17
25
18
26
16
17
14
16
11
17
15
15
12
21
17
18
26
29
22
28
22
14
27
20
20
22
26
21
25
15
12
16
20
18
16
23
19
26
26
28
28
25
28
26
14
21
25
26
25
26
16
17
17
23
9
17
19
11
17
20
9
16
15
22
20
29
18
20
30
35
15
22
14
9
24
24
15
21
16
15
16
16
15
8
17
14
27
21
27
22
16
21
20
21
19
17
13
19
15
18
17
20
18
18
17
16
14
17
15
15
21
25
25
27
34
45
43
129
62
44
104
200
114
41
34
43
37
43
41
120
45
42
47
79
94
81
77
67
149
156
68
164
165
124
81
45
42
62
44
20
28
42
199
311
292
265
87
37
60
166
73
33
30
26
32
30
20
31
37
28
29
31
55
21
32
26
16
172
103
107
57
58
56
78
97
67
80
87
60
91
37
68
51
44
48
46
86
77
41
38
44
79
54
43
27
69
49
194
152
54
55
48
51
95
44
40
44
37
43
32
55
51
44
44
60
93
55
30
32
31
68
61
49
36
43
44
59
53
32
25
22
35
49
24
16
25
19
25
23
80
19
27
23
20
26
57
31
34
34
40
42
68
44
36
51
42
41
49
45
53
62
50
32
126
31
39
15
9
23
24
33
20
19
25
26
23
32
40
31
39
32
39
36
34
34
52
15
19
18
22
15
18
20
17
17
12
11
23
25
20
26
28
33
36
33
36
38
35
30
30
29
17
26
20
21
22
15
21
10
14
23
20
30
22
22
22
32
41
37
42
36
39
40
29
23
22
26
24
23
20
13
19
10
18
18
33
28
24
25
23
31
31
29
31
24
24
22
32
25
17
24
25
25
13
18
14
12
21
33
22
22
26
20
26
34
23
42
36
25
37
25
24
37
24
22
26
25
22
19
17
14
15
19
15
20
29
18
20
26
29
29
26
40
37
36
34
29
22
27
20
17
15
12
13
16
10
18
26
25
27
23
13
13
34
35
34
28
36
28
25
23
19
28
24
21
17
13
20
21
16
23
23
32
20
28
26
18
21
26
27
25
27
34
25
30
21
23
27
12
12
22
10
17
13
20
16
25
21
18
22
22
23
28
27
25
24
22
29
32
21
20
27
22
18
15
17
13
16
23
18
22
22
20
17
21
19
28
23
19
25
35
16
27
23
25
12
17
20
12
17
18
11
22
14
19
22
20
25
18
29
37
30
24
24
29
24
31
33
21
25
23
18
19
19
20
14
17
25
17
29
17
26
21
29
26
21
20
26
27
15
26
20
22
23
23
19
12
17
16
12
17
21
25
24
27
26
21
17
26
23
28
22
22
20
23
20
26
11
19
21
13
14
13
17
20
30
20
23
21
18
23
26
22
29
21
18
26
21
32
24
19
13
19
20
18
9
22
20
18
26
15
22
16
26
21
20
20
33
19
34
23
18
22
13
18
22
16
19
17
13
22
34
26
31
39
20
23
22
18
23
22
31
28
17
20
20
22
20
17
15
10
14
19
21
23
18
20
18
28
46
28
28
18
23
27
17
33
30
21
23
16
20
13
10
10
14
13
20
15
17
24
27
23
23
29
31
22
32
36
30
39
23
24
22
28
19
21
11
18
23
22
22
23
28
33
20
40
32
36
32
71
39
22
32
28
20
23
23
17
23
23
20
13
23
22
18
28
19
23
26
26
20
26
24
30
31
33
31
22
31
21
19
25
11
11
18
20
21
52
31
19
16
27
30
21
35
26
25
32
24
22
23
18
27
17
16
12
14
10
11
11
22
18
18
23
20
20
24
23
23
24
20
34
28
17
18
26
29
11
9
16
15
10
13
13
23
21
26
33
18
14
22
25
24
22
31
20
31
18
27
20
12
14
15
20
15
33
11
19
19
20
22
21
23
22
19
20
21
22
22
18
25
17
16
9
8
18
18
14
27
17
12
26
26
28
16
24
27
28
19
17
20
17
26
25
13
19
8
10
15
8
17
18
14
24
18
22
21
23
25
25
22
27
23
22
21
23
20
26
15
23
12
10
11
12
27
25
30
20
21
15
15
22
30
24
21
21
28
24
27
23
18
11
19
17
16
12
13
9
21
17
17
21
11
19
29
24
25
20
18
31
16
20
20
28
23
18
8
18
18
12
18
22
15
25
17
16
20
20
18
29
18
23
23
29
17
20
15
22
24
17
13
22
9
12
19
10
28
25
28
22
19
27
19
25
20
26
35
27
23
21
8
27
19
20
17
11
9
13
22
18
14
15
19
20
21
15
15
21
28
27
19
20
21
28
17
26
20
13
12
19
10
14
15
14
17
21
34
24
22
23
22
20
30
41
24
26
39
40
46
36
22
22
24
13
13
12
29
11
17
22
33
32
13
16
19
15
23
27
39
28
41
31
16
27
21
15
19
17
21
41
11
14
14
13
22
19
26
22
23
21
22
36
26
32
26
24
17
35
15
16
24
12
11
13
15
12
18
21
21
15
25
29
22
31
34
35
22
25
26
25
25
26
21
25
19
16
16
8
16
22
18
18
29
25
17
21
20
17
28
28
30
18
33
23
29
25
22
26
21
12
6
10
8
12
18
21
20
15
25
20
28
30
23
25
34
23
27
16
18
15
27
19
23
23
18
17
9
17
20
21
32
27
19
25
23
26
23
35
22
31
42
25
29
26
20
19
24
20
15
14
7
13
15
32
23
25
22
22
32
26
42
31
28
28
27
33
35
23
4
20
16
16
13
15
13
17
17
21
15
18
22
29
26
30
26
25
29
22
25
27
24
24
31
14
20
12
18
15
20
10
15
23
19
22
24
16
21
32
31
33
33
32
32
23
29
25
6
17
7
16
5
12
17
22
23
25
26
18
18
19
24
24
26
30
22
25
24
26
37
12
19
14
23
18
18
23
16
21
19
15
23
25
15
31
27
17
30
28
21
25
30
24
17
17
15
23
17
14
21
10
11
19
24
24
21
