63
62
73
108
146
184
166
155
115
125
130
133
113
110
67
64
41
19
23
19
54
63
84
98
100
111
140
138
199
113
130
97
120
130
96
100
94
58
53
33
58
39
27
63
40
86
94
113
125
134
137
137
169
311
139
112
128
119
85
79
84
65
87
41
54
52
71
92
118
129
90
85
94
84
78
76
79
73
50
44
31
45
27
55
31
49
41
43
58
91
93
128
124
76
91
121
115
118
86
76
76
48
69
69
50
17
27
31
35
51
41
53
62
67
85
103
99
126
161
187
198
170
139
128
114
180
147
141
115
122
74
60
58
22
105
73
50
64
49
74
86
116
96
141
170
218
230
158
176
145
169
166
82
90
88
54
44
96
99
63
62
44
29
30
27
45
108
70
47
93
71
74
113
105
88
71
94
141
157
172
122
137
116
75
114
66
98
29
100
42
66
76
92
102
134
158
147
165
144
179
119
155
157
193
160
151
153
145
109
58
49
51
37
61
50
77
87
86
133
119
152
173
168
178
187
259
220
180
127
156
148
160
102
70
60
36
36
20
16
28
28
43
66
99
132
125
139
110
171
125
176
144
111
28
33
38
46
37
56
61
93
125
110
137
104
97
69
50
47
61
63
40
27
12
10
34
33
55
40
53
97
126
141
153
185
185
139
142
125
107
97
83
82
51
41
29
15
21
22
34
28
42
71
66
87
110
177
200
173
183
171
152
109
94
74
67
70
55
33
16
13
12
15
24
34
56
59
83
95
154
165
171
198
194
167
126
126
94
100
92
99
67
32
22
24
16
26
28
47
67
76
89
83
155
182
184
218
215
200
157
147
112
100
81
96
59
29
20
15
25
35
42
43
58
83
81
108
131
139
132
109
113
104
82
57
64
90
114
74
36
20
20
17
21
38
40
65
67
72
96
130
136
143
155
149
120
106
86
93
95
105
79
60
29
26
27
32
61
77
78
82
83
120
151
177
146
169
159
157
57
59
78
81
99
100
68
52
38
23
15
25
35
42
43
72
98
114
123
136
147
140
161
131
96
69
29
62
86
96
91
66
39
36
27
33
41
49
89
87
86
93
112
93
102
90
124
98
81
50
29
24
19
48
60
50
75
78
92
100
53
20
26
35
50
62
71
114
146
179
174
131
102
44
67
110
38
60
57
72
66
63
66
137
127
190
170
114
135
172
162
38
42
67
76
98
140
163
216
215
256
241
246
129
117
164
134
89
46
34
37
42
48
46
67
77
101
133
195
202
245
226
236
206
65
98
88
103
134
202
241
260
274
276
268
181
95
97
129
99
136
52
74
33
66
72
76
149
188
87
167
104
20
28
53
54
67
97
114
126
200
243
245
267
243
206
146
98
82
137
189
179
129
86
52
19
10
31
29
54
60
93
90
136
191
223
290
277
284
130
113
130
99
49
47
86
83
118
150
175
203
240
280
206
131
130
141
149
157
137
91
43
63
189
208
254
233
250
83
77
155
140
160
208
205
237
228
236
206
207
171
117
86
37
47
64
106
129
102
134
176
193
225
237
226
224
187
89
90
130
130
148
31
31
52
186
214
173
186
148
123
144
51
69
85
72
101
112
99
111
113
114
90
115
97
27
46
50
64
58
54
62
28
22
25
35
53
73
97
127
88
108
109
117
95
122
106
91
78
64
53
64
58
50
8
11
20
32
34
42
35
58
52
51
49
39
26
60
50
55
29
29
31
28
19
28
8
18
16
27
53
62
101
75
80
74
70
47
33
22
43
38
15
18
14
15
5
28
14
20
24
31
25
26
38
37
17
22
14
36
26
11
20
10
13
18
38
88
21
14
14
28
29
58
68
75
115
190
14
137
186
33
25
35
39
29
14
43
50
100
82
36
56
33
18
15
22
56
53
49
83
73
114
57
59
110
42
27
29
34
31
65
53
69
62
30
51
51
23
34
36
17
24
9
29
23
81
68
70
60
80
74
58
48
37
68
50
31
9
21
35
60
65
82
186
126
107
58
44
52
42
24
41
53
25
25
14
24
13
19
40
34
55
59
65
59
85
57
52
65
48
59
39
46
34
64
39
57
15
14
22
14
15
32
62
59
82
100
71
68
113
125
72
53
38
64
65
61
64
61
61
53
39
20
31
34
36
30
38
33
50
66
40
64
87
51
44
46
78
116
78
63
85
66
42
30
30
41
23
17
41
26
68
97
95
104
132
204
255
203
130
65
64
79
49
27
26
15
52
32
45
77
96
87
136
142
62
59
77
66
98
31
29
74
66
58
44
96
70
58
85
71
279
285
320
298
304
405
427
355
402
323
369
346
313
237
177
179
146
231
286
326
384
375
387
459
474
421
440
453
428
465
409
440
312
312
221
248
165
154
145
237
235
329
345
355
370
372
429
438
435
351
333
343
408
437
458
401
331
285
282
230
193
152
169
156
214
313
321
316
363
452
493
489
389
372
384
451
456
383
382
366
296
257
214
189
150
127
169
250
338
364
354
396
451
441
417
417
363
415
468
419
357
323
314
258
228
202
165
160
131
230
238
255
317
356
336
336
397
451
469
411
407
383
267
468
408
310
335
301
251
238
190
143
122
175
235
235
237
249
278
344
299
283
311
350
320
394
348
274
235
184
179
199
140
136
153
168
191
235
273
293
314
344
446
423
383
341
342
340
375
322
328
248
278
229
203
183
124
142
143
175
243
244
312
319
323
389
346
397
407
454
377
343
244
186
182
232
194
191
161
166
193
215
256
328
344
351
449
440
435
389
375
367
359
285
250
258
249
129
174
143
186
188
191
241
259
321
353
422
462
459
359
352
328
364
383
449
314
266
256
266
251
192
171
143
153
204
235
267
337
345
345
425
457
556
467
346
421
411
331
288
193
202
196
176
256
209
208
155
157
195
260
277
306
308
355
367
424
449
386
358
390
469
454
438
328
236
226
236
211
168
150
197
253
269
282
267
372
394
401
354
356
383
418
345
340
250
270
263
254
208
160
136
164
174
167
168
216
269
393
307
245
205
217
289
283
297
296
243
226
293
219
173
198
265
267
262
334
312
309
367
499
547
584
477
402
349
389
337
404
356
301
261
231
269
206
211
223
188
234
284
299
274
309
302
400
482
473
451
367
364
419
422
401
375
321
328
267
244
227
207
236
270
281
309
354
329
290
359
424
472
458
418
410
445
395
387
401
315
308
269
280
302
266
210
256
340
263
348
347
338
316
422
458
527
488
454
375
437
348
465
521
403
378
328
278
260
216
192
209
247
239
256
282
323
354
335
425
497
436
398
382
365
440
443
525
433
315
314
286
230
239
237
176
255
262
340
313
318
381
385
436
461
528
536
501
431
542
481
474
410
433
244
226
253
257
334
314
334
382
534
557
407
424
400
218
221
285
431
749
708
545
459
309
237
207
247
253
273
384
456
409
388
375
514
544
554
520
462
493
543
474
483
401
315
377
347
328
264
278
239
336
328
414
363
446
587
602
614
516
402
389
495
515
431
417
382
336
304
254
247
211
183
237
271
311
345
322
329
401
530
652
572
475
451
432
505
512
445
438
392
368
287
484
295
252
244
297
316
324
396
390
375
439
506
596
656
633
475
527
536
431
511
404
384
332
293
232
186
206
255
307
353
369
428
419
425
412
482
575
925
712
529
509
463
377
342
320
305
269
248
242
168
166
238
290
391
494
572
558
451
340
459
657
733
743
683
554
520
478
408
336
213
293
227
222
217
213
309
434
491
709
704
724
684
454
425
621
754
921
878
779
643
533
342
256
218
198
169
145
167
168
558
666
844
908
828
580
547
818
996
1048
893
782
717
698
489
450
369
307
228
230
244
275
366
467
598
487
675
749
624
444
548
850
787
765
658
589
482
416
381
253
290
304
245
191
186
180
183
213
256
296
290
340
369
327
487
430
480
469
304
300
334
290
241
196
283
264
197
129
160
117
129
151
127
148
196
205
216
318
447
525
423
456
382
393
444
363
389
341
307
202
200
177
130
118
151
177
176
208
203
187
241
298
356
473
485
487
370
370
347
402
373
395
351
342
261
188
199
170
161
179
193
235
221
303
360
428
515
523
390
378
383
389
392
440
389
391
366
275
235
202
142
162
167
179
206
193
267
313
395
432
511
498
443
399
386
410
381
382
393
329
311
347
214
220
173
154
137
165
215
272
265
259
384
521
495
415
409
354
337
330
299
288
296
295
270
197
149
178
149
172
216
216
249
310
434
496
472
473
414
428
417
448
467
360
325
348
265
218
216
160
162
194
170
188
196
209
294
262
274
218
265
349
361
392
322
294
187
165
145
132
89
105
124
166
201
240
249
273
374
364
409
493
467
363
365
381
417
417
463
362
311
340
194
180
142
122
137
148
204
269
261
251
313
380
433
471
429
386
368
389
818
512
433
309
273
237
200
136
142
149
155
207
290
290
268
363
408
427
455
386
391
417
432
467
437
439
436
408
354
308
249
195
153
184
220
175
262
286
362
499
532
667
618
575
524
497
562
578
691
444
525
674
643
592
512
419
332
338
369
428
445
457
448
511
575
624
515
451
390
377
337
461
475
539
528
381
344
305
213
127
139
159
174
223
246
261
324
343
436
563
475
416
358
393
402
473
523
493
300
266
238
134
95
95
105
117
64
197
265
281
349
277
260
380
356
365
341
303
202
248
248
264
267
238
71
82
91
134
164
221
238
287
299
274
339
322
404
273
298
244
193
127
65
157
135
221
239
263
263
305
334
336
320
364
291
247
214
277
369
344
392
348
304
192
170
183
88
148
163
205
225
321
282
291
351
326
328
365
298
204
188
185
228
278
231
146
95
82
66
73
113
144
193
183
250
310
318
47
115
82
117
173
117
45
113
74
75
75
25
22
33
63
38
65
36
38
26
90
91
116
130
171
192
239
185
163
130
118
65
77
83
79
25
40
41
43
27
45
49
53
127
129
170
237
139
112
130
89
78
46
55
43
19
22
47
43
47
43
97
94
204
145
145
129
128
197
160
189
118
133
111
68
73
23
41
31
46
49
36
53
111
118
77
51
32
46
27
26
23
32
37
87
94
17
49
74
88
124
155
160
216
206
121
112
130
71
77
66
87
102
107
43
27
45
71
144
163
142
226
189
197
130
197
164
189
205
157
53
61
42
48
72
84
54
85
131
173
235
257
291
344
307
216
246
221
216
172
36
62
102
110
145
178
340
327
152
126
196
223
237
198
108
58
81
83
60
62
46
33
57
47
66
98
171
207
242
165
165
122
156
166
139
103
117
130
88
75
80
39
32
32
24
49
66
72
106
97
85
164
129
132
157
64
65
89
82
40
43
34
26
77
94
130
182
140
170
205
237
288
215
283
271
253
262
232
160
120
133
95
93
81
104
91
106
133
126
163
136
156
189
248
291
225
204
208
223
226
194
156
176
190
111
106
98
90
72
65
92
126
173
166
199
153
251
353
313
286
241
192
299
248
278
223
158
91
111
96
110
92
57
92
96
125
160
210
247
210
280
318
335
263
247
237
261
257
264
198
138
179
144
96
87
75
74
109
135
164
202
175
231
239
328
282
314
319
232
253
304
240
220
191
219
141
167
95
90
81
82
118
143
121
155
160
113
148
195
281
273
284
227
216
215
202
234
232
169
177
127
129
131
116
64
77
148
139
208
225
243
275
200
154
165
208
204
230
149
154
131
102
106
84
65
77
92
123
153
149
122
205
290
286
243
198
223
263
217
232
200
153
109
101
91
76
80
78
73
104
115
147
143
144
177
201
309
244
293
182
238
231
246
241
227
150
130
89
68
67
84
114
136
105
143
135
116
154
212
262
185
167
191
146
217
192
248
87
153
57
47
45
58
35
41
100
72
70
84
105
98
153
96
76
88
35
5
34
37
25
51
29
26
37
33
54
67
103
95
103
90
110
121
197
188
183
172
191
137
177
134
145
100
57
83
33
36
28
63
76
92
90
105
121
139
225
299
427
738
1096
1145
836
903
1125
1209
694
203
55
49
31
39
46
43
74
146
249
246
234
374
392
307
314
266
290
338
122
126
100
43
53
56
53
32
53
60
63
76
105
129
100
159
206
214
187
170
130
93
118
139
142
100
41
58
49
33
50
23
51
53
81
76
93
82
77
126
156
149
124
95
145
70
64
86
82
52
41
45
25
35
39
30
61
67
84
100
123
115
108
158
218
186
183
145
173
131
138
114
154
92
82
97
70
74
59
70
51
32
44
69
61
60
66
58
92
67
91
88
51
43
64
52
43
35
20
20
36
36
38
45
39
32
47
61
75
105
75
71
79
92
64
60
69
44
72
27
42
32
31
29
40
40
31
40
35
55
35
63
104
110
78
78
82
74
58
42
56
98
47
16
30
31
16
34
29
37
32
44
49
31
38
105
92
75
62
72
90
76
68
73
83
101
49
62
46
39
24
31
56
46
33
37
49
43
42
58
63
54
60
86
147
66
70
79
65
55
54
25
5
27
38
17
17
41
60
64
58
74
53
61
79
96
105
106
160
131
81
81
78
62
39
38
26
26
34
24
29
30
30
37
39
57
144
311
358
626
949
777
703
579
536
508
739
456
121
29
31
20
26
32
41
36
25
33
54
52
32
110
81
71
100
119
112
201
128
161
50
43
50
36
34
43
12
35
32
24
9
74
35
39
42
70
52
92
56
75
102
119
95
96
82
77
31
33
31
20
23
1
9
5
9
63
46
3
15
3
23
13
76
19
170
34
140
217
7
45
104
119
132
24
66
82
70
51
58
53
64
40
39
42
45
61
63
58
75
168
149
144
116
117
96
76
95
79
97
95
59
91
167
204
114
66
44
37
48
72
77
94
117
158
174
114
98
91
54
62
69
100
62
59
42
44
41
54
51
35
28
82
88
129
151
144
144
140
140
165
134
129
63
116
63
60
62
44
39
53
55
59
81
90
76
113
103
111
130
153
163
171
145
145
129
107
113
100
34
37
58
67
55
65
92
91
97
131
115
142
128
141
139
123
108
120
78
120
116
102
103
110
103
67
53
97
146
67
103
184
169
167
177
228
113
93
86
82
68
61
39
51
29
22
41
38
42
26
36
43
69
84
62
74
79
100
114
116
99
107
97
81
92
71
57
48
41
174
154
127
167
187
198
135
89
155
205
228
224
252
224
161
62
65
75
60
114
122
148
131
143
105
130
138
203
160
131
153
173
210
222
180
222
267
269
190
200
170
181
160
153
234
143
113
235
306
104
116
178
158
230
178
284
341
265
309
344
311
314
287
281
291
192
227
106
217
240
265
245
170
168
190
173
136
166
202
259
339
272
225
286
331
309
286
240
232
215
245
212
186
161
239
245
176
188
197
153
163
213
225
213
223
102
114
144
141
181
134
141
108
119
101
92
94
156
160
176
128
150
161
165
198
180
178
158
144
161
210
242
255
285
270
270
250
203
156
126
143
107
148
170
158
175
165
86
89
133
144
153
173
210
230
230
237
212
233
188
180
171
218
124
148
133
157
179
144
157
131
125
121
128
124
142
151
159
139
135
147
202
179
185
189
171
201
153
126
143
119
115
113
157
134
137
151
154
163
141
206
207
205
223
252
278
302
292
224
220
201
202
222
231
226
175
188
194
122
148
155
170
200
217
171
170
195
227
244
260
242
204
223
203
208
105
171
191
154
158
137
73
104
109
123
125
119
117
40
55
125
143
156
190
167
154
145
141
110
148
149
126
113
125
86
86
84
105
129
156
148
143
146
167
172
188
182
162
128
133
135
118
124
109
106
106
109
78
109
100
107
119
127
100
115
121
145
169
192
152
122
116
136
120
143
124
92
108
81
81
93
87
97
101
106
128
117
93
79
133
205
207
177
207
186
169
182
144
112
123
92
114
93
102
87
83
133
109
78
101
100
81
142
140
139
160
112
127
140
115
132
126
109
110
97
92
101
101
78
96
129
112
118
123
89
92
104
130
157
170
176
138
118
108
93
150
96
113
111
94
83
87
86
99
98
109
87
103
105
129
126
129
132
164
145
161
117
128
140
149
137
129
111
87
90
80
85
78
76
110
108
115
111
110
131
136
200
226
151
137
137
162
143
131
88
87
77
83
70
63
75
96
98
85
105
124
101
118
111
157
156
179
151
174
137
147
175
125
131
112
128
111
84
81
84
102
101
109
89
117
119
139
149
139
165
183
177
162
143
129
190
127
197
141
131
112
100
44
73
89
102
94
107
113
89
114
116
120
168
175
130
149
127
146
159
135
120
131
141
123
111
90
71
81
92
73
78
93
87
90
100
130
139
134
128
133
122
119
105
129
106
112
92
93
101
71
66
69
70
90
98
107
95
78
92
99
117
151
170
157
133
142
146
87
138
120
118
118
112
101
93
93
92
96
101
112
100
115
110
99
139
168
171
168
134
92
121
122
88
107
126
108
118
102
95
82
96
100
79
97
117
105
130
148
181
178
162
151
148
110
145
134
137
133
115
107
88
43
31
47
47
50
45
62
52
68
95
91
96
108
114
115
113
86
92
93
100
117
86
82
82
78
82
113
116
116
104
103
92
125
158
162
123
106
97
126
117
132
101
122
94
84
102
87
69
82
75
97
89
77
99
94
112
138
160
137
139
134
146
148
130
130
140
120
95
86
84
89
102
96
113
121
120
106
107
117
136
160
194
191
119
126
90
109
133
131
136
124
99
101
78
79
77
102
103
91
91
83
111
104
131
146
196
157
135
123
131
116
116
137
127
118
88
76
81
67
64
85
97
118
124
130
116
156
136
136
206
183
147
154
103
117
116
114
97
89
89
101
86
79
87
107
98
104
96
83
111
130
166
168
162
163
123
164
131
143
81
103
102
84
77
86
83
91
80
114
108
110
117
114
147
159
188
199
165
163
151
152
127
111
115
105
104
109
92
81
78
85
105
115
100
132
105
117
121
124
95
155
145
138
113
92
106
127
73
16
72
73
67
53
78
70
86
107
102
90
87
88
95
109
137
183
166
154
174
149
123
128
122
110
115
102
108
96
107
104
109
98
100
130
98
101
112
129
125
156
156
151
103
141
138
85
115
104
112
93
78
53
80
100
89
106
85
103
101
113
108
125
161
149
167
144
115
155
167
124
119
117
116
110
92
73
64
99
90
116
105
106
107
112
109
123
141
186
162
153
130
127
124
107
126
101
102
76
82
63
62
74
97
110
86
110
122
123
135
134
147
195
158
183
159
137
105
147
145
131
123
94
83
70
71
83
95
111
90
121
110
109
94
95
175
179
196
181
166
138
117
124
249
244
180
141
151
127
133
121
183
173
163
249
261
295
287
249
298
405
421
343
313
301
296
219
189
173
149
142
136
103
146
140
132
216
225
226
219
237
197
272
409
437
407
398
315
259
256
150
164
182
152
136
108
104
133
162
204
253
290
295
342
304
284
288
290
473
466
316
261
276
214
185
157
149
173
174
143
135
163
256
262
326
320
364
425
374
322
308
349
418
492
482
385
350
290
138
195
213
216
184
176
157
180
257
299
339
296
147
247
194
195
146
118
122
143
219
239
252
336
285
336
289
254
263
273
343
324
321
260
216
202
188
186
169
190
159
142
134
117
163
144
206
203
229
207
229
256
247
304
356
352
293
283
284
255
218
182
193
195
162
146
130
149
153
185
207
197
236
200
229
215
219
281
246
242
283
325
286
239
220
202
240
193
147
157
124
89
132
146
177
194
193
197
241
216
292
296
317
260
246
247
272
265
259
240
179
199
171
135
135
112
102
142
126
147
174
220
147
195
230
227
254
216
230
185
180
167
154
152
161
169
113
95
56
89
100
103
129
98
128
146
129
128
109
137
189
175
191
166
172
168
165
122
118
114
111
105
85
82
75
83
99
85
112
101
90
110
125
138
160
164
146
171
142
136
130
108
94
105
100
88
68
67
77
80
100
119
95
113
113
146
113
168
191
171
145
155
169
150
177
152
148
131
123
91
84
87
96
81
77
85
94
102
102
118
88
99
105
120
94
106
98
119
140
132
107
99
85
73
76
73
98
120
121
72
95
102
103
114
79
101
125
95
98
119
129
90
90
89
124
90
82
66
63
58
81
73
91
83
99
106
87
99
95
115
130
101
107
126
106
124
159
155
124
140
104
83
74
72
62
90
96
90
87
92
106
120
106
118
128
144
101
114
95
66
86
100
99
95
102
80
80
61
65
64
107
96
79
92
100
97
136
138
144
146
106
105
116
112
107
84
108
116
96
99
76
65
65
72
75
81
123
113
106
107
89
103
104
115
101
98
118
105
113
119
129
108
93
80
53
65
63
68
75
67
91
80
82
72
93
106
137
128
127
98
124
115
99
82
124
102
87
71
59
72
108
69
98
192
123
102
71
119
106
122
136
141
124
110
121
102
107
121
120
88
78
76
67
55
63
54
73
74
81
82
97
80
89
103
152
124
119
140
98
152
124
145
108
104
69
71
40
69
83
72
87
124
172
214
244
249
258
311
289
303
270
272
268
292
256
245
254
145
111
96
89
77
67
74
80
89
92
122
103
120
133
159
111
112
94
148
126
147
173
155
132
106
74
71
71
83
72
88
74
78
84
95
90
101
125
124
166
110
95
112
102
133
140
126
106
54
69
57
45
62
62
74
64
69
68
74
92
100
123
156
140
122
94
76
122
99
90
97
97
77
67
53
59
32
53
64
56
57
69
80
61
107
101
159
112
91
104
98
125
109
207
203
160
135
134
97
89
98
110
120
140
127
146
121
160
183
204
199
210
178
184
177
186
202
196
198
142
77
99
78
72
59
86
107
72
85
113
157
139
168
181
225
174
176
156
157
177
148
165
165
130
97
77
61
80
80
73
101
90
114
152
128
170
165
184
202
161
153
148
154
138
174
167
171
125
114
78
79
52
88
94
80
108
115
147
163
182
187
238
266
229
196
150
210
177
191
217
242
180
152
111
87
95
110
93
109
133
141
170
169
183
205
206
226
200
161
166
173
207
238
287
216
193
124
119
114
97
81
83
102
134
121
131
148
160
199
206
265
208
218
201
217
243
287
280
263
223
164
133
109
104
83
107
154
127
170
139
164
182
195
181
226
228
192
137
161
186
261
247
256
172
125
82
63
85
91
100
126
162
172
172
207
179
172
185
181
211
184
169
180
192
233
250
237
166
158
102
90
83
98
91
125
143
165
175
196
198
184
220
196
182
169
153
153
199
250
289
228
170
132
107
63
57
104
95
105
115
145
164
156
197
174
240
224
216
211
186
190
194
203
262
229
175
128
103
82
83
87
92
102
87
161
170
197
191
184
209
239
185
192
163
172
225
233
242
223
175
151
141
107
109
85
80
96
144
166
178
203
201
226
184
204
198
204
215
194
200
212
224
172
128
97
111
105
78
66
79
85
91
131
132
129
142
137
133
115
100
145
149
156
186
132
212
214
149
119
92
77
68
80
65
89
90
93
125
129
116
139
171
189
195
161
123
152
148
139
168
156
121
99
93
113
168
66
81
60
87
118
111
120
143
142
158
178
146
153
117
129
135
134
130
152
132
117
86
61
62
148
76
100
100
130
135
139
158
143
146
185
185
154
131
158
164
149
165
134
128
87
64
61
61
24
72
183
151
131
81
71
95
110
112
164
140
122
117
105
136
121
128
120
92
82
65
55
58
51
60
56
82
86
91
108
120
117
139
171
134
129
125
116
114
132
122
102
79
75
72
63
54
78
104
120
93
104
129
135
124
132
152
189
182
169
143
164
137
119
117
115
95
63
65
71
89
89
91
93
117
141
152
188
140
146
229
211
193
223
196
231
204
180
157
159
111
121
100
79
74
94
106
130
135
160
173
150
179
165
180
196
173
158
184
190
212
171
169
142
89
89
83
78
56
73
80
94
117
143
142
138
150
147
179
202
149
154
136
119
115
134
88
78
66
58
58
55
79
60
74
109
102
96
87
73
56
56
44
40
44
51
41
66
84
78
77
61
78
77
84
86
99
84
92
88
98
101
104
112
72
78
61
45
42
52
54
67
76
117
89
82
76
82
80
117
144
121
85
127
113
97
96
83
59
70
53
44
38
31
40
61
65
79
83
75
74
83
81
102
115
119
102
123
110
93
75
61
75
45
47
44
32
34
45
42
45
53
48
60
45
68
99
125
94
115
111
102
101
100
94
103
63
60
60
45
50
55
58
77
108
114
102
93
91
115
133
148
133
130
105
107
137
140
117
107
78
76
76
61
44
48
61
76
76
109
106
105
85
69
115
158
125
116
111
130
137
136
131
127
87
86
89
56
105
59
76
92
108
118
111
100
114
104
141
146
119
97
106
132
129
112
105
130
83
64
53
53
61
50
61
84
99
110
112
101
94
95
87
119
85
97
118
111
104
114
120
109
94
74
77
53
47
67
62
73
72
98
85
87
84
102
140
161
114
87
104
100
105
109
123
81
85
64
66
67
74
59
62
72
83
99
134
129
112
110
110
119
113
112
97
129
126
109
97
57
66
60
45
31
19
34
49
73
88
98
79
64
50
84
108
135
111
147
112
132
100
90
86
73
50
36
38
43
46
38
46
82
108
90
72
67
88
85
110
95
99
83
98
94
93
86
80
92
58
65
45
44
57
55
64
72
107
97
100
97
85
85
112
138
137
123
109
124
138
110
110
114
100
64
72
46
48
62
60
87
82
79
37
86
75
94
115
100
86
102
95
109
100
75
72
83
75
60
55
40
53
38
61
87
81
100
98
98
86
111
122
106
95
112
95
84
96
105
111
136
98
96
75
72
59
69
82
90
94
111
89
101
110
75
108
132
126
107
131
114
105
119
116
110
66
59
52
63
55
65
71
86
100
106
92
118
133
110
137
160
147
133
162
153
142
128
131
109
81
57
62
32
60
35
39
49
49
86
127
105
105
113
143
139
150
143
160
184
153
117
110
101
86
61
77
59
52
39
54
76
94
116
106
102
73
80
104
132
117
113
109
117
142
130
77
95
70
77
62
61
57
59
67
95
102
125
119
118
137
111
145
145
157
130
133
109
112
128
188
85
63
102
86
62
49
51
74
66
99
98
105
78
98
110
106
132
112
123
135
146
110
107
104
84
73
79
67
63
68
54
50
103
124
122
120
94
107
149
155
126
136
146
125
168
120
88
76
58
54
43
53
62
56
62
84
113
123
115
116
108
95
165
122
134
144
150
137
150
90
95
75
81
72
52
58
46
63
97
82
104
122
101
105
114
113
136
118
122
109
118
121
109
88
64
52
48
44
57
55
45
56
92
80
93
124
98
90
100
107
133
91
109
127
141
108
108
92
78
70
67
57
55
57
54
69
96
125
110
125
120
102
117
124
119
154
150
125
117
117
147
124
94
86
74
54
61
64
53
70
76
100
109
99
113
92
115
115
149
134
125
118
108
98
87
86
93
72
94
64
114
98
62
74
89
95
109
105
97
85
86
108
123
144
140
127
161
149
130
112
82
53
49
36
24
36
54
50
66
98
109
122
126
179
128
133
158
127
116
132
129
123
117
95
100
70
80
61
55
51
66
75
79
93
102
96
95
93
112
146
124
141
140
114
104
91
96
81
72
65
77
35
76
61
86
135
121
134
170
184
140
182
153
185
203
201
208
224
232
216
171
145
127
109
90
78
58
111
128
134
126
136
164
143
176
187
150
175
168
142
150
93
92
100
86
70
59
91
83
129
176
165
150
166
184
259
298
235
218
164
212
214
208
164
181
130
142
86
78
72
74
22
35
82
126
139
121
102
117
117
143
144
139
148
162
146
151
114
117
92
59
38
30
37
37
51
86
98
123
147
97
107
93
91
119
162
140
155
140
135
123
112
95
88
69
55
36
65
48
76
109
93
166
169
188
162
170
134
110
103
123
91
81
92
134
99
97
70
60
60
58
62
64
51
48
60
78
104
73
76
77
69
98
95
92
106
135
117
104
93
77
46
52
32
30
31
28
30
44
64
76
95
86
82
89
58
81
106
86
114
135
122
134
70
55
49
42
56
33
34
47
52
51
51
77
64
71
58
66
88
91
83
107
117
105
204
140
136
95
85
52
52
58
58
58
90
100
123
173
177
200
158
147
146
167
168
147
168
200
216
196
147
110
90
85
61
67
63
40
85
99
130
147
157
139
153
108
61
96
99
74
50
56
50
65
97
91
148
158
134
174
186
155
162
192
173
162
137
151
194
113
104
99
78
83
39
42
54
60
72
122
147
154
130
148
196
236
199
216
197
229
179
150
187
162
137
131
106
79
64
62
52
87
105
152
234
235
226
213
220
224
201
242
223
206
213
251
207
189
160
124
123
87
62
58
47
64
93
109
169
220
235
161
170
251
226
231
179
191
128
305
308
205
134
115
102
88
79
49
54
57
66
88
144
188
184
133
162
131
167
187
180
209
127
219
259
197
118
126
123
109
87
72
69
80
90
133
161
170
199
129
111
115
130
153
147
212
134
150
128
96
114
103
114
126
87
76
52
65
101
158
209
208
249
197
219
235
239
230
211
202
181
185
147
113
86
99
95
86
60
62
44
110
141
134
124
129
146
134
146
164
154
186
202
178
144
120
97
86
64
52
79
59
73
66
110
128
177
161
139
134
119
134
190
183
181
148
168
168
120
88
83
97
49
48
46
42
68
75
112
120
148
131
114
104
107
134
81
178
169
213
215
140
128
110
87
74
49
53
48
37
55
67
108
118
145
141
139
108
128
128
163
131
158
173
185
148
113
76
86
82
82
56
45
31
49
42
79
154
174
197
168
162
148
171
202
214
222
185
191
169
160
109
97
94
78
48
44
64
84
118
119
191
163
186
181
102
9
135
126
97
76
108
120
110
114
86
79
84
85
75
61
43
55
85
121
160
105
77
87
138
143
136
173
145
183
196
171
146
113
112
101
94
73
68
53
54
66
104
130
201
190
206
161
165
194
234
231
199
196
151
171
166
113
67
77
91
64
55
56
51
83
126
136
214
203
213
173
173
173
156
193
186
163
278
214
156
173
123
94
125
67
68
70
47
61
74
140
190
201
209
180
154
137
156
214
190
214
240
223
135
132
107
105
127
65
65
44
40
59
77
130
170
206
180
204
191
179
189
212
194
219
185
177
156
127
99
64
72
92
46
40
49
60
117
136
162
175
160
136
145
140
151
174
199
210
234
172
104
72
66
77
62
57
46
70
42
51
46
88
100
131
114
127
127
134
110
119
102
136
129
147
108
81
72
76
58
59
49
35
39
44
67
83
113
121
98
86
117
92
94
124
130
136
170
82
36
69
54
74
26
20
20
20
15
19
37
60
54
39
46
26
31
26
35
47
67
64
69
34
33
35
21
24
17
11
12
14
14
34
39
56
61
77
53
59
74
36
39
73
117
83
68
48
48
43
27
26
22
24
15
24
42
77
106
101
71
73
102
156
127
55
55
70
97
73
39
40
41
35
21
19
18
15
8
22
30
50
48
51
47
48
56
51
67
60
66
125
130
94
50
56
53
47
46
36
21
24
29
58
73
78
90
84
94
100
106
109
137
147
145
114
64
47
55
40
49
38
22
31
42
35
38
69
81
87
90
97
81
97
92
92
90
129
108
87
65
43
36
48
47
28
29
33
29
51
52
79
98
105
76
96
111
119
119
105
106
131
157
115
87
58
60
63
49
42
46
33
54
51
96
107
128
132
91
87
100
72
108
75
110
120
106
83
74
69
78
69
61
48
29
28
14
43
61
74
87
99
97
77
84
94
95
127
102
108
95
96
81
53
74
63
41
39
27
28
49
54
72
85
101
123
106
85
109
112
131
109
127
167
135
107
82
91
80
69
60
45
39
31
41
48
76
91
118
141
127
96
112
98
130
128
142
140
131
121
70
55
38
60
65
75
103
115
136
131
88
71
54
49
64
50
39
36
33
33
16
48
58
64
74
62
81
62
87
100
123
139
139
133
115
78
63
53
64
77
49
44
34
34
45
58
72
82
73
93
88
94
95
114
140
132
143
166
176
119
73
61
65
74
58
36
42
30
36
47
67
100
117
147
133
104
117
119
138
128
134
133
116
120
69
51
43
66
48
25
37
24
30
35
58
65
103
108
98
74
97
107
145
138
135
122
113
89
59
73
57
52
54
33
32
18
25
55
38
95
98
104
113
101
91
90
97
116
139
131
109
110
68
63
77
87
39
19
28
29
22
42
58
74
124
115
98
73
104
93
106
109
145
179
161
129
77
50
71
53
58
42
23
32
44
73
84
115
142
106
133
110
89
103
150
177
186
178
187
129
86
61
68
72
57
39
42
31
46
53
80
88
105
95
111
98
89
123
171
189
143
97
85
67
61
77
47
33
25
20
29
44
72
88
107
118
120
109
126
136
159
153
190
161
132
130
92
88
93
98
80
45
27
26
31
49
82
88
115
134
94
108
94
90
67
76
75
75
39
38
35
30
19
36
57
80
93
106
101
84
91
102
146
184
184
175
156
96
59
67
67
72
54
30
33
32
41
65
98
93
123
129
122
108
160
156
174
196
172
188
110
73
94
84
106
71
47
38
35
50
66
75
80
121
133
102
111
104
158
190
200
183
165
162
141
106
90
98
106
92
62
38
56
50
56
99
103
131
142
122
111
134
154
187
192
182
187
157
128
103
91
85
78
73
40
52
29
31
65
60
86
110
106
107
113
116
129
150
168
194
165
153
109
85
89
86
87
51
32
29
13
37
76
72
90
76
55
41
60
115
133
147
175
200
54
122
98
79
107
98
52
42
34
18
17
40
70
88
89
85
78
93
124
134
164
211
148
104
89
95
75
68
85
68
51
35
21
33
45
74
87
88
102
93
104
132
179
151
184
183
170
135
94
85
70
58
66
62
51
24
26
17
32
60
68
72
86
85
82
101
140
158
175
191
186
152
103
80
63
93
90
58
33
39
25
21
51
59
77
98
96
93
91
127
148
176
170
186
187
125
136
115
68
65
54
81
8
28
40
65
71
63
75
57
76
60
48
48
32
37
30
60
88
66
87
62
84
78
103
137
112
119
80
102
73
57
71
65
71
45
52
50
41
40
46
54
63
64
95
82
117
91
92
110
93
115
87
95
87
73
64
77
89
68
59
33
34
41
50
75
71
102
110
91
88
102
114
108
82
93
83
83
57
46
71
71
71
60
47
52
43
20
49
49
67
86
89
97
87
109
129
90
103
102
91
102
93
75
66
73
84
66
56
45
43
39
46
61
86
116
123
106
97
108
129
117
119
70
68
68
55
41
35
56
50
45
33
55
37
45
41
71
77
72
99
112
90
104
142
138
151
147
89
108
82
66
51
69
49
49
37
32
31
31
36
38
62
83
86
83
91
77
105
108
102
56
14
19
57
70
57
53
69
41
38
38
24
38
46
63
86
104
124
128
142
165
187
154
162
136
125
139
91
88
104
55
48
60
51
30
41
46
55
46
64
90
103
69
120
89
116
138
131
125
111
111
93
75
65
52
65
50
35
32
42
33
50
35
68
75
83
69
71
89
142
100
115
83
84
89
57
36
57
58
47
50
70
27
34
32
35
42
47
52
57
62
58
69
79
88
61
77
77
76
44
56
46
48
47
49
31
25
19
34
17
27
51
44
55
44
55
60
57
63
64
47
55
56
22
47
29
51
29
37
30
27
36
26
33
48
65
63
63
62
62
70
94
82
92
87
85
77
59
58
70
69
55
51
47
49
31
35
22
13
19
20
52
41
54
48
72
63
48
47
41
51
30
39
24
45
36
39
24
19
20
21
34
29
30
40
27
21
35
34
48
51
40
41
45
37
34
23
30
34
43
26
35
22
28
22
21
27
39
33
30
39
48
42
56
47
44
49
49
35
22
29
29
24
37
25
28
21
14
26
26
27
46
43
32
28
38
40
64
54
42
35
40
26
23
36
31
47
19
32
31
21
15
19
21
17
37
34
35
31
31
49
38
48
49
56
43
44
36
33
33
54
35
27
26
23
32
26
21
34
20
32
32
23
50
41
41
39
24
46
51
44
34
32
25
30
44
35
25
21
13
20
25
31
28
38
32
25
35
29
50
44
30
42
30
36
29
28
20
35
33
31
31
19
29
22
19
32
29
30
29
36
38
30
51
38
39
34
50
46
30
45
27
36
32
43
18
30
28
26
21
26
39
40
29
39
33
47
48
31
15
25
30
50
30
29
38
32
39
25
27
1
1
1
1
1
2
2
2
1
1
2
3
1
1
2
1
1
1
3
1
3
1
1
3
4
1
1
2
1
2
1
2
1
2
1
3
3
3
2
2
3
2
6
3
6
6
3
5
1
4
4
4
1
3
3
3
2
6
6
2
4
6
4
5
7
7
11
7
5
4
9
1
9
6
4
3
2
3
2
6
6
4
12
4
2
6
5
12
4
14
5
10
7
8
8
6
12
6
5
2
3
3
4
8
10
8
7
8
11
10
4
11
6
7
7
5
13
7
6
2
3
5
4
4
5
3
7
6
11
7
13
5
3
3
2
2
2
5
4
6
9
10
7
4
3
7
3
7
1
5
4
5
3
5
2
5
1
7
4
4
9
9
11
7
10
6
5
5
7
3
5
9
3
3
5
1
2
1
1
1
4
2
5
4
5
5
7
3
2
4
2
2
3
4
2
3
7
10
8
7
9
11
7
8
8
3
5
7
8
7
4
2
4
3
2
5
6
5
2
7
1
6
2
5
10
12
14
9
7
5
12
5
3
4
5
7
4
5
6
5
6
9
4
8
7
7
7
4
12
13
11
11
8
11
2
2
6
8
6
5
6
8
15
6
8
9
9
16
13
6
11
5
11
8
3
6
4
11
8
8
6
3
3
13
15
14
14
12
3
4
13
4
7
4
3
1
1
4
4
6
9
7
20
11
10
11
8
4
3
10
3
4
2
3
1
13
25
19
11
18
13
8
8
6
3
8
5
1
2
2
2
2
1
2
3
11
11
20
29
28
22
28
39
26
30
11
15
11
5
4
1
2
3
7
4
1
4
1
9
27
32
32
43
39
35
32
38
16
17
10
8
5
4
3
2
2
1
3
1
4
6
4
1
15
9
6
11
27
20
11
11
7
13
8
10
3
2
1
3
1
1
6
5
3
6
7
3
8
15
15
18
14
15
10
9
12
10
14
4
7
3
2
3
2
2
5
5
7
9
7
5
6
7
4
1
2
4
2
4
2
5
13
10
8
9
4
10
5
13
5
6
3
2
1
1
3
1
4
5
10
12
10
4
3
2
1
8
8
1
3
2
1
1
4
2
2
1
2
1
2
13
13
8
2
1
4
8
10
6
4
1
3
7
16
7
11
7
2
10
5
7
7
5
5
1
4
1
1
11
10
10
7
5
9
5
9
7
5
11
2
6
2
11
11
11
9
6
3
6
11
12
7
2
2
2
4
6
6
6
6
11
16
11
11
9
11
7
12
14
21
21
7
12
8
13
12
16
16
11
2
2
1
3
10
9
15
16
10
6
7
5
9
13
21
11
14
9
4
7
9
19
11
7
6
3
4
5
8
14
7
10
8
8
8
11
3
24
22
16
7
6
10
14
9
19
16
12
4
1
4
5
10
10
12
18
5
19
18
7
11
18
29
30
18
9
12
11
19
26
23
5
4
7
4
8
10
14
12
14
7
10
5
6
12
20
20
18
12
6
6
5
14
13
8
9
5
6
2
1
2
4
5
14
3
5
6
3
6
11
17
19
8
5
7
9
16
7
9
1
1
3
9
6
9
4
11
8
6
8
13
19
21
8
6
9
8
11
20
7
4
3
1
4
3
4
8
13
19
12
4
7
12
9
16
23
20
6
9
7
9
12
14
24
4
2
1
2
4
8
4
11
20
10
7
5
13
7
21
33
34
15
8
10
12
22
31
30
17
6
3
3
7
5
13
19
10
10
13
13
14
14
25
25
24
17
6
12
12
17
13
12
3
3
1
1
16
17
12
16
16
16
7
15
22
24
20
10
9
8
6
9
7
8
2
2
4
7
9
10
7
22
15
9
10
10
7
18
28
15
12
4
6
11
6
8
15
9
5
6
1
5
12
9
11
11
4
13
9
7
10
13
19
11
10
6
12
9
12
3
4
3
1
5
11
8
13
11
5
4
4
4
10
16
13
18
14
7
9
15
13
9
11
7
1
3
1
5
7
10
11
11
7
2
5
8
10
9
16
15
5
9
5
7
6
5
4
5
1
1
2
4
6
9
11
5
2
2
3
8
6
16
28
16
10
11
8
8
12
15
11
3
3
5
2
3
9
9
9
10
3
7
10
2
7
9
24
13
8
6
4
3
3
11
6
9
10
7
6
8
3
8
17
19
11
17
6
11
6
5
16
10
3
2
2
3
7
13
10
21
7
6
8
7
6
21
27
10
7
7
3
5
10
7
14
9
8
4
3
2
4
9
2
14
8
8
8
9
10
18
21
15
9
8
9
9
10
13
9
11
3
4
4
2
5
4
5
6
6
2
3
7
9
10
7
9
1
2
7
7
4
5
3
2
4
4
3
10
5
6
7
2
10
7
10
9
10
12
21
2
4
4
2
6
6
7
5
4
2
4
2
10
10
6
3
10
2
5
5
7
16
18
17
9
5
7
10
6
6
2
10
10
8
5
5
1
3
2
2
6
5
8
12
6
8
4
7
7
12
18
16
13
6
6
5
10
6
9
5
5
2
7
6
8
12
10
6
12
3
6
8
8
13
17
14
9
3
4
5
9
5
6
4
4
2
10
6
11
8
9
5
5
7
3
7
14
10
7
5
3
5
7
3
1
1
6
6
15
13
9
5
5
5
4
10
10
14
10
5
9
4
5
11
11
3
3
3
3
5
5
3
11
6
8
6
5
5
9
11
21
5
13
5
6
1
6
10
6
7
2
1
6
7
7
10
12
6
3
4
8
4
2
8
10
16
10
7
4
3
9
11
1
6
5
6
3
4
11
8
11
9
10
6
7
4
6
13
9
14
6
7
3
3
6
10
4
4
4
4
4
2
7
10
8
7
3
9
5
4
12
15
9
10
8
7
9
3
6
10
7
9
2
2
2
5
5
6
6
10
6
9
10
8
9
4
5
6
6
1
2
3
2
5
9
11
17
8
7
5
5
4
11
11
5
10
3
2
3
4
1
6
5
1
3
3
5
2
8
7
7
6
7
10
12
14
9
11
9
5
3
5
6
8
2
5
6
1
3
6
11
10
4
8
4
2
6
5
5
10
9
5
8
6
9
9
3
3
4
2
4
2
7
6
11
9
11
5
9
11
3
3
7
5
7
9
10
4
11
4
8
3
3
1
2
2
4
4
12
7
6
7
6
4
8
5
7
13
8
9
6
2
2
1
2
4
4
2
3
5
6
9
5
5
4
3
5
5
7
13
6
2
3
3
5
8
4
2
4
1
4
2
7
8
12
13
7
3
7
5
5
6
17
8
5
4
7
2
2
4
7
2
1
2
2
4
3
8
8
7
5
3
4
7
4
8
11
11
9
5
3
3
3
2
7
5
8
10
4
4
5
9
8
4
9
6
3
5
2
7
4
8
1
1
5
5
4
5
9
11
5
8
11
6
6
4
9
11
9
4
4
5
8
6
1
1
1
3
1
2
7
5
12
11
5
4
11
11
4
11
3
5
12
4
6
2
10
8
4
1
5
2
3
4
4
8
14
9
10
12
5
9
7
6
6
11
2
9
5
2
3
5
2
1
2
3
5
4
7
7
6
6
6
7
5
8
5
13
7
4
2
5
4
3
3
5
3
5
1
1
4
6
4
9
7
2
3
5
6
7
4
7
3
10
5
5
4
3
2
4
6
3
1
9
7
6
9
2
6
7
6
6
11
8
11
4
2
7
5
6
4
2
8
7
11
8
5
5
4
3
4
10
15
6
5
3
2
6
2
3
2
4
1
2
1
5
4
8
11
13
4
8
13
6
11
11
14
6
5
5
5
5
4
5
5
2
1
7
7
9
14
18
15
6
11
12
8
7
11
12
6
6
9
6
4
7
3
5
7
10
13
21
12
14
11
14
11
16
16
6
6
5
2
7
4
2
3
2
2
6
5
3
5
7
16
17
13
13
10
10
13
20
8
8
4
9
4
4
8
4
5
1
2
7
1
4
5
16
21
20
9
10
11
10
4
15
11
8
4
8
6
3
8
7
7
3
1
1
3
4
3
12
10
11
9
12
11
13
10
6
1
4
3
5
6
1
3
6
6
12
19
35
30
29
16
25
14
15
10
15
4
6
10
9
2
4
5
5
4
7
4
5
5
9
31
26
38
24
23
22
18
17
20
20
9
11
5
4
8
7
5
3
2
5
3
5
10
17
26
32
12
12
25
19
16
14
18
11
12
8
10
6
5
8
2
5
5
4
4
4
12
19
26
24
22
24
14
16
15
6
6
9
16
26
31
16
15
19
12
15
10
20
10
9
3
6
6
4
4
4
4
1
5
4
6
12
20
26
36
15
19
10
16
9
25
13
15
13
9
3
6
6
4
1
4
5
12
18
17
24
8
10
14
8
16
9
13
17
14
13
8
8
3
6
7
6
5
3
5
4
5
10
18
21
8
12
14
16
8
16
19
9
9
9
7
6
6
4
3
6
5
6
6
5
5
22
23
18
15
14
12
15
12
15
15
16
10
5
10
5
5
5
4
4
3
2
4
12
13
15
18
11
10
11
7
3
7
4
4
1
5
4
4
6
9
16
17
14
11
11
13
12
15
15
5
3
7
8
16
15
13
6
10
16
11
22
20
12
17
15
13
6
6
2
4
2
2
2
4
8
4
13
12
11
7
13
16
11
12
15
12
16
10
6
10
10
9
9
3
2
3
2
5
5
4
11
11
24
8
14
13
5
10
11
13
22
20
12
10
9
3
5
6
5
4
4
3
6
7
11
17
13
13
23
15
18
25
25
33
28
16
19
12
7
9
7
8
9
5
2
7
10
9
18
18
24
27
42
38
47
46
51
52
34
27
26
18
7
9
5
7
2
5
7
4
3
14
11
14
18
15
27
32
32
28
28
29
28
28
25
13
7
6
2
6
4
2
1
6
5
12
18
12
20
19
11
20
14
25
18
13
14
17
10
8
6
12
9
5
4
3
2
7
11
15
8
19
15
11
10
13
13
9
16
11
16
11
7
4
3
7
8
5
2
7
10
7
8
10
13
13
9
15
16
8
13
12
14
9
10
13
7
10
8
3
6
3
1
5
7
9
14
11
5
12
6
12
6
4
13
16
11
10
8
7
6
7
2
3
3
7
12
12
12
12
9
11
11
5
6
11
16
11
11
3
5
8
7
5
7
3
1
3
5
11
7
9
12
13
11
6
7
10
8
14
12
9
11
4
6
1
4
6
11
5
8
12
12
9
5
4
9
13
9
10
16
9
4
8
8
6
2
8
7
11
11
12
4
6
8
10
5
8
6
9
9
4
9
7
6
9
7
9
3
8
2
8
12
16
13
5
9
6
12
4
6
4
9
6
5
8
6
4
13
8
1
3
4
1
8
13
5
12
7
4
3
15
13
6
12
10
3
6
3
5
3
5
5
5
6
7
10
11
5
6
10
3
5
10
10
6
18
4
9
5
7
6
6
4
2
3
4
7
15
10
12
12
6
9
13
5
8
6
10
9
7
7
9
6
8
8
5
7
4
2
9
9
13
9
6
8
7
12
5
9
7
11
10
11
10
6
8
12
9
8
10
8
6
6
11
12
10
10
4
7
5
9
7
13
13
15
12
6
9
9
6
6
5
4
4
6
11
9
11
8
10
12
5
7
5
7
10
13
12
14
7
7
11
7
3
7
5
6
3
5
9
10
14
10
9
6
8
10
10
7
10
14
11
6
6
8
7
4
6
4
9
5
4
4
6
9
17
14
8
12
3
6
6
8
11
18
12
9
6
13
5
4
8
9
6
6
6
5
7
7
13
10
7
6
5
7
5
9
12
11
16
13
13
4
9
7
6
7
56
53
36
30
25
27
42
72
70
81
93
129
157
237
151
145
132
119
149
124
104
91
87
69
78
66
39
58
31
32
60
63
74
90
98
133
171
192
145
140
214
89
66
71
59
80
67
71
24
51
35
42
16
23
42
60
73
84
69
136
148
273
139
130
133
128
128
103
105
96
93
84
66
96
72
26
33
21
57
57
83
78
83
101
142
163
104
110
138
121
121
107
49
64
73
52
70
43
69
154
37
33
37
56
89
101
108
131
150
172
155
129
128
114
112
78
17
49
88
120
106
83
72
36
32
34
52
55
67
86
117
131
54
152
144
194
97
88
85
57
95
73
54
86
106
66
43
34
37
18
39
59
79
81
116
172
188
191
171
121
161
150
103
58
74
83
115
92
102
66
43
49
50
64
72
93
100
142
160
164
166
184
130
166
172
114
66
42
150
171
104
31
28
49
34
32
58
70
77
87
98
138
153
135
143
158
159
103
133
40
51
58
109
73
19
45
31
35
30
40
52
33
80
128
114
180
174
162
165
146
136
75
93
152
144
93
128
108
22
39
39
35
47
56
57
59
52
72
121
140
156
152
119
154
119
154
126
148
133
126
67
54
84
57
55
31
50
56
58
116
102
128
111
131
150
150
140
145
127
137
115
111
133
145
104
110
56
47
38
33
36
49
80
72
122
139
162
141
192
179
165
146
148
145
160
156
158
173
142
144
103
91
64
37
26
46
70
80
98
102
124
182
193
186
202
146
154
142
157
154
141
168
114
176
152
67
59
46
46
47
60
72
94
120
115
172
162
152
196
164
155
227
171
126
71
112
88
52
95
79
187
59
48
69
85
115
94
116
158
159
135
153
163
188
160
154
138
141
108
98
100
105
110
220
52
26
42
29
50
48
49
76
93
124
143
117
117
168
164
168
136
152
140
161
129
93
73
71
64
38
42
74
90
113
107
148
160
186
212
164
183
173
188
157
140
139
159
89
110
124
176
55
49
84
50
88
112
130
156
164
133
219
206
167
171
172
151
105
110
72
80
146
139
127
89
54
82
60
59
56
185
118
109
161
135
152
115
121
138
100
116
56
65
59
85
89
195
190
176
157
146
127
40
63
44
99
84
97
58
62
42
56
65
89
153
158
150
151
172
195
206
157
93
146
147
90
84
53
51
31
30
22
33
62
55
58
91
105
108
142
100
110
116
106
65
65
105
104
88
86
64
59
43
35
30
34
23
41
58
57
62
82
68
136
121
101
23
31
51
51
67
65
94
106
123
116
109
107
119
138
140
114
124
91
93
88
72
53
41
42
31
35
65
64
48
75
79
91
105
105
97
93
96
114
133
105
122
110
98
70
55
38
26
23
38
38
34
41
34
54
94
99
120
113
119
122
84
56
46
51
40
21
36
43
34
40
54
61
97
110
120
111
119
119
73
92
125
84
100
63
74
36
39
21
22
26
37
52
53
64
94
73
98
90
93
127
147
105
123
113
115
86
67
66
46
25
18
30
43
38
44
30
51
59
76
86
91
91
112
81
99
70
46
49
31
34
23
25
45
42
43
28
62
95
119
122
139
116
127
99
127
73
114
103
158
84
78
74
49
50
34
28
32
24
44
35
76
104
122
109
92
79
133
66
71
94
98
64
121
52
69
56
53
48
24
31
35
43
63
50
79
100
123
137
119
111
75
104
74
46
82
107
92
71
60
45
23
18
22
31
44
36
30
59
107
103
130
129
133
135
91
84
76
71
69
90
83
55
45
30
30
17
27
9
46
43
46
70
109
112
136
131
101
96
57
33
41
78
96
70
81
77
53
59
39
22
17
16
12
23
22
44
80
131
99
90
113
96
85
55
76
40
102
115
73
72
33
31
19
36
29
31
26
31
60
76
90
115
129
127
129
132
79
76
79
33
25
26
16
39
58
29
28
15
31
37
26
39
37
62
88
121
107
124
106
95
90
88
83
106
98
32
17
45
55
47
27
46
39
35
50
45
59
75
103
134
158
149
122
126
125
124
51
99
83
84
48
37
48
32
31
21
26
47
65
81
127
140
134
166
135
107
73
79
64
35
25
37
26
21
36
54
52
37
46
81
72
91
97
96
85
101
73
58
20
69
54
56
53
19
19
17
23
30
50
53
98
47
40
22
17
30
27
37
40
57
71
91
131
131
153
137
165
110
63
63
70
66
65
41
38
33
31
19
24
31
42
34
56
51
72
110
136
154
135
149
150
77
105
126
77
64
32
36
66
60
36
35
29
29
34
47
94
116
141
165
163
139
152
141
128
123
107
54
123
104
57
48
44
32
26
30
37
42
36
33
79
110
144
166
147
140
97
115
101
52
70
92
54
35
32
31
30
18
31
39
47
39
58
145
154
142
151
141
135
39
32
23
25
30
31
49
62
65
91
116
131
132
109
123
110
110
102
120
93
51
57
33
33
42
81
94
90
94
119
116
109
105
75
77
70
88
94
57
48
34
14
21
10
14
26
24
22
51
30
44
68
98
117
88
101
132
86
57
52
78
88
56
30
20
9
5
6
18
21
22
22
19
34
38
47
48
73
57
59
65
80
69
62
52
50
43
35
31
26
16
11
5
21
29
35
32
75
98
77
44
35
56
66
40
52
51
44
31
32
23
10
7
8
19
19
20
32
57
55
57
104
80
54
63
59
65
68
46
15
45
39
48
30
25
18
10
16
17
16
14
27
30
29
25
81
79
102
111
85
48
67
58
28
56
25
21
19
19
2
10
9
5
8
4
3
4
13
72
25
60
42
28
19
24
37
52
80
77
93
78
89
80
91
85
146
127
120
122
77
76
51
25
17
9
12
18
30
37
44
69
109
112
116
127
158
126
62
87
119
133
123
90
69
65
35
23
27
16
25
28
43
40
54
69
95
139
132
32
119
93
99
146
175
119
120
104
89
67
68
31
27
30
22
23
40
24
42
71
114
123
79
71
98
119
141
92
109
112
90
83
84
45
43
38
36
20
93
33
39
68
42
58
88
122
127
154
162
143
148
134
187
132
115
119
73
69
63
52
49
41
38
30
71
83
136
161
130
93
93
89
57
54
35
30
24
28
30
36
55
74
113
137
153
153
154
115
112
118
140
121
143
107
73
48
40
37
29
18
30
42
59
79
83
76
95
100
73
114
90
109
96
87
100
70
43
54
51
41
24
12
18
19
33
17
35
36
48
79
80
87
90
105
96
94
112
94
97
93
117
69
49
27
21
21
28
38
34
33
47
51
92
86
126
141
134
127
125
124
111
108
129
94
90
59
47
41
20
17
19
21
42
47
54
78
87
107
111
116
118
119
143
143
122
110
109
70
86
58
54
43
23
18
15
24
28
29
33
57
98
122
115
145
150
161
132
122
144
147
157
118
103
81
55
30
36
25
18
24
18
25
53
54
93
106
130
151
155
125
140
29
30
26
33
41
67
109
145
159
130
130
159
167
148
128
157
146
104
103
80
62
30
32
25
21
36
40
38
48
58
104
117
139
149
125
119
109
98
140
162
165
122
122
117
51
30
26
24
17
32
43
48
59
64
70
95
108
114
125
142
124
89
85
48
24
42
52
42
49
17
16
17
26
16
35
39
61
66
109
130
153
160
139
115
121
102
114
134
146
94
59
58
52
29
28
16
17
22
26
39
73
76
88
111
108
114
141
131
144
119
74
93
82
83
77
50
41
17
11
10
4
13
35
25
37
31
62
95
97
114
71
113
11
16
18
36
36
60
92
169
168
198
183
169
161
171
168
138
164
148
109
86
41
43
36
17
15
30
35
36
45
75
112
155
178
188
157
165
219
216
224
166
121
146
102
76
46
36
20
30
30
36
44
74
77
113
107
144
193
232
202
180
215
156
94
148
141
125
95
75
27
37
37
23
27
17
23
30
48
62
123
152
222
213
182
224
221
143
100
182
177
143
120
82
72
36
29
25
27
17
25
36
63
87
89
136
174
216
153
140
207
110
117
115
138
113
120
103
72
36
52
50
49
45
32
35
40
75
144
135
177
206
177
158
140
135
113
106
90
98
81
60
27
19
23
23
23
40
47
69
117
82
97
237
210
221
213
205
217
156
105
145
104
107
62
48
41
30
24
32
18
31
59
87
94
125
153
160
208
223
186
219
156
154
76
92
105
70
50
63
30
27
16
37
41
52
62
104
126
151
146
194
200
146
145
150
157
61
77
35
31
13
23
48
98
85
118
176
170
270
309
317
260
286
261
235
98
85
77
136
107
84
56
38
27
31
76
108
101
105
184
232
239
284
369
385
354
364
297
233
194
189
181
150
141
73
34
27
22
32
86
90
130
99
90
238
222
247
309
295
274
356
278
136
141
138
134
114
104
63
44
25
25
17
73
112
168
206
217
224
192
304
345
303
334
291
241
197
106
67
107
75
77
52
30
20
21
15
49
74
73
61
112
142
130
214
267
209
242
210
191
77
81
104
67
63
54
34
24
20
13
14
23
35
35
54
58
121
152
175
203
121
154
174
156
149
81
166
128
99
74
52
32
27
13
18
14
16
22
49
77
90
135
139
189
193
119
185
150
178
166
159
109
93
71
53
35
31
14
20
23
18
38
40
65
91
136
207
191
205
196
220
187
194
146
125
111
69
64
59
36
15
20
16
15
15
29
31
41
90
79
107
111
142
116
131
86
52
12
10
20
26
29
65
77
92
129
114
159
137
113
168
142
114
135
131
98
66
34
25
47
43
95
102
153
160
128
141
167
118
113
77
43
36
23
8
12
12
26
9
14
37
57
77
96
132
106
132
126
140
105
103
129
125
80
72
41
24
22
6
7
9
10
17
21
39
60
65
114
143
152
119
113
124
129
85
84
104
67
60
61
46
22
15
11
10
12
20
18
37
31
40
70
72
62
65
93
75
77
109
117
114
101
70
53
45
16
6
5
8
5
11
17
13,114
30,204
43,216
54,243
52,272
68,261
69,284
64,270
59,231
75,257
117,228
122,210
125,143
110,163
90,192
58,163
37,167
32,160
13,145
10,139
11,140
16,194
19,202
26,215
39,214
40,214
86,233
92,246
106,221
115,282
122,303
116,322
129,269
96,155
115,210
123,207
120,203
104,212
105,250
70,227
47,220
21,166
15,158
9,149
12,167
15,173
23,214
37,197
44,182
42,187
93,227
97,273
89,283
123,308
115,334
113,302
113,280
118,299
101,297
109,227
100,230
141,208
134,227
72,226
30,211
17,189
13,155
9,153
9
13
22
29
25
51
79
77
96
107
95
95
120
106
113,227
102,264
116,267
115,275
76,280
44,219
22,210
12,134
9,139
25,111
19,61
14,136
34,166
35,145
62,198
73,210
74,216
122,246
125,304
144,259
129,261
114,281
144,306
127,272
108,292
130,296
104,258
100,255
83,237
59,215
52,185
23,169
21,133
9,122
122
14,132
26,159
23,216
37,169
52,172
83,217
99,224
121,274
89,243
69,298
57,321
69,300
115,312
135,291
144,271
111,223
103,248
93,260
81,232
51,171
37,121
18,93
8,119
17,114
11,152
15,180
39,224
64,217
74,198
95,171
235
255
288
292
282
306
310
123,319
133,263
134,244
126,266
78,226
87,249
48,233
9,155
6,143
5,116
6,116
7,153
18,191
14
32
43
77
78
82
84
72
66
67
63
78
113
101,255
88,304
80,268
78,260
43,225
9,156
13,150
2,117
6,132
12,175
16,186
14,206
21,218
14,235
33,240
35,274
66,297
59,347
60,364
54,376
85,330
84,366
94,366
86,318
73,281
81,335
63,336
52,296
23,234
9,162
9,135
5,115
8,130
6,152
8,201
16,208
24,213
34,244
31,241
45,245
41,251
60,340
81,331
73,258
74,279
59,243
75,220
50,246
72,267
91,256
74,258
54,257
38,210
17,182
6,132
7,125
5,130
4,163
9,206
22,243
27,233
37,258
53,267
60,309
62,328
77,382
70,341
81,279
94,301
118,296
103,285
83,281
74,295
66,300
70,289
39,250
23,218
16,197
8,170
8,112
9,115
10,164
18,183
24,184
27,215
32,259
36,295
54,298
85,318
70,363
75,321
75,320
72,336
64,311
68,280
80,286
95,275
83,275
63,260
57,187
45,141
24,125
15,106
3,117
5,154
15,161
9,181
27,191
29,207
37,230
45,253
60,250
82,315
93,264
75,385
78,350
96,327
141,295
118,290
146,235
100,250
130,273
113,251
81,227
27,160
16,124
10,145
11,116
13,130
13,193
17,175
33,200
36,215
38,190
79,243
93,321
109,321
146,371
135,391
91,343
120,320
129,313
108,294
36,246
119,231
99,205
79,252
51,162
23,156
28,134
18,145
7,112
9,164
11,148
16,177
33,201
46,193
55,212
83,211
101,264
104,244
106,306
117,304
97,309
85,250
108,215
91,198
128,215
127,229
123,254
98,249
81,217
44,200
16,163
15,132
9,127
13,136
17,142
14,172
28,154
54,161
61,214
84,229
107,250
130,251
125,268
118,301
112,278
121,314
92,307
95,272
103,233
90,227
91,200
89,180
68,173
36,168
17,112
21,113
8,123
12,119
14,131
26,158
32,171
39,190
38,204
86,192
94,228
122,188
138,264
120,267
92,280
79,281
110,271
121,279
112,262
97,225
89,206
111,165
62,189
53,150
22,121
10,83
8,118
11,120
8,147
14,151
34,174
46,223
51,204
74,247
76,322
93,244
100,298
121,291
90,279
105,313
95,294
117,303
108,260
118,221
98,182
93,188
73,111
42,132
22,111
20,102
93
102
111
148
166
154
63,163
77,180
101,183
107,227
90,227
111,179
209
87,209
59,238
110,244
129,255
111,251
103,243
79,242
40,187
38,157
19,145
13,94
6,108
132
136
170
193
44
53
58
38
95
102
103
84
117
61
126
118
93
86
70
66
37
18,108
14,104
6,82
5,113
120
133
21,169
38,153
85,149
87,219
99,221
133,239
140,226
129,261
81,234
104,254
49,212
114,226
95,190
83,214
85,216
81,185
57,188
49,261
26,128
17,121
11,105
13,109
9,99
15,149
32,198
184
180
191
79,227
126,196
109,212
99,232
114,235
134,245
128,260
121,259
105,234
78,216
93,247
83,193
59,122
45,84
22,62
9,58
5,55
66
22
35
44,189
65,179
99,197
124,232
125,231
132,226
118,237
94,254
88,248
82,252
135,215
115,238
100,186
85,182
91,160
68,119
36,118
17,94
18,93
7,75
10,96
9,192
20,162
41,190
39,177
58,187
106,190
125,193
137,177
102,192
109,216
84,216
235
230
192
203
196
190
11,104
13,124
23,169
44,157
51,147
57,165
79,180
109,165
111,193
82,238
102,191
94,177
76,191
102,172
88,189
89,192
66,208
72,189
52,169
44,120
34,88
18,79
9,63
10,75
11,103
19,100
23,146
26,144
34,159
52,198
71,181
83,181
93,200
85,213
82,242
98,229
89,262
70,231
72,213
68,248
77,199
52,179
57,193
40,146
26,106
20,93
6,89
6,79
6,107
10,114
15,152
28,164
43,171
62,174
74,201
98,204
86,201
97,202
113,246
89,242
96,228
94,213
105,224
75,219
85,209
84,194
70,176
50,114
33,132
25,102
8,102
10,82
12,94
9,128
18,140
32,159
21,158
40,148
68,170
95,178
111,193
101,212
90,184
80,213
92,208
99,215
98,218
75,194
96,173
54,171
61,131
42,122
34,141
17,108
11,87
2,56
7,77
9,109
27,154
30,174
34,157
52,173
96,154
102,191
94,207
84,221
81,251
87,237
62,212
58,255
71,237
75,210
63,224
64,262
58,204
46,159
27,133
19,102
14,98
6,99
9,96
10,129
26,145
34,186
25,159
38,157
76,201
84,185
69,226
79,239
74,239
79,251
87,248
87,237
83,219
89,240
85,204
75,153
56,156
46,114
27,113
18,84
12,59
7,74
8,72
21,96
15,106
31,127
39,152
57,134
75,176
88,172
89,157
102,207
94,205
86,220
69,235
99,181
72,153
87,166
78,170
68,165
59,125
43,120
28,113
26,78
10,73
6,68
11,85
9,105
17,136
31,152
34,187
45,170
91,170
96,181
104,212
63,252
84,224
55,257
69,233
71,251
95,247
88,225
60,250
231
195
170
133
97
84
5,90
6,107
14,100
14,105
34,129
52,122
53,135
53,162
75,184
80,209
83,226
63,196
73,233
88,278
80,253
59,231
59,237
85,208
59,226
65,185
43,141
21,136
13,100
3,100
1,87
7,97
11,105
17,143
28,173
37,186
44,167
49,189
92,175
100,205
85,222
82,243
80,256
78,244
93,220
97,243
73,228
73,251
79,190
56,218
44,151
41,98
17,98
10,76
11,81
3,101
10,130
15,140
32,172
43,176
46,139
55,177
82,180
88,193
79,236
69,240
67,226
79,243
75,225
82,207
79,202
63,179
45,193
65,202
59,142
33,112
17,61
12,59
9,58
10,90
6,128
16,142
16,160
32,172
50,179
70,148
66,198
85,157
90,216
84,212
66,207
80,229
94,248
84,188
80,212
69,207
64,177
53,154
63,129
32,84
21,89
9,66
6,78
9,85
21,119
31,132
32
35
50
77
99
118
117
76
86
72
90
89
87
88
107,209
76,180
49,168
26,120
11,95
9,83
10,96
8,93
7,121
15,137
27,175
36,167
32,190
57,212
83,225
106,208
115,270
106,249
70,300
80,265
94,275
87,289
74,225
84,229
65,198
63,186
51,146
23,121
20,99
13,73
4,89
10,84
11,101
14,157
25,177
23,183
60,192
65,205
64,201
101,205
85,224
81,204
104,243
81,242
88,263
93,229
116,246
88,186
75,211
63,139
49,153
32,118
18,102
14,82
18,81
12,97
14,144
150
217
190
57,212
71,221
82,234
99,236
97,232
85,197
92,187
97,219
84,226
80,227
91,232
85,204
70,198
61,175
34,124
30,131
19,114
8,92
4,97
14,98
16,112
27,117
23,162
28,164
51,170
54,152
104,153
105,172
102,191
106,221
82,236
76,188
102,198
86,222
58,187
55,195
44,122
43,111
39,104
29,61
7,59
6,67
8,50
10,41
8,79
18,99
22,98
37,114
47,116
86,145
104,154
93,148
96,209
104,205
82,187
94,233
100,225
106,228
106,229
86,166
80,148
85,138
51,141
29,165
19,174
9,129
12,154
9,193
6,204
7,239
14,300
15,300
25,296
38,287
58,316
53,277
63,326
49,447
42,431
49,445
43,424
45,412
50,394
22,377
21,360
44,290
22,285
20,225
4,190
5,182
2,157
7,153
9,205
12,266
26,370
34,300
54,279
76,324
85,328
84,245
89,425
86,389
91,340
89,386
79,383
85,380
99,384
82,364
71,328
81,325
53,293
36,222
28,175
17,142
15,92
12,97
12,129
19,153
32,199
185
193
209
235
79,232
100,244
91,264
100,247
87,272
94,288
107,292
102,263
72,237
73,229
93,198
49,152
20,158
18,122
15,102
17,84
9,110
19,107
25,146
27,170
35,171
45,164
69,206
83,199
105,185
87,265
96,234
86,235
90,260
112,282
103,251
236
240
215
167
184
143
114
110
84
83
112
133
144
151
163
164
188
235
209
224
244
239
91,254
80,227
94,250
107,238
77,234
57,192
44,145
29,125
14,82
8,67
4,73
13,86
9,93
13,142
19,170
40,170
60,177
74,194
85,182
95,206
84,183
88,216
81,231
189
237
226
231
181
204
159
122
107
96
93
89
87
110
140
190
186
215
189
178
196
190
231
226
239
216
234
224
219
212
193
128
122
109
87
77
76
121
165
180
184
178
153
180
164
196
222
192
215
195
206
178
185
189
136
150
121
113
97
68
86
83
125
168
168
168
189
206
212
199
208
186
203
213
216
203
166
169
159
134
129
78
97
72
102
99
155
154
190
171
183
182
182
203
208
221
209
230
226
216
225
114
127
184
213
215
192
171
214
182
205
182
225
242
254
251
226
227
253
202
160
127
91
94
91
107
124
140
204
193
167
164
144
205
214
193
205
224
228
250
260
250
206
200
169
139
122
100
103
104
109
133
183
184
179
175
182
193
194
203
234
238
234
263
235
217
204
186
163
109
97
96
85
92
121
154
198
197
158
179
190
164
195
192
196
191
225
226
198
225
202
194
158
161
120
95
82
104
114
128
191
220
200
194
209
218
200
234
224
230
212
252
209
101
88
165
150
127
88
97
76
74
116
139
135
199
180
193
228
191
237
226
220
249
266
256
225
210
209
195
165
121
103
99
88
99
132
133
198
174
174
187
213
181
191
242
230
225
215
227
232
205
174
190
154
148
117
92
94
94
128
130
187
171
201
208
184
171
211
169
211
206
244
237
240
226
226
188
131
144
124
115
82
93
119
129
166
183
238
227
223
233
219
189
244
189
247
266
234
247
241
186
145
122
99
83
60
90
94
133
157
204
214
199
186
195
231
208
223
234
232
242
244
253
236
190
152
145
104
89
71
110
122
139
152
195
211
197
223
201
251
237
239
229
280
295
244
219
222
197
155
148
130
82
93
93
124
125
188
212
171
172
166
201
239
309
239
249
188
154
124
172
141
96
100
83
67
130
130
156
149
196
176
212
206
256
235
227
223
248
261
239
230
223
166
150
145
122
79
69
104
121
148
186
205
186
239
216
262
254
270
234
277
314
242
258
243
207
195
166
138
103
90
92
106
124
157
177
186
199
228
201
247
201
219
223
281
282
276
244
216
185
197
179
139
120
106
89
123
121
130
170
222
234
242
227
245
188
183
230
136
183
236
166
116
206
198
192
139
83
72
39
84
126
156
177
186
218
206
221
199
257
242
222
268
294
252
267
187
146
105
92
56
15
16
18
25
35
76
172
194
218
218
218
247
231
222
225
247
254
241
239
257
163
73
57
29
19
23
21
33
48
92
176
216
233
232
210
250
262
275
273
288
320
318
287
286
254
253
191
157
142
102
92
99
109
149
171
200
205
212
238
256
261
237
261
274
315
291
261
245
241
218
189
139
125
70
99
95
102
149
178
233
238
259
234
271
242
250
281
294
326
305
245
288
260
237
200
180
124
61
37
66
99
155
178
236
254
245
224
246
215
198
230
256
303
286
275
257
234
222
182
163
119
115
94
120
129
152
146
216
219
225
251
222
208
233
265
269
281
245
244
272
231
217
176
142
126
94
80
83
109
131
174
214
215
228
234
187
196
207
230
256
271
255
258
253
218
190
170
163
134
114
91
98
92
159
193
222
221
237
240
239
245
295
281
260
285
287
237
220
239
228
180
138
124
114
96
119
110
131
155
203
190
227
199
212
234
245
234
236
277
228
205
248
247
210
182
166
110
107
82
88
108
180
174
231
248
208
234
281
260
282
291
275
315
339
305
303
266
265
211
170
127
111
88
108
120
163
201
254
277
290
314
284
273
295
261
294
330
344
304
325
291
237
196
184
126
120
116
129
155
150
196
234
262
305
261
274
227
259
231
265
280
292
266
286
248
230
226
144
127
136
97
110
110
153
210
219
276
248
283
227
217
267
243
281
274
269
275
264
195
206
151
129
92
80
75
79
105
113
132
171
209
267
233
201
221
261
234
258
284
275
216
256
240
170
135
31
12
27
91
97
175
179
196
198
211
243
254
245
264
260
260
298
267
263
250
232
163
160
140
127
103
84
88
132
145
315
285
285
270
256
172
197
189
151
107
91
113
126
171
142
174
237
281
280
298
273
280
285
352
320
294
267
249
243
204
194
171
128
106
91
96
104
137
153
175
237
268
235
266
233
221
250
266
265
260
242
284
235
206
185
153
94
101
84
89
125
141
173
175
253
228
236
244
231
216
234
262
306
274
246
238
222
194
173
185
151
102
73
84
127
133
168
206
216
234
258
259
256
252
248
271
293
287
247
207
266
216
219
162
120
99
85
104
108
162
167
212
238
262
208
269
252
259
241
285
287
304
252
223
224
198
189
153
125
101
79
93
111
138
163
199
217
243
255
247
241
210
222
269
299
218
168
181
139
86
80
78
82
102
82
85
99
167
206
283
274
226
209
197
85
63
43
51
36
42
101
109
149
148
179
207
229
264
236
230
238
253
254
292
251
232
237
228
161
183
62
47
31
26
51
105
137
174
187
239
248
247
249
221
196
245
271
300
303
265
267
206
226
196
136
117
85
89
75
106
119
165
206
286
253
244
267
232
282
284
286
327
301
298
288
245
238
185
177
165
121
102
110
135
165
219
253
293
291
294
270
311
285
313
313
342
298
290
335
339
288
228
155
120
121
51
100
102
145
142
176
230
281
249
298
274
260
294
321
308
302
242
200
256
201
213
167
151
111
91
87
106
148
187
225
232
262
235
276
260
272
261
292
316
244
245
246
202
217
170
139
126
111
96
115
112
153
177
202
231
262
253
279
271
281
280
292
300
282
282
248
246
229
197
182
137
108
106
100
131
130
181
207
253
278
327
289
276
311
309
321
321
334
270
291
280
218
225
148
120
88
64
94
85
136
169
193
249
244
253
278
238
269
291
326
301
302
271
292
303
204
232
201
169
135
90
99
111
149
153
226
262
244
265
296
260
285
340
317
339
291
300
299
271
211
207
172
146
100
84
86
113
163
196
216
275
287
284
233
299
323
324
351
350
313
293
294
294
238
217
200
139
142
96
91
124
162
203
239
254
286
321
338
309
326
307
337
351
330
288
215
183
180
136
136
162
112
87
104
137
155
196
255
283
286
251
256
292
292
305
321
336
329
333
302
265
257
213
187
157
128
79
118
114
155
188
216
264
248
248
241
310
319
299
333
324
309
301
284
255
263
203
176
168
112
100
99
113
148
174
243
268
283
260
239
283
326
360
357
400
348
309
262
283
193
163
168
168
112
86
108
123
174
209
216
293
272
255
256
268
276
357
366
374
258
247
210
216
204
234
229
185
140
101
118
99
136
201
238
227
265
248
304
237
317
316
330
342
324
278
248
231
245
208
185
128
109
110
123
170
210
231
275
264
300
265
332
351
357
398
395
373
361
325
299
294
293
247
195
153
126
152
142
191
239
276
311
310
311
302
360
334
397
424
431
318
291
295
264
199
267
247
186
160
126
108
133
153
214
248
277
313
313
338
392
367
405
362
409
341
357
345
330
280
231
205
213
131
18
33
4
15
31
33
38
34
39
30
40
29
16
19
144
144
130
83
69
70
92
112
135
128
127
129
154
180
226
237
213
198
256
218
211
181
153
167
183
180
57
99
69
78
62
93
97
123
111
124
157
208
252
242
184
233
238
227
169
160
151
145
100
81
55
80
61
55
78
101
157
141
140
154
174
204
248
256
225
225
219
264
256
187
181
166
169
173
121
83
62
56
79
102
138
3
26
216
203
227
249
257
241
183
155
188
157
128
103
100
62
180
132
137
127
126
140
147
196
229
271
265
259
246
256
219
188
210
200
162
135
133
139
77
21
14
84
125
126
130
82
166
179
230
206
202
199
191
176
192
195
161
157
171
164
119
100
77
69
51
92
119
129
103
117
159
201
213
188
210
200
210
200
195
188
126
134
154
117
117
76
47
60
70
99
103
111
101
110
125
153
223
203
193
159
226
225
194
144
128
107
134
111
79
73
75
52
56
70
88
125
92
47
55
155
185
204
185
195
190
228
173
171
158
129
144
132
89
80
57
69
65
94
123
110
101
97
126
158
214
210
122
218
239
247
249
151
92
36
39
25
30
26
31
47
58
116
133
141
130
134
191
202
27
43
239
156
185
219
184
177
108
129
127
129
101
95
77
65
68
102
123
128
112
99
138
169
209
229
193
226
223
212
225
167
135
150
142
121
94
99
74
59
78
112
133
127
127
127
184
257
226
237
220
202
187
232
235
209
165
138
143
138
86
13
71
93
116
137
135
133
118
187
234
270
259
263
250
233
262
225
200
141
129
157
145
108
52
46
61
63
79
94
108
145
104
152
220
234
230
261
184
222
253
230
236
194
145
169
149
115
125
96
73
93
120
172
164
44
277
285
287
250
246
246
308
278
225
171
180
183
151
92
108
84
152
104
108
183
189
170
166
214
222
279
273
271
275
242
259
253
181
163
286
229
184
151
84
126
70
111
144
138
178
128
145
186
228
289
262
230
272
282
155
3
99
108
86
73
82
133
151
134
123
148
181
229
258
296
224
202
254
296
253
209
166
233
183
106
48
126
147
12
4
39
208
7
17
6
105
290
252
281
255
244
239
224
167
153
136
132
117
96
118
84
86
111
142
148
101
42
143
141
153
127
149
172
189
245
251
237
253
254
251
221
177
90
101
87
91
84
64
84
105
114
130
133
146
159
229
214
253
230
223
238
225
95
200
158
193
190
149
127
102
86
77
87
110
75
120
119
131
172
193
225
229
232
228
273
289
165
191
144
151
182
153
116
116
60
73
87
33
212
187
232
230
202
153
122
147
180
157
117
97
85
60
94
150
130
124
118
151
167
219
227
243
234
227
251
218
234
171
125
121
163
171
128
78
69
62
73
103
115
130
115
146
169
213
224
238
244
218
225
241
207
185
129
60
88
131
127
92
83
59
108
105
105
106
104
113
136
185
231
196
224
189
212
226
176
144
149
111
118
141
99
92
82
40
55
75
93
109
89
98
129
164
191
184
169
172
237
231
112
189
231
157
126
125
94
85
64
62
145
184
172
124
128
134
165
204
236
234
193
219
234
220
216
167
111
153
163
132
115
93
94
65
70
70
97
144
112
99
157
184
233
245
199
214
96
74
67
52
92
73
107
114
97
105
154
176
227
232
185
215
225
231
197
157
132
117
236
252
100
102
68
113
104
85
169
169
125
106
141
166
195
199
189
197
189
221
237
143
138
110
125
133
127
67
51
50
93
71
94
93
133
189
228
192
205
160
172
139
98
104
62
65
94
77
79
80
86
110
137
113
126
205
112
144
172
201
210
178
184
192
187
214
184
152
144
90
158
108
64
43
44
46
83
109
114
88
103
168
212
216
221
199
215
256
257
570
236
255
254
253
254
222
184
197
198
215
242
237
220
205
249
301
301
309
281
208
196
234
230
149
140
103
137
121
101
64
87
70
95
91
112
111
107
107
157
220
221
221
242
199
209
216
198
176
126
138
168
134
115
102
66
78
62
64
108
114
98
90
144
203
218
189
203
159
178
211
218
182
160
142
18
67
65
83
75
89
95
81
94
128
176
210
185
201
169
191
215
193
161
134
79
125
151
109
88
48
49
73
100
97
91
108
114
127
170
192
215
193
122
112
144
116
86
75
62
80
97
115
111
105
107
152
199
213
205
216
220
224
192
183
154
132
104
92
137
103
67
51
61
82
87
109
90
67
65
99
128
169
174
188
212
159
206
244
175
151
126
134
150
124
87
76
54
81
99
122
138
114
93
160
200
213
223
202
179
206
235
239
202
179
141
143
161
124
125
93
44
47
91
129
110
88
76
45
154
257
227
235
212
214
237
243
184
150
151
157
137
60
80
65
41
62
95
128
116
88
107
150
201
226
220
183
190
178
194
240
198
151
146
134
158
96
59
50
51
49
77
97
99
86
107
155
201
249
211
182
210
209
235
208
165
150
130
94
49
75
102
98
104
87
67
112
156
159
171
181
165
124
152
147
124
136
140
149
128
108
67
78
60
47
66
84
83
89
90
122
172
175
198
191
195
209
207
262
169
106
95
93
151
97
87
79
56
74
77
95
101
71
107
132
194
15
124
116
116
112
121
132
124
118
156
30
7
264
286
287
294
277
277
283
290
245
217
340
308
292
231
85
89
85
76
119
151
193
169
160
156
165
213
185
201
171
150
140
160
84
55
48
37
44
53
48
82
86
82
109
168
179
167
151
151
152
167
175
149
133
108
120
113
92
103
69
48
72
68
63
77
76
89
118
179
189
193
187
187
189
201
168
161
124
146
104
95
68
78
85
81
88
83
77
115
140
133
159
130
140
138
180
66
265
275
273
263
263
255
225
212
219
199
182
178
216
237
221
272
279
309
329
310
273
295
287
223
276
289
296
295
301
252
221
199
212
233
216
264
227
231
253
264
288
311
289
305
326
276
296
323
248
268
247
281
257
228
191
211
238
198
260
271
232
236
237
256
293
308
319
310
296
271
302
309
277
269
313
308
327
189
45
6
8
7
5
2
7
2
3
2
10
96
305
164
183
159
179
127
110
105
76
67
117
120
27
108
145
166
205
212
225
242
254
257
276
231
226
231
219
237
213
202
128
59
71
76
79
104
147
188
231
275
298
327
333
331
363
312
336
282
281
225
192
119
38
61
25
22
62
74
73
109
110
126
135
162
232
268
272
272
272
284
237
208
190
184
197
175
107
86
44
56
68
87
116
148
163
153
236
299
316
245
292
229
297
304
257
261
195
172
181
146
99
83
72
57
66
78
107
159
161
182
209
243
290
269
290
238
242
258
238
211
199
172
124
158
135
112
59
54
56
67
87
128
133
149
190
231
255
284
255
247
215
264
259
246
212
199
200
175
107
63
59
69
50
93
111
131
133
138
197
239
303
290
299
235
273
262
217
217
214
195
176
173
118
73
50
39
94
105
112
128
162
170
210
246
259
285
223
175
198
228
186
93
1
152
171
226
271
316
287
298
284
297
244
230
177
166
182
184
150
103
68
42
150
130
173
132
113
109
159
205
268
287
298
283
169
154
118
162
217
203
143
185
116
71
37
42
35
42
84
131
184
177
161
210
287
274
274
179
137
116
186
247
158
116
202
165
111
90
56
50
33
42
122
79
77
109
79
108
136
161
239
272
155
47
52
61
92
86
90
142
148
179
225
240
236
212
173
188
181
196
195
193
124
124
156
145
78
49
56
61
79
97
114
90
100
101
143
187
255
234
206
188
236
247
203
159
129
121
115
74
55
43
53
52
64
86
105
94
127
121
140
219
191
215
236
178
186
216
185
136
133
105
134
91
54
39
35
53
58
82
102
109
127
151
212
258
241
220
231
204
194
223
169
180
186
301
285
122
61
46
19
50
55
70
95
119
149
174
132
140
157
142
163
185
179
193
88
23
19
47
29
99
23
9
6
19
14
12
12
14
22
22
34
41
23
32
36
52
49
39
24
59
144
172
148
113
60
49
34
34
80
96
52
18
10
20
32
21
33
27
25
29
48
41
23
83
148
160
159
89
64
50
58
46
66
98
118
114
17
15
26
24
21
35
19
21
34
31
22
31
106
150
138
95
81
60
53
33
59
60
38
58
13
22
21
22
29
17
17
27
17
31
26
26
24
60
65
64
51
41
42
47
60
78
90
111
80
178
168
214
184
119
212
200
189
155
176
109
15
29
21
15
13
110
406
144
24
24
69
93
82
130
155
160
210
190
98
27
37
24
21
116
106
49
256
340
210
140
122
105
68
48
50
66
46
38
36
49
42
54
42
9
73
241
233
203
122
202
181
184
157
115
70
56
53
54
52
68
55
22
20
18
22
25
31
27
23
24
25
31
26
24
26
14
15
15
8
9
12
12
9
19
17
15
9
18
21
27
26
39
25
37
29
35
31
17
15
22
18
13
57
24
12
125
132
124
143
175
233
226
208
178
186
223
212
133
99
104
134
113
85
77
52
46
40
49
91
89
73
124
154
176
178
195
192
185
147
181
183
158
82
76
104
115
71
28
45
41
32
52
97
98
139
125
118
139
199
191
219
130
160
213
222
175
154
107
138
102
81
68
33
39
51
100
87
87
109
123
155
210
196
243
179
153
154
150
150
147
143
148
118
86
88
44
42
29
32
34
95
54
74
59
97
122
106
117
95
127
223
254
232
190
161
135
94
94
67
32
43
31
54
81
98
124
125
130
183
206
232
252
224
233
216
209
215
196
143
120
92
95
83
59
32
20
58
42
58
82
114
140
165
191
223
222
216
206
188
178
154
116
144
44
58
57
30
26
19
20
24
36
48
59
55
51
77
75
183
225
245
185
204
187
170
108
151
114
47
34
47
28
22
16
15
36
46
67
65
44
28
49
106
93
97
104
94
94
89
87
78
63
66
50
39
23
21
25
24
32
60
62
68
57
75
87
209
229
235
182
216
223
223
194
98
54
69
45
57
26
23
27
34
49
60
71
74
67
83
84
112
119
133
93
118
111
92
84
58
68
58
55
38
30
33
50
28
73
88
108
87
95
86
127
153
209
220
139
188
165
141
167
168
156
160
122
85
55
56
45
51
65
99
101
14
41
56
102
136
168
179
151
161
201
229
261
274
220
260
254
249
246
181
162
168
140
130
78
76
84
81
115
147
169
152
144
195
246
300
269
254
274
252
279
243
236
199
199
177
139
94
63
59
35
11
144
118
158
140
146
179
234
269
260
235
244
230
257
225
203
190
153
163
134
99
66
52
48
50
66
111
153
158
162
199
229
283
257
288
232
270
264
238
207
161
148
160
130
81
61
38
40
65
87
113
114
143
142
149
222
260
267
267
246
232
265
224
194
159
165
132
92
68
58
45
48
56
72
89
129
163
150
175
254
222
270
223
251
220
229
180
158
129
111
78
83
93
62
46
44
58
63
80
87
67
102
119
160
205
190
222
172
219
225
156
164
145
132
96
133
87
66
40
49
42
55
82
94
102
93
133
162
192
189
179
195
216
208
211
192
164
143
176
131
120
72
51
38
48
81
103
116
113
154
155
189
224
210
234
187
193
207
234
191
162
163
146
143
110
84
33
40
45
81
90
105
120
143
179
205
213
237
221
177
204
235
220
172
142
139
136
124
88
60
59
39
56
76
108
102
124
126
180
222
229
243
235
180
239
250
234
162
135
117
116
117
88
63
50
47
55
68
95
134
148
132
159
440
230
213
207
211
202
220
176
135
162
138
113
89
36
60
70
74
96
128
131
173
199
244
217
201
165
226
245
198
151
154
124
155
145
95
36
38
38
43
75
95
130
157
132
163
232
244
251
212
191
224
216
202
179
115
64
72
81
34
53
38
32
28
52
90
116
99
139
159
182
174
189
186
202
181
168
172
127
119
95
114
95
87
71
54
38
38
60
102
128
141
136
175
208
222
199
234
240
242
238
219
167
174
192
187
153
127
62
32
32
42
44
109
140
157
169
187
209
273
250
253
47
40
36
47
60
82
115
148
122
136
167
159
183
203
210
237
250
207
143
162
150
127
122
81
60
59
35
47
71
74
125
140
155
180
245
246
244
197
235
242
259
197
180
153
119
110
92
96
76
42
35
42
50
68
110
135
141
176
189
205
180
182
199
205
220
173
131
128
97
103
101
126
75
57
34
58
71
100
123
120
126
164
219
219
224
206
224
216
183
161
125
128
140
84
80
84
68
44
26
51
62
71
80
111
132
135
151
174
182
179
156
151
198
148
145
89
106
99
102
72
54
29
33
43
49
67
112
99
117
135
172
190
201
178
200
213
222
199
177
175
147
159
145
88
56
37
33
36
46
99
97
127
112
144
186
186
217
166
191
209
219
167
153
148
147
150
139
124
67
35
35
41
63
95
117
60
69
96
245
263
250
203
233
252
235
199
155
147
147
156
157
127
104
52
46
36
50
107
124
134
139
173
222
203
223
187
213
222
200
195
157
137
156
139
134
81
80
41
40
39
77
118
147
164
184
202
227
237
241
207
237
258
242
211
159
183
204
198
139
96
72
48
50
8
7
144
158
206
224
264
246
217
213
223
153
14
97
133
142
139
96
51
34
29
39
65
85
102
101
110
111
181
175
171
195
168
184
198
143
113
137
108
98
122
82
50
39
26
34
46
72
116
154
145
166
216
216
225
226
209
203
204
137
143
108
140
153
128
80
55
45
42
109
78
86
110
141
140
166
192
199
182
202
235
269
266
213
179
132
142
150
150
106
75
38
31
47
66
119
137
161
155
201
223
186
233
211
240
269
264
190
128
141
137
133
126
90
52
25
41
62
80
110
127
152
172
216
226
210
209
237
260
177
136
112
99
157
137
97
65
39
25
